# Temperature (K)	Pressure (MPa)	Experimental(kJ/mol)	NIST(kJ/mol)	Model(kJ/mol)
1.300000000000000000e+02	5.000000000000000000e+00	5.667999999999999705e-01	1.141750000000000043e+00	1.533682242021372266e+00
1.400000000000000000e+02	5.000000000000000000e+00	1.150500000000000078e+00	1.720809999999999951e+00	2.115976962907603287e+00
1.500000000000000000e+02	5.000000000000000000e+00	1.758099999999999996e+00	2.320629999999999971e+00	2.728984581687024846e+00
1.600000000000000000e+02	5.000000000000000000e+00	2.397699999999999942e+00	2.951430000000000220e+00	3.369485969763449607e+00
1.700000000000000000e+02	5.000000000000000000e+00	3.089799999999999880e+00	3.633010000000000073e+00	4.009987357839869482e+00
1.800000000000000000e+02	5.000000000000000000e+00	3.888399999999999856e+00	4.414220000000000255e+00	4.650488745916290689e+00
1.850000000000000000e+02	5.000000000000000000e+00	4.368999999999999773e+00	4.888440000000000119e+00	4.970739439954503958e+00
1.900000000000000000e+02	5.000000000000000000e+00	5.034799999999999720e+00	5.535330000000000084e+00	5.290990133992716338e+00
1.500000000000000000e+02	3.200000000000000178e+00	6.100999999999999757e-01	2.303119999999999834e+00	2.721755044373006527e+00
1.600000000000000000e+02	3.200000000000000178e+00	1.269400000000000084e+00	2.953440000000000065e+00	3.362256432449426846e+00
1.700000000000000000e+02	3.200000000000000178e+00	1.997500000000000053e+00	3.676349999999999785e+00	4.002757820525855159e+00
1.750000000000000000e+02	3.200000000000000178e+00	2.435400000000000009e+00	4.092810000000000059e+00	4.323008514564064875e+00
9.981999999999999318e+01	3.400000000000000244e-01	0.000000000000000000e+00	-6.481959999999999944e-01	-4.319568882292458556e-02
1.053700000000000045e+02	3.400000000000000244e-01	2.985999999999999766e-01	-3.436589999999999923e-01	1.819372334560799276e-01
1.109300000000000068e+02	3.400000000000000244e-01	6.008999999999999897e-01	-3.555090000000000333e-02	4.622794353984029381e-01
1.164800000000000040e+02	3.400000000000000244e-01	9.069000000000000394e-01	2.755270000000000219e-01	7.641665984921830468e-01
1.220400000000000063e+02	3.400000000000000244e-01	1.216599999999999904e+00	5.913249999999999895e-01	1.066597702420368332e+00
9.981999999999999318e+01	6.899999999999999467e-01	0.000000000000000000e+00	-6.394060000000000299e-01	-4.319261529381580866e-02
1.053700000000000045e+02	6.899999999999999467e-01	2.985999999999999766e-01	-3.351299999999999835e-01	1.820449934094148237e-01
1.109300000000000068e+02	6.899999999999999467e-01	6.008999999999999897e-01	-2.734119999999999953e-02	4.620940405341169566e-01
1.164800000000000040e+02	6.899999999999999467e-01	9.069000000000000394e-01	2.833450000000000135e-01	7.635970705116178481e-01
1.220400000000000063e+02	6.899999999999999467e-01	1.216599999999999904e+00	5.986540000000000195e-01	1.065688509991731481e+00
1.275900000000000034e+02	6.899999999999999467e-01	1.533900000000000041e+00	9.182360000000000522e-01	1.376592963527083935e+00
1.331500000000000057e+02	6.899999999999999467e-01	1.858500000000000041e+00	1.244289999999999896e+00	1.700939385716747632e+00
1.387100000000000080e+02	6.899999999999999467e-01	2.190700000000000092e+00	1.577700000000000102e+00	2.025571590343659967e+00
9.981999999999999318e+01	1.030000000000000027e+00	0.000000000000000000e+00	-6.308580000000000298e-01	-4.258481711767193867e-02
1.053700000000000045e+02	1.030000000000000027e+00	2.985999999999999766e-01	-3.268320000000000114e-01	1.829239530162365956e-01
1.109300000000000068e+02	1.030000000000000027e+00	6.008999999999999897e-01	-1.934810000000000002e-02	4.632571156747532504e-01
1.164800000000000040e+02	1.030000000000000027e+00	9.031000000000000139e-01	2.909630000000000272e-01	7.647463808189842727e-01
1.220400000000000063e+02	1.030000000000000027e+00	1.212900000000000089e+00	6.058069999999999844e-01	1.066778869864378754e+00
1.275900000000000034e+02	1.030000000000000027e+00	1.530100000000000016e+00	9.248039999999999594e-01	1.377705739805016538e+00
1.331500000000000057e+02	1.030000000000000027e+00	1.854800000000000004e+00	1.250110000000000054e+00	1.701910173886582056e+00
1.387100000000000080e+02	1.030000000000000027e+00	2.186999999999999833e+00	1.582529999999999992e+00	2.026114607968147574e+00
1.442599999999999909e+02	1.030000000000000027e+00	2.537799999999999834e+00	1.923359999999999959e+00	2.410573082864779337e+00
9.981999999999999318e+01	1.379999999999999893e+00	0.000000000000000000e+00	-6.220489999999999631e-01	-2.431154548055766695e-02
1.053700000000000045e+02	1.379999999999999893e+00	2.985999999999999766e-01	-3.182760000000000034e-01	2.381668371432701659e-01
1.109300000000000068e+02	1.379999999999999893e+00	5.970999999999999641e-01	-1.110180000000000021e-02	5.145931076582074271e-01
1.164800000000000040e+02	1.379999999999999893e+00	9.031000000000000139e-01	2.988310000000000133e-01	8.076468100422687924e-01
1.220400000000000063e+02	1.379999999999999893e+00	1.212900000000000089e+00	6.132039999999999713e-01	1.102313953481104170e+00
1.275900000000000034e+02	1.379999999999999893e+00	1.530100000000000016e+00	9.316119999999999957e-01	1.413153810080938877e+00
1.331500000000000057e+02	1.379999999999999893e+00	1.854800000000000004e+00	1.256159999999999943e+00	1.744532361835670065e+00
1.387100000000000080e+02	1.379999999999999893e+00	2.186999999999999833e+00	1.587599999999999900e+00	2.078813256795156494e+00
1.442599999999999909e+02	1.379999999999999893e+00	2.533999999999999808e+00	1.927110000000000101e+00	2.413133300509120005e+00
1.498199999999999932e+02	1.379999999999999893e+00	2.884799999999999809e+00	2.278579999999999828e+00	2.749085384632421025e+00
1.553700000000000045e+02	1.379999999999999893e+00	3.250599999999999934e+00	2.644829999999999792e+00	3.084433238388591736e+00
9.981999999999999318e+01	1.719999999999999973e+00	0.000000000000000000e+00	-6.134819999999999718e-01	-2.414568401862446367e-02
1.053700000000000045e+02	1.719999999999999973e+00	2.985999999999999766e-01	-3.099520000000000053e-01	2.381671935838961807e-01
1.109300000000000068e+02	1.719999999999999973e+00	5.970999999999999641e-01	-3.073719999999999838e-03	5.145599880456576125e-01
1.164800000000000040e+02	1.719999999999999973e+00	9.031000000000000139e-01	3.064970000000000194e-01	8.076535716622547101e-01
1.220400000000000063e+02	1.719999999999999973e+00	1.212900000000000089e+00	6.204229999999999468e-01	1.103197414407270927e+00
1.275900000000000034e+02	1.719999999999999973e+00	1.530100000000000016e+00	9.382709999999999662e-01	1.415202618046612848e+00
1.331500000000000057e+02	1.719999999999999973e+00	1.854800000000000004e+00	1.262110000000000065e+00	1.746610906430231536e+00
1.387100000000000080e+02	1.719999999999999973e+00	2.186999999999999833e+00	1.592619999999999925e+00	2.080891801389721962e+00
1.442599999999999909e+02	1.719999999999999973e+00	2.530299999999999994e+00	1.930889999999999995e+00	2.415915854377014504e+00
1.498199999999999932e+02	1.719999999999999973e+00	2.881099999999999994e+00	2.280640000000000001e+00	2.751867938500311972e+00
1.553700000000000045e+02	1.719999999999999973e+00	3.239399999999999835e+00	2.644359999999999822e+00	3.087215792256482683e+00
1.609300000000000068e+02	1.719999999999999973e+00	3.627499999999999947e+00	3.029669999999999863e+00	3.423167876379782815e+00
9.981999999999999318e+01	2.069999999999999840e+00	0.000000000000000000e+00	-6.046529999999999960e-01	-2.388747151347134223e-02
1.053700000000000045e+02	2.069999999999999840e+00	2.985999999999999766e-01	-3.013700000000000268e-01	2.381713536209466853e-01
1.109300000000000068e+02	2.069999999999999840e+00	5.970999999999999641e-01	5.207960000000000193e-03	5.145258943268572471e-01
1.164800000000000040e+02	2.069999999999999840e+00	9.031000000000000139e-01	3.144129999999999980e-01	8.085630167333068830e-01
1.220400000000000063e+02	2.069999999999999840e+00	1.212900000000000089e+00	6.278860000000000552e-01	1.104106859478322100e+00
1.275900000000000034e+02	2.069999999999999840e+00	1.530100000000000016e+00	9.451709999999999834e-01	1.417311685070099081e+00
1.331500000000000057e+02	2.069999999999999840e+00	1.854800000000000004e+00	1.268289999999999917e+00	1.748750584689341192e+00
1.387100000000000080e+02	2.069999999999999840e+00	2.186999999999999833e+00	1.597869999999999902e+00	2.083483234973175335e+00
1.442599999999999909e+02	2.069999999999999840e+00	2.522800000000000153e+00	1.934919999999999973e+00	2.418780248064549721e+00
1.498199999999999932e+02	2.069999999999999840e+00	2.873600000000000154e+00	2.282970000000000166e+00	3.078874877699651069e+00
1.553700000000000045e+02	2.069999999999999840e+00	3.231899999999999995e+00	2.644239999999999924e+00	3.438525279048039618e+00
1.609300000000000068e+02	2.069999999999999840e+00	3.616299999999999848e+00	3.025700000000000056e+00	3.799273002316526426e+00
1.664799999999999898e+02	2.069999999999999840e+00	4.026799999999999713e+00	3.436409999999999965e+00	4.159371898744598006e+00
9.981999999999999318e+01	2.410000000000000142e+00	3.700000000000000164e-03	-5.960680000000000422e-01	1.460709520670289419e-01
1.053700000000000045e+02	2.410000000000000142e+00	3.023000000000000131e-01	-2.930209999999999759e-01	4.684678339281707626e-01
1.109300000000000068e+02	2.410000000000000142e+00	6.008999999999999897e-01	1.326970000000000059e-02	7.900355076884805205e-01
1.164800000000000040e+02	2.410000000000000142e+00	9.069000000000000394e-01	3.221249999999999947e-01	1.110663290778210799e+00
1.220400000000000063e+02	2.410000000000000142e+00	1.216599999999999904e+00	6.351670000000000371e-01	1.431868781585220241e+00
1.275900000000000034e+02	2.410000000000000142e+00	1.533900000000000041e+00	9.519159999999999844e-01	1.752496564674949964e+00
1.331500000000000057e+02	2.410000000000000142e+00	1.854800000000000004e+00	1.274359999999999937e+00	2.073702055481961626e+00
1.387100000000000080e+02	2.410000000000000142e+00	2.183199999999999807e+00	1.603059999999999929e+00	2.397670096368481385e+00
1.442599999999999909e+02	2.410000000000000142e+00	2.519099999999999895e+00	1.938960000000000017e+00	2.731338647322427260e+00
1.498199999999999932e+02	2.410000000000000142e+00	2.869899999999999896e+00	2.285429999999999851e+00	3.087898553061786178e+00
1.553700000000000045e+02	2.410000000000000142e+00	3.224499999999999922e+00	2.644439999999999902e+00	3.447522413982256229e+00
1.609300000000000068e+02	2.410000000000000142e+00	3.608900000000000219e+00	3.022440000000000015e+00	3.808270137250744813e+00
1.664799999999999898e+02	2.410000000000000142e+00	4.004400000000000404e+00	3.427200000000000024e+00	4.168369033678816393e+00
9.981999999999999318e+01	2.759999999999999787e+00	3.700000000000000164e-03	-5.872209999999999930e-01	1.550808266107568667e-01
1.053700000000000045e+02	2.759999999999999787e+00	3.023000000000000131e-01	-2.844140000000000001e-01	4.774777084718963560e-01
1.109300000000000068e+02	2.759999999999999787e+00	6.008999999999999897e-01	2.158540000000000111e-02	7.989916245270641815e-01
1.164800000000000040e+02	2.759999999999999787e+00	9.069000000000000394e-01	3.300870000000000193e-01	1.119619407616793128e+00
1.220400000000000063e+02	2.759999999999999787e+00	1.216599999999999904e+00	6.426929999999999588e-01	1.440824898423803901e+00
1.275900000000000034e+02	2.759999999999999787e+00	1.533900000000000041e+00	9.589020000000000321e-01	1.761452681513532736e+00
1.331500000000000057e+02	2.759999999999999787e+00	1.854800000000000004e+00	1.280669999999999975e+00	2.082658172320543510e+00
1.387100000000000080e+02	2.759999999999999787e+00	2.183199999999999807e+00	1.608489999999999975e+00	2.406715691400086232e+00
1.442599999999999909e+02	2.759999999999999787e+00	2.519099999999999895e+00	1.943240000000000078e+00	2.741167131008935165e+00
1.498199999999999932e+02	2.759999999999999787e+00	2.866200000000000081e+00	2.288149999999999906e+00	3.097394989593599934e+00
1.553700000000000045e+02	2.759999999999999787e+00	3.213299999999999823e+00	2.644960000000000200e+00	3.456784170532180678e+00
1.609300000000000068e+02	2.759999999999999787e+00	3.597700000000000120e+00	3.019629999999999814e+00	3.817531893800673704e+00
1.664799999999999898e+02	2.759999999999999787e+00	3.993300000000000072e+00	3.418849999999999945e+00	4.177630790228742619e+00
1.720399999999999920e+02	2.759999999999999787e+00	4.448599999999999888e+00	3.860549999999999926e+00	4.538378513497232092e+00
9.981999999999999318e+01	3.100000000000000089e+00	3.700000000000000164e-03	-5.786179999999999657e-01	1.644430013897165976e-01
1.053700000000000045e+02	3.100000000000000089e+00	3.023000000000000131e-01	-2.760409999999999808e-01	4.867733273200213762e-01
1.109300000000000068e+02	3.100000000000000089e+00	6.008999999999999897e-01	2.967950000000000102e-02	7.128583157601273701e-01
1.164800000000000040e+02	3.100000000000000089e+00	9.069000000000000394e-01	3.378430000000000044e-01	1.012046726840508004e+00
1.220400000000000063e+02	3.100000000000000089e+00	1.216599999999999904e+00	6.500340000000000007e-01	1.328069052234186254e+00
1.275900000000000034e+02	3.100000000000000089e+00	1.533900000000000041e+00	9.657289999999999486e-01	1.648868968172031879e+00
1.331500000000000057e+02	3.100000000000000089e+00	1.854800000000000004e+00	1.286850000000000049e+00	1.972873712090572829e+00
1.387100000000000080e+02	3.100000000000000089e+00	2.183199999999999807e+00	1.613850000000000007e+00	2.298452277676644506e+00
1.442599999999999909e+02	3.100000000000000089e+00	2.519099999999999895e+00	1.947519999999999918e+00	2.626524037249149401e+00
1.498199999999999932e+02	3.100000000000000089e+00	2.866200000000000081e+00	2.290970000000000173e+00	2.980740504711627104e+00
1.553700000000000045e+02	3.100000000000000089e+00	3.213299999999999823e+00	2.645750000000000046e+00	3.350391181711454003e+00
1.609300000000000068e+02	3.100000000000000089e+00	3.590199999999999836e+00	3.017389999999999795e+00	3.723128127236100759e+00
1.664799999999999898e+02	3.100000000000000089e+00	3.985799999999999788e+00	3.411709999999999798e+00	4.096105841430801142e+00
1.720399999999999920e+02	3.100000000000000089e+00	4.415000000000000036e+00	3.844079999999999941e+00	4.470397152558365228e+00
1.775900000000000034e+02	3.100000000000000089e+00	4.918800000000000061e+00	4.348790000000000155e+00	4.844041538298870186e+00
9.981999999999999318e+01	3.450000000000000178e+00	7.499999999999999722e-03	-5.697529999999999539e-01	1.225662036820078793e-01
1.053700000000000045e+02	3.450000000000000178e+00	3.059999999999999942e-01	-2.674099999999999810e-01	4.193702166211144555e-01
1.109300000000000068e+02	3.450000000000000178e+00	6.046000000000000263e-01	3.802799999999999930e-02	7.170569286049744973e-01
1.164800000000000040e+02	3.450000000000000178e+00	9.105999999999999650e-01	3.458490000000000175e-01	1.015833741290495418e+00
1.220400000000000063e+02	3.450000000000000178e+00	1.220399999999999929e+00	6.576199999999999823e-01	1.331051537398483697e+00
1.275900000000000034e+02	3.450000000000000178e+00	1.537600000000000078e+00	9.727970000000000228e-01	1.651465108303916907e+00
1.331500000000000057e+02	3.450000000000000178e+00	1.858500000000000041e+00	1.293260000000000076e+00	1.974779594366584456e+00
1.387100000000000080e+02	3.450000000000000178e+00	2.179499999999999993e+00	1.619439999999999991e+00	2.300308282954386385e+00
1.442599999999999909e+02	3.450000000000000178e+00	2.515400000000000080e+00	1.952029999999999932e+00	2.629723701478604347e+00
1.498199999999999932e+02	3.450000000000000178e+00	2.854999999999999982e+00	2.294049999999999923e+00	2.985522878525061152e+00
1.553700000000000045e+02	3.450000000000000178e+00	3.198300000000000143e+00	2.646830000000000016e+00	3.355210518593126245e+00
1.609300000000000068e+02	3.450000000000000178e+00	3.575299999999999923e+00	3.015550000000000175e+00	3.728138613761284859e+00
1.664799999999999898e+02	3.450000000000000178e+00	3.970899999999999874e+00	3.405250000000000110e+00	4.101116937771790205e+00
1.720399999999999920e+02	3.450000000000000178e+00	4.392599999999999838e+00	3.829209999999999781e+00	4.474767294798527750e+00
1.775900000000000034e+02	3.450000000000000178e+00	4.877699999999999925e+00	4.313710000000000377e+00	4.847783255502323918e+00
9.981999999999999318e+01	3.790000000000000036e+00	1.119999999999999989e-02	-5.611329999999999929e-01	1.279296373197069681e-01
1.053700000000000045e+02	3.790000000000000036e+00	3.098000000000000198e-01	-2.590140000000000220e-01	4.245323517692211057e-01
1.109300000000000068e+02	3.790000000000000036e+00	6.082999999999999519e-01	4.615339999999999721e-02	7.218396713033909950e-01
1.164800000000000040e+02	3.790000000000000036e+00	9.143000000000000016e-01	3.536469999999999891e-01	1.019670832774572933e+00
1.220400000000000063e+02	3.790000000000000036e+00	1.224099999999999966e+00	6.650169999999999693e-01	1.334246382611290915e+00
1.275900000000000034e+02	3.790000000000000036e+00	1.537600000000000078e+00	9.797019999999999618e-01	1.234619679523703217e+00
1.331500000000000057e+02	3.790000000000000036e+00	1.858500000000000041e+00	1.299549999999999983e+00	1.527897609292128367e+00
1.387100000000000080e+02	3.790000000000000036e+00	2.179499999999999993e+00	1.624949999999999894e+00	1.821175539060551962e+00
1.442599999999999909e+02	3.790000000000000036e+00	2.511600000000000055e+00	1.956530000000000102e+00	2.120667510761629959e+00
1.498199999999999932e+02	3.790000000000000036e+00	2.847500000000000142e+00	2.297200000000000131e+00	2.435157260969204707e+00
1.553700000000000045e+02	3.790000000000000036e+00	3.194599999999999884e+00	2.648140000000000160e+00	2.749627669942074526e+00
1.609300000000000068e+02	3.790000000000000036e+00	3.564099999999999824e+00	3.014180000000000081e+00	3.064856950186802820e+00
1.664799999999999898e+02	3.790000000000000036e+00	3.955900000000000194e+00	3.399739999999999984e+00	3.379519271294399552e+00
1.720399999999999920e+02	3.790000000000000036e+00	4.373899999999999899e+00	3.816469999999999807e+00	3.694748551539126069e+00
1.775900000000000034e+02	3.790000000000000036e+00	4.847900000000000098e+00	4.285180000000000433e+00	4.009410872646721025e+00
1.831500000000000057e+02	3.790000000000000036e+00	5.437500000000000000e+00	4.882430000000000270e+00	4.324640152891450207e+00
9.981999999999999318e+01	4.139999999999999680e+00	1.490000000000000005e-02	-5.522510000000000474e-01	-6.722266102770776963e-02
1.053700000000000045e+02	4.139999999999999680e+00	3.135000000000000009e-01	-2.503589999999999982e-01	1.136197439155354483e-01
1.109300000000000068e+02	4.139999999999999680e+00	6.119999999999999885e-01	5.453340000000000271e-02	3.550194904647401284e-01
1.164800000000000040e+02	4.139999999999999680e+00	9.181000000000000272e-01	3.616949999999999887e-01	6.479593324932173548e-01
1.220400000000000063e+02	4.139999999999999680e+00	1.227800000000000002e+00	6.726609999999999534e-01	9.412372622616438367e-01
1.275900000000000034e+02	4.139999999999999680e+00	1.541299999999999892e+00	9.868489999999999762e-01	1.233987713739118863e+00
1.331500000000000057e+02	4.139999999999999680e+00	1.858500000000000041e+00	1.306079999999999908e+00	1.527265643507544235e+00
1.387100000000000080e+02	4.139999999999999680e+00	2.179499999999999993e+00	1.630689999999999973e+00	1.820543573275969162e+00
1.442599999999999909e+02	4.139999999999999680e+00	2.511600000000000055e+00	1.961270000000000069e+00	2.132772529840687437e+00
1.498199999999999932e+02	4.139999999999999680e+00	2.843799999999999883e+00	2.300600000000000200e+00	2.447295174128179873e+00
1.553700000000000045e+02	4.139999999999999680e+00	3.190900000000000070e+00	2.649729999999999919e+00	2.761957495235777049e+00
1.609300000000000068e+02	4.139999999999999680e+00	3.556599999999999984e+00	3.013170000000000126e+00	3.077186775480504011e+00
1.664799999999999898e+02	4.139999999999999680e+00	3.944700000000000095e+00	3.394789999999999974e+00	3.391849096588095414e+00
1.720399999999999920e+02	4.139999999999999680e+00	4.351499999999999702e+00	3.804860000000000131e+00	3.707078376832824596e+00
1.775900000000000034e+02	4.139999999999999680e+00	4.814300000000000246e+00	4.260069999999999801e+00	4.021740697940423992e+00
1.831500000000000057e+02	4.139999999999999680e+00	5.366600000000000037e+00	4.813410000000000188e+00	4.336969978185147845e+00
1.859300000000000068e+02	4.139999999999999680e+00	5.751000000000000334e+00	5.191939999999999777e+00	4.494584618307511548e+00
9.981999999999999318e+01	4.309999999999999609e+00	1.490000000000000005e-02	-5.479330000000000034e-01	-6.412843247049879181e-02
1.053700000000000045e+02	4.309999999999999609e+00	3.135000000000000009e-01	-2.461520000000000097e-01	1.159155230693514060e-01
1.109300000000000068e+02	4.309999999999999609e+00	6.119999999999999885e-01	5.860939999999999900e-02	3.548128613506377205e-01
1.164800000000000040e+02	4.309999999999999609e+00	9.181000000000000272e-01	3.656119999999999925e-01	6.476523776835647617e-01
1.220400000000000063e+02	4.309999999999999609e+00	1.227800000000000002e+00	6.763839999999999852e-01	9.409303074519885790e-01
1.275900000000000034e+02	4.309999999999999609e+00	1.541299999999999892e+00	9.903340000000000476e-01	1.792458126969626919e+00
1.331500000000000057e+02	4.309999999999999609e+00	1.858500000000000041e+00	1.309269999999999934e+00	2.139928434616725106e+00
1.387100000000000080e+02	4.309999999999999609e+00	2.179499999999999993e+00	1.633510000000000018e+00	2.487398742263821738e+00
1.442599999999999909e+02	4.309999999999999609e+00	2.511600000000000055e+00	1.963600000000000012e+00	2.834231840155372772e+00
1.498199999999999932e+02	4.309999999999999609e+00	2.843799999999999883e+00	2.302309999999999857e+00	3.181214710929499034e+00
1.553700000000000045e+02	4.309999999999999609e+00	3.190900000000000070e+00	2.650580000000000158e+00	3.527278006456216364e+00
1.609300000000000068e+02	4.309999999999999609e+00	3.552900000000000169e+00	3.012820000000000054e+00	3.873351317032901697e+00
1.664799999999999898e+02	4.309999999999999609e+00	3.937300000000000022e+00	3.392619999999999969e+00	4.217351411495289248e+00
1.720399999999999920e+02	4.309999999999999609e+00	4.340300000000000047e+00	3.799710000000000143e+00	4.561248950894608356e+00
1.775900000000000034e+02	4.309999999999999609e+00	4.803099999999999703e+00	4.249139999999999695e+00	4.904527969539602239e+00
1.831500000000000057e+02	4.309999999999999609e+00	5.340499999999999581e+00	4.786380000000000301e+00	5.248425508938912465e+00
1.859300000000000068e+02	4.309999999999999609e+00	5.695000000000000284e+00	5.135530000000000150e+00	5.420374278638578680e+00
9.981999999999999318e+01	4.690000000000000391e+00	2.239999999999999977e-02	-5.382749999999999480e-01	1.937849502082780728e-01
1.053700000000000045e+02	4.690000000000000391e+00	3.210000000000000075e-01	-2.367360000000000020e-01	4.930264773463507999e-01
1.109300000000000068e+02	4.690000000000000391e+00	6.195000000000000506e-01	6.773350000000000204e-02	8.115418950301442891e-01
1.164800000000000040e+02	4.690000000000000391e+00	9.254999999999999893e-01	3.743839999999999946e-01	1.130622688351435423e+00
1.220400000000000063e+02	4.690000000000000391e+00	1.235300000000000065e+00	6.847290000000000321e-01	1.462346573305853381e+00
1.275900000000000034e+02	4.690000000000000391e+00	1.545099999999999918e+00	9.981550000000000145e-01	1.808813107972247147e+00
1.331500000000000057e+02	4.690000000000000391e+00	1.858500000000000041e+00	1.316440000000000055e+00	2.156268725550661181e+00
1.387100000000000080e+02	4.690000000000000391e+00	2.179499999999999993e+00	1.639860000000000095e+00	2.503768122477039171e+00
1.442599999999999909e+02	4.690000000000000391e+00	2.511600000000000055e+00	1.968920000000000003e+00	2.850645261273793363e+00
1.498199999999999932e+02	4.690000000000000391e+00	2.843799999999999883e+00	2.306259999999999977e+00	3.197878581161756717e+00
1.553700000000000045e+02	4.690000000000000391e+00	3.187100000000000044e+00	2.652680000000000149e+00	3.543868075296066955e+00
1.609300000000000068e+02	4.690000000000000391e+00	3.541700000000000070e+00	3.012340000000000018e+00	3.890480973924309360e+00
1.664799999999999898e+02	4.690000000000000391e+00	3.918600000000000083e+00	3.388320000000000221e+00	4.236756196474957825e+00
1.720399999999999920e+02	4.690000000000000391e+00	4.321699999999999875e+00	3.789219999999999811e+00	4.584056919354208226e+00
1.775900000000000034e+02	4.690000000000000391e+00	4.773200000000000109e+00	4.227199999999999847e+00	4.930733000645546760e+00
1.831500000000000057e+02	4.690000000000000391e+00	5.280800000000000161e+00	4.735850000000000115e+00	5.278033723524798937e+00
1.859300000000000068e+02	4.690000000000000391e+00	5.575599999999999667e+00	5.044200000000000017e+00	5.450606812323699479e+00
1.887100000000000080e+02	4.690000000000000391e+00	5.978699999999999903e+00	5.445579999999999643e+00	5.623021793932766244e+00
1.905900000000000034e+02	4.690000000000000391e+00	6.441399999999999793e+00	5.926099999999999923e+00	5.739618975740333084e+00
9.981999999999999318e+01	4.830000000000000071e+00	2.610000000000000167e-02	-5.347150000000000514e-01	1.977458477869923348e-01
1.053700000000000045e+02	4.830000000000000071e+00	3.246999999999999886e-01	-2.332639999999999991e-01	4.995531314957541436e-01
1.109300000000000068e+02	4.830000000000000071e+00	6.231999999999999762e-01	7.109949999999999604e-02	5.113594905218684650e-01
1.164800000000000040e+02	4.830000000000000071e+00	9.293000000000000149e-01	3.776229999999999865e-01	7.823939056157790395e-01
1.220400000000000063e+02	4.830000000000000071e+00	1.239000000000000101e+00	6.878109999999999502e-01	1.074843289043950989e+00
1.275900000000000034e+02	4.830000000000000071e+00	1.548799999999999955e+00	1.001049999999999995e+00	1.377544056883305057e+00
1.331500000000000057e+02	4.830000000000000071e+00	1.862300000000000066e+00	1.319099999999999939e+00	1.683110858632809848e+00
1.387100000000000080e+02	4.830000000000000071e+00	2.183199999999999807e+00	1.642220000000000013e+00	1.992605983821901461e+00
1.442599999999999909e+02	4.830000000000000071e+00	2.511600000000000055e+00	1.970900000000000096e+00	2.305025277381846927e+00
1.498199999999999932e+02	4.830000000000000071e+00	2.843799999999999883e+00	2.307749999999999968e+00	2.618869872720377412e+00
1.553700000000000045e+02	4.830000000000000071e+00	3.187100000000000044e+00	2.653519999999999879e+00	2.933679954354614150e+00
1.609300000000000068e+02	4.830000000000000071e+00	3.541700000000000070e+00	3.012270000000000003e+00	3.253734902903952175e+00
1.664799999999999898e+02	4.830000000000000071e+00	3.918600000000000083e+00	3.386909999999999865e+00	3.573585477549318767e+00
1.720399999999999920e+02	4.830000000000000071e+00	4.314199999999999591e+00	3.785690000000000222e+00	3.894081326463250115e+00
1.775900000000000034e+02	4.830000000000000071e+00	4.754599999999999937e+00	4.219879999999999853e+00	4.214000743994244402e+00
1.831500000000000057e+02	4.830000000000000071e+00	5.258399999999999963e+00	4.719859999999999722e+00	4.534496592908175749e+00
1.859300000000000068e+02	4.830000000000000071e+00	5.549500000000000099e+00	5.017780000000000129e+00	4.694743842127355293e+00
1.887100000000000080e+02	4.830000000000000071e+00	5.915199999999999569e+00	5.389619999999999855e+00	4.854944275924673924e+00
1.905900000000000034e+02	4.830000000000000071e+00	6.254800000000000360e+00	5.757310000000000372e+00	4.963281259931497935e+00
9.981999999999999318e+01	5.519999999999999574e+00	4.109999999999999765e-02	-5.171459999999999946e-01	1.230913929309026822e-01
1.053700000000000045e+02	5.519999999999999574e+00	3.396000000000000130e-01	-2.161240000000000105e-01	2.878435513966035586e-01
1.109300000000000068e+02	5.519999999999999574e+00	6.381999999999999895e-01	8.772399999999999642e-02	5.231456264217273500e-01
1.164800000000000040e+02	5.519999999999999574e+00	9.405000000000000027e-01	3.936279999999999779e-01	8.019590779935364955e-01
1.220400000000000063e+02	5.519999999999999574e+00	1.246499999999999941e+00	7.030669999999999975e-01	1.096568080552916769e+00
1.275900000000000034e+02	5.519999999999999574e+00	1.556200000000000028e+00	1.015390000000000015e+00	1.395526908641311348e+00
1.331500000000000057e+02	5.519999999999999574e+00	1.866000000000000103e+00	1.332310000000000105e+00	1.699220442821639754e+00
1.387100000000000080e+02	5.519999999999999574e+00	2.186999999999999833e+00	1.654020000000000046e+00	2.007046995178003890e+00
1.442599999999999909e+02	5.519999999999999574e+00	2.511600000000000055e+00	1.980909999999999949e+00	2.316270922467614124e+00
1.498199999999999932e+02	5.519999999999999574e+00	2.843799999999999883e+00	2.315440000000000165e+00	2.631615507869570436e+00
1.553700000000000045e+02	5.519999999999999574e+00	3.187100000000000044e+00	2.658139999999999947e+00	2.948706827218686488e+00
1.609300000000000068e+02	5.519999999999999574e+00	3.541700000000000070e+00	3.012640000000000207e+00	3.266653178269137925e+00
1.664799999999999898e+02	5.519999999999999574e+00	3.911099999999999799e+00	3.381180000000000074e+00	3.586169993279139767e+00
1.720399999999999920e+02	5.519999999999999574e+00	4.299299999999999677e+00	3.770550000000000068e+00	3.906340214471639705e+00
1.775900000000000034e+02	5.519999999999999574e+00	4.721000000000000085e+00	4.188640000000000363e+00	4.225934589942574426e+00
1.831500000000000057e+02	5.519999999999999574e+00	5.183799999999999741e+00	4.655269999999999797e+00	4.546162222916714235e+00
1.859300000000000068e+02	5.519999999999999574e+00	5.437500000000000000e+00	4.918520000000000003e+00	5.029991431370731014e+00
1.887100000000000080e+02	5.519999999999999574e+00	5.736100000000000421e+00	5.216269999999999740e+00	5.197842216032289464e+00
1.905900000000000034e+02	5.519999999999999574e+00	5.974899999999999878e+00	5.449939999999999785e+00	5.311352818609172743e+00
9.981999999999999318e+01	6.209999999999999964e+00	6.339999999999999802e-02	-4.995470000000000188e-01	8.293459080028305064e-02
1.053700000000000045e+02	6.209999999999999964e+00	3.619999999999999885e-01	-1.989420000000000077e-01	3.372513743767169836e-01
1.109300000000000068e+02	6.209999999999999964e+00	6.605999999999999650e-01	1.044049999999999978e-01	6.264379107225150900e-01
1.164800000000000040e+02	6.209999999999999964e+00	9.628999999999999782e-01	4.097089999999999899e-01	9.287500050107971861e-01
1.220400000000000063e+02	6.209999999999999964e+00	1.268899999999999917e+00	7.184220000000000050e-01	1.237462684683710457e+00
1.275900000000000034e+02	6.209999999999999964e+00	1.578600000000000003e+00	1.029859999999999998e+00	1.562677428097431598e+00
1.331500000000000057e+02	6.209999999999999964e+00	1.888400000000000079e+00	1.345699999999999896e+00	1.896669911651084561e+00
1.387100000000000080e+02	6.209999999999999964e+00	2.209299999999999820e+00	1.666069999999999940e+00	2.230748788090126666e+00
1.442599999999999909e+02	6.209999999999999964e+00	2.533999999999999808e+00	1.991279999999999939e+00	2.564226803240604369e+00
1.498199999999999932e+02	6.209999999999999964e+00	2.866200000000000081e+00	2.323640000000000150e+00	2.898305679679647362e+00
1.553700000000000045e+02	6.209999999999999964e+00	3.205799999999999983e+00	2.663489999999999913e+00	3.231783694830133058e+00
1.609300000000000068e+02	6.209999999999999964e+00	3.556599999999999984e+00	3.014139999999999819e+00	3.565862571269176939e+00
1.664799999999999898e+02	6.209999999999999964e+00	3.911099999999999799e+00	3.377289999999999903e+00	3.899340586419659971e+00
1.720399999999999920e+02	6.209999999999999964e+00	4.288100000000000023e+00	3.758640000000000203e+00	4.233419462858703852e+00
1.775900000000000034e+02	6.209999999999999964e+00	4.698599999999999888e+00	4.163870000000000182e+00	4.566897478009185996e+00
1.831500000000000057e+02	6.209999999999999964e+00	5.146399999999999864e+00	4.606969999999999565e+00	4.900976354448225436e+00
1.859300000000000068e+02	6.209999999999999964e+00	5.385299999999999976e+00	4.849599999999999689e+00	5.068292321026209635e+00
1.887100000000000080e+02	6.209999999999999964e+00	5.657700000000000173e+00	5.113389999999999880e+00	5.235895601537980504e+00
1.905900000000000034e+02	6.209999999999999964e+00	5.851799999999999891e+00	5.308639999999999581e+00	5.349246040418133674e+00
9.981999999999999318e+01	6.889999999999999680e+00	8.959999999999999909e-02	-4.821719999999999895e-01	1.631883171350264339e-01
1.053700000000000045e+02	6.889999999999999680e+00	3.881000000000000005e-01	-1.819689999999999919e-01	4.059284887140492404e-01
1.109300000000000068e+02	6.889999999999999680e+00	6.866999999999999771e-01	1.208980000000000055e-01	6.821886462622477332e-01
1.164800000000000040e+02	6.889999999999999680e+00	9.889999999999999902e-01	4.256280000000000063e-01	9.759904524986460217e-01
1.220400000000000063e+02	6.889999999999999680e+00	1.294999999999999929e+00	7.336500000000000243e-01	1.279308706069219426e+00
1.275900000000000034e+02	6.889999999999999680e+00	1.600999999999999979e+00	1.044259999999999966e+00	1.605385266232584485e+00
1.331500000000000057e+02	6.889999999999999680e+00	1.910800000000000054e+00	1.359070000000000000e+00	1.938871768809988350e+00
1.387100000000000080e+02	6.889999999999999680e+00	2.228000000000000203e+00	1.678180000000000005e+00	2.272795504798105437e+00
1.442599999999999909e+02	6.889999999999999680e+00	2.552700000000000191e+00	2.001809999999999867e+00	2.606273519948587136e+00
1.498199999999999932e+02	6.889999999999999680e+00	2.881099999999999994e+00	2.332160000000000011e+00	2.940352396387630574e+00
1.553700000000000045e+02	6.889999999999999680e+00	3.220699999999999896e+00	2.669420000000000126e+00	3.273830411538112717e+00
1.609300000000000068e+02	6.889999999999999680e+00	3.567800000000000082e+00	3.016610000000000014e+00	3.371748602950366713e+00
1.664799999999999898e+02	6.889999999999999680e+00	3.922299999999999898e+00	3.375010000000000066e+00	3.707399280421052268e+00
1.720399999999999920e+02	6.889999999999999680e+00	4.288100000000000023e+00	3.749519999999999964e+00	4.043654733887179553e+00
1.775900000000000034e+02	6.889999999999999680e+00	4.687400000000000233e+00	4.144300000000000317e+00	4.380060590979811153e+00
1.831500000000000057e+02	6.889999999999999680e+00	5.120300000000000296e+00	4.569829999999999615e+00	4.717635578436310873e+00
1.859300000000000068e+02	6.889999999999999680e+00	5.351700000000000124e+00	4.798549999999999649e+00	4.886731947808962140e+00
1.887100000000000080e+02	6.889999999999999680e+00	5.601700000000000124e+00	5.042040000000000077e+00	5.055889802629628171e+00
1.905900000000000034e+02	6.889999999999999680e+00	5.780899999999999928e+00	5.217520000000000380e+00	5.170291459362307940e+00
9.981999999999999318e+01	8.269999999999999574e+00	1.605000000000000038e-01	-4.468239999999999990e-01	5.435635009806458195e-02
1.053700000000000045e+02	8.269999999999999574e+00	4.590000000000000191e-01	-1.474070000000000102e-01	3.101194994495378721e-01
1.109300000000000068e+02	8.269999999999999574e+00	7.576000000000000512e-01	1.545239999999999947e-01	6.003366834877426061e-01
1.164800000000000040e+02	8.269999999999999574e+00	1.056200000000000028e+00	4.581399999999999917e-01	8.900911118479054585e-01
1.220400000000000063e+02	8.269999999999999574e+00	1.358500000000000041e+00	7.648249999999999771e-01	1.180274756698917571e+00
1.275900000000000034e+02	8.269999999999999574e+00	1.664500000000000091e+00	1.073819999999999997e+00	1.471556609379306213e+00
1.331500000000000057e+02	8.269999999999999574e+00	1.974199999999999955e+00	1.386689999999999978e+00	1.772152390919863763e+00
1.387100000000000080e+02	8.269999999999999574e+00	2.291500000000000092e+00	1.703410000000000091e+00	2.081443645659677433e+00
1.442599999999999909e+02	8.269999999999999574e+00	2.612400000000000055e+00	2.024080000000000101e+00	2.408730289733590713e+00
1.498199999999999932e+02	8.269999999999999574e+00	2.937100000000000044e+00	2.350709999999999855e+00	2.740346321498792204e+00
1.553700000000000045e+02	8.269999999999999574e+00	3.269200000000000106e+00	2.683230000000000004e+00	3.073437392654633893e+00
1.609300000000000068e+02	8.269999999999999574e+00	3.608900000000000219e+00	3.024230000000000196e+00	3.407156802640027848e+00
1.664799999999999898e+02	8.269999999999999574e+00	3.959700000000000220e+00	3.374350000000000183e+00	3.740275997859257906e+00
1.720399999999999920e+02	8.269999999999999574e+00	4.317899999999999849e+00	3.737369999999999859e+00	4.074121151495512905e+00
1.775900000000000034e+02	8.269999999999999574e+00	4.691099999999999604e+00	4.115529999999999688e+00	4.407844774123808484e+00
1.831500000000000057e+02	8.269999999999999574e+00	5.097900000000000098e+00	4.515399999999999636e+00	4.742398069853782872e+00
1.859300000000000068e+02	8.269999999999999574e+00	5.306899999999999729e+00	4.725570000000000270e+00	4.910290656729880077e+00
1.887100000000000080e+02	8.269999999999999574e+00	5.527099999999999902e+00	4.944340000000000401e+00	5.078418383462945052e+00
1.905900000000000034e+02	8.269999999999999574e+00	5.680100000000000371e+00	5.098069999999999879e+00	5.192116270606168094e+00
9.981999999999999318e+01	1.033999999999999986e+01	2.575000000000000067e-01	-3.935960000000000014e-01	9.568317352276445309e-02
1.053700000000000045e+02	1.033999999999999986e+01	5.561000000000000387e-01	-9.528749999999999720e-02	3.741188874414757004e-01
1.109300000000000068e+02	1.033999999999999986e+01	8.546000000000000263e-01	2.053280000000000105e-01	6.636511081939052703e-01
1.164800000000000040e+02	1.033999999999999986e+01	1.153200000000000003e+00	5.073889999999999789e-01	9.528407503814494417e-01
1.220400000000000063e+02	1.033999999999999986e+01	1.455500000000000016e+00	8.122209999999999708e-01	1.242551454987347537e+00
1.275900000000000034e+02	1.033999999999999986e+01	1.757800000000000029e+00	1.119010000000000060e+00	1.537547989387481273e+00
1.331500000000000057e+02	1.033999999999999986e+01	2.067499999999999893e+00	1.429219999999999935e+00	2.161994815484427068e+00
1.387100000000000080e+02	1.033999999999999986e+01	2.380999999999999783e+00	1.742720000000000047e+00	2.509443794451149845e+00
1.442599999999999909e+02	1.033999999999999986e+01	2.698199999999999932e+00	2.059470000000000134e+00	2.856267865182319898e+00
1.498199999999999932e+02	1.033999999999999986e+01	3.019200000000000106e+00	2.381270000000000220e+00	3.203896028484757519e+00
1.553700000000000045e+02	1.033999999999999986e+01	3.347599999999999909e+00	2.707739999999999814e+00	3.552930515067485917e+00
1.609300000000000068e+02	1.033999999999999986e+01	3.679800000000000182e+00	3.041059999999999874e+00	3.903239753811885482e+00
1.664799999999999898e+02	1.033999999999999986e+01	4.019400000000000084e+00	3.381279999999999841e+00	4.252918939968616918e+00
1.720399999999999920e+02	1.033999999999999986e+01	4.366500000000000270e+00	3.731189999999999785e+00	4.604819521702187224e+00
1.775900000000000034e+02	1.033999999999999986e+01	4.724700000000000344e+00	4.091569999999999929e+00	4.957885586500836439e+00
1.831500000000000057e+02	1.033999999999999986e+01	5.097900000000000098e+00	4.466389999999999638e+00	5.312410314281929224e+00
1.859300000000000068e+02	1.033999999999999986e+01	5.284500000000000419e+00	4.660040000000000404e+00	5.489672678172476949e+00
1.887100000000000080e+02	1.033999999999999986e+01	5.489799999999999791e+00	4.858559999999999768e+00	5.666935042063024675e+00
1.905900000000000034e+02	1.033999999999999986e+01	5.620400000000000063e+00	4.995890000000000164e+00	5.786534554217489301e+00
9.981999999999999318e+01	1.378999999999999915e+01	3.544999999999999818e-01	-3.043810000000000127e-01	5.819824679697616077e-01
1.053700000000000045e+02	1.378999999999999915e+01	6.531000000000000139e-01	-7.755609999999999588e-03	8.499326003683111974e-01
1.109300000000000068e+02	1.378999999999999915e+01	9.516999999999999904e-01	2.908789999999999987e-01	1.131305074346953710e+00
1.164800000000000040e+02	1.378999999999999915e+01	1.250199999999999978e+00	5.906150000000000011e-01	1.415551559084265332e+00
1.220400000000000063e+02	1.378999999999999915e+01	1.552499999999999991e+00	8.927070000000000283e-01	1.721038215909649560e+00
1.275900000000000034e+02	1.378999999999999915e+01	1.854800000000000004e+00	1.196269999999999945e+00	2.038903524233502740e+00
1.331500000000000057e+02	1.378999999999999915e+01	2.160800000000000054e+00	1.502639999999999976e+00	2.376215840591308304e+00
1.387100000000000080e+02	1.378999999999999915e+01	2.466899999999999871e+00	1.811579999999999968e+00	2.715592862710737077e+00
1.442599999999999909e+02	1.378999999999999915e+01	2.776600000000000179e+00	2.122869999999999813e+00	3.059156829874885464e+00
1.498199999999999932e+02	1.378999999999999915e+01	3.090100000000000069e+00	2.438070000000000181e+00	3.404408905348280001e+00
1.553700000000000045e+02	1.378999999999999915e+01	3.407300000000000217e+00	2.756530000000000147e+00	3.749040023851392789e+00
1.609300000000000068e+02	1.378999999999999915e+01	3.728299999999999947e+00	3.080010000000000137e+00	4.094292099324784218e+00
1.664799999999999898e+02	1.378999999999999915e+01	4.056700000000000195e+00	3.408030000000000115e+00	4.440258503593807582e+00
1.720399999999999920e+02	1.378999999999999915e+01	4.392599999999999838e+00	3.742589999999999861e+00	4.787052080087213390e+00
1.775900000000000034e+02	1.378999999999999915e+01	4.732199999999999740e+00	4.083459999999999646e+00	5.133221927126500717e+00
1.831500000000000057e+02	1.378999999999999915e+01	5.079299999999999926e+00	4.432979999999999698e+00	5.480115630638433544e+00
1.859300000000000068e+02	1.378999999999999915e+01	5.258399999999999963e+00	4.611159999999999926e+00	5.653606976058279443e+00
1.887100000000000080e+02	1.378999999999999915e+01	5.437500000000000000e+00	4.791850000000000165e+00	5.827098321478120901e+00
1.905900000000000034e+02	1.378999999999999915e+01	5.560699999999999754e+00	4.915569999999999773e+00	5.944286732061181411e+00
