# Temperature (K)	Pressure (MPa)	Experimental(m3/kg)	NIST(m3/kg)	Model(m3/kg)
2.528329999999999984e+02	4.589699999999999669e+00	2.352697824479139943e-02	2.444059999999999983e-02	1.848386145600766639e-02
2.033990000000000009e+02	4.855900000000000105e+00	2.453817438141960017e-02	1.330970000000000070e-02	1.911018385034285449e-02
2.733799999999999955e+02	5.105800000000000338e+00	2.447363572696580059e-02	2.446169999999999942e-02	2.132435841496513329e-02
2.085740000000000123e+02	6.027000000000000135e+00	9.648704561066100832e-03	9.682480000000000253e-03	6.867015580332876991e-03
2.232340000000000089e+02	7.234600000000000364e+00	9.655129957856100134e-03	9.669540000000000773e-03	-6.790252616748668202e-02
2.344399999999999977e+02	8.143299999999999983e+00	9.659917205236000573e-03	9.668740000000000320e-03	-4.176699478342649208e-03
2.437330000000000041e+02	8.891299999999999315e+00	9.664559380367199193e-03	9.667989999999999570e-03	-1.613801400334466396e-02
2.437729999999999961e+02	8.893900000000000361e+00	9.664559380367199193e-03	9.668909999999999311e-03	1.176890222313992096e-02
2.513760000000000048e+02	9.501799999999999358e+00	9.668306321181199467e-03	9.669409999999999811e-03	5.680518693930824980e-03
2.621899999999999977e+02	1.035050000000000026e+01	9.672956564710599378e-03	9.683419999999999875e-03	1.310316345002222882e-02
2.721549999999999727e+02	1.114780000000000015e+01	9.677611283723099728e-03	9.673460000000000045e-03	1.004975481569092555e-02
2.721850000000000023e+02	1.114939999999999998e+01	9.677611283723099728e-03	9.674260000000000498e-03	7.368388344662257956e-03
1.910320000000000107e+02	4.614499999999999602e+00	8.618092043360300533e-03	8.485799999999999940e-03	3.477498987007183323e-03
1.933249999999999886e+02	4.833599999999999675e+00	8.621071360538799452e-03	8.702980000000000785e-03	-2.570861904860588520e-02
1.977369999999999948e+02	5.272199999999999775e+00	8.622502164592900711e-03	8.674730000000000288e-03	1.254445406643459049e-02
2.027529999999999859e+02	5.762699999999999712e+00	8.624768575897100512e-03	8.657579999999999790e-03	9.244131787189246996e-03
2.032239999999999895e+02	6.290899999999999714e+00	8.627036178960000717e-03	6.701050000000000062e-03	8.602293299385721514e-03
2.121649999999999920e+02	6.668899999999999828e+00	8.628468963776699321e-03	8.642459999999999379e-03	1.310582229468776339e-02
2.171359999999999957e+02	7.142100000000000115e+00	8.630738513306899368e-03	8.640099999999999517e-03	2.218067866615876238e-02
2.229259999999999877e+02	7.690900000000000070e+00	8.632889714454000663e-03	8.637459999999999583e-03	9.965616241799049591e-03
2.300500000000000114e+02	8.361399999999999721e+00	8.635879273447499838e-03	8.637680000000000011e-03	7.347863401412383852e-03
2.373360000000000127e+02	9.043200000000000571e+00	8.638870903719500158e-03	8.639020000000000726e-03	6.604122800862484433e-03
2.427090000000000032e+02	9.543400000000000105e+00	8.641145929322000679e-03	8.640800000000000564e-03	1.033111929035049337e-02
2.484439999999999884e+02	1.007569999999999943e+01	8.643422153485099194e-03	8.642449999999999438e-03	1.305051255251855891e-02
2.501939999999999884e+02	1.023760000000000048e+01	8.644141210275799528e-03	8.643150000000000485e-03	1.010750339316285329e-02
2.534449999999999932e+02	1.053780000000000072e+01	8.645579682832400456e-03	8.644580000000000666e-03	6.162857896041457062e-03
2.536419999999999959e+02	1.101720000000000077e+01	8.647858243754200439e-03	8.185619999999999355e-03	1.034364816233299122e-02
2.630500000000000114e+02	1.142290000000000028e+01	8.649417951258000711e-03	8.647449999999999234e-03	7.553651927137451649e-03
2.683009999999999877e+02	1.190489999999999959e+01	8.651578475301799701e-03	8.649070000000000022e-03	-1.006722797015938142e-02
2.731709999999999923e+02	1.236040000000000028e+01	8.653860199726899280e-03	8.642830000000000651e-03	1.101922367396099278e-02
1.910320000000000107e+02	4.657899999999999707e+00	6.896170484809599661e-03	7.105710000000000325e-03	6.529608714098786293e-03
1.915509999999999877e+02	4.731799999999999784e+00	6.337718781221099960e-03	6.773580000000000399e-03	-1.655713328080268831e-02
1.929379999999999882e+02	4.928200000000000358e+00	6.338105368922800423e-03	6.510540000000000424e-03	3.091720545886442184e-02
1.952429999999999950e+02	5.256300000000000416e+00	6.338943137423299831e-03	6.402309999999999598e-03	7.391686278205245042e-03
1.975620000000000118e+02	5.586999999999999744e+00	6.339329874510400177e-03	6.373979999999999577e-03	2.242531825660809552e-05
2.004110000000000014e+02	5.997700000000000031e+00	6.340103490269999656e-03	6.347359999999999808e-03	2.135056131721414438e-02
2.028290000000000077e+02	6.341700000000000337e+00	6.340941787110699647e-03	6.352759999999999831e-03	1.916803730089004787e-03
2.063700000000000045e+02	6.850299999999999834e+00	6.342167389026799607e-03	6.348290000000000356e-03	6.290590435120564997e-03
2.135029999999999859e+02	7.877100000000000435e+00	6.344168072745699945e-03	6.344289999999999825e-03	1.414208737221214762e-03
2.236469999999999914e+02	9.338900000000000645e+00	6.347397643135000399e-03	6.344400000000000039e-03	9.457716227742142545e-03
2.363979999999999961e+02	1.117670000000000030e+01	6.351406879813399631e-03	6.346700000000000258e-03	4.861921415940190228e-03
2.481469999999999914e+02	1.286739999999999995e+01	6.354643826280499848e-03	6.349719999999999670e-03	9.970878618156514550e-03
2.551630000000000109e+02	1.387490000000000023e+01	6.357041291602199759e-03	6.351769999999999639e-03	1.725346944995245768e-02
2.731669999999999732e+02	1.645039999999999836e+01	6.362296117039699904e-03	6.357650000000000280e-03	6.913531486076221477e-03
1.910320000000000107e+02	4.660700000000000287e+00	6.102777063820600048e-03	6.902509999999999722e-03	9.522441197575920446e-03
1.910399999999999920e+02	4.661800000000000388e+00	6.104509992447900053e-03	6.899169999999999608e-03	7.805104619370098820e-03
1.912290000000000134e+02	4.690000000000000391e+00	6.104509992447900053e-03	6.674470000000000056e-03	1.026404422712433318e-02
1.914279999999999973e+02	4.718799999999999883e+00	6.104509992447900053e-03	6.565510000000000096e-03	3.791632000128733471e-02
1.918199999999999932e+02	4.776200000000000223e+00	6.104509992447900053e-03	6.410240000000000209e-03	1.639942082081029262e-02
1.920759999999999934e+02	4.813100000000000378e+00	6.104509992447900053e-03	6.374109999999999672e-03	1.536674418806762907e-02
1.935219999999999914e+02	5.026299999999999990e+00	6.105287142033200345e-03	6.219739999999999644e-03	7.385513875830113095e-03
1.951579999999999870e+02	5.269999999999999574e+00	6.105645893199600042e-03	6.160370000000000082e-03	5.131166439018924885e-03
1.979259999999999877e+02	5.683600000000000207e+00	6.106423332047500319e-03	6.131550000000000368e-03	6.354352085276203377e-03
2.005749999999999886e+02	6.081400000000000361e+00	6.107141143653499644e-03	6.120819999999999907e-03	7.931246736690031329e-03
2.040370000000000061e+02	6.603600000000000136e+00	6.108278023893800104e-03	6.114080000000000036e-03	1.052817720544829694e-02
2.078549999999999898e+02	7.179899999999999949e+00	6.109355458844700423e-03	6.113999999999999643e-03	4.876378241780124356e-03
2.078549999999999898e+02	7.183300000000000018e+00	6.109355458844700423e-03	6.107569999999999666e-03	7.527756707029395478e-02
2.130440000000000111e+02	7.969100000000000072e+00	6.110852526991499868e-03	6.109769999999999611e-03	8.132100188913415906e-03
2.333859999999999957e+02	1.106879999999999953e+01	6.116848143764099834e-03	6.111720000000000173e-03	4.032231540158165428e-03
2.528870000000000005e+02	1.403870000000000040e+01	6.122434635602099981e-03	6.117189999999999780e-03	7.650931357612966721e-03
2.730160000000000196e+02	1.709250000000000114e+01	6.128453012501099834e-03	6.123110000000000185e-03	6.172878418098715070e-03
2.730579999999999927e+02	1.709669999999999845e+01	6.128453012501099834e-03	6.123840000000000186e-03	9.105298184097998515e-03
1.910320000000000107e+02	4.664299999999999891e+00	5.587293618224500359e-03	6.543949999999999767e-03	9.604522280914629118e-03
1.918480000000000132e+02	4.798300000000000232e+00	5.589247164848700107e-03	5.710670000000000156e-03	3.294194430102370674e-04
1.918729999999999905e+02	4.800900000000000389e+00	5.589247164848700107e-03	5.747290000000000385e-03	9.183941884579965853e-03
1.932479999999999905e+02	5.024799999999999933e+00	5.589547831739399841e-03	5.659830000000000243e-03	4.525216706609092032e-02
1.951100000000000136e+02	5.333999999999999631e+00	5.589848530979900365e-03	5.623040000000000156e-03	6.898163503779863870e-04
1.973000000000000114e+02	5.699200000000000266e+00	5.590600420645699953e-03	5.615829999999999607e-03	1.038437467920456242e-02
1.992160000000000082e+02	6.022800000000000153e+00	5.591101792806900221e-03	5.607159999999999922e-03	-2.611447070267108872e-02
2.009010000000000105e+02	6.309199999999999697e+00	5.591402659271100042e-03	5.601779999999999780e-03	-9.516183300185665495e-03
2.030639999999999930e+02	6.678200000000000358e+00	5.592054647705299933e-03	5.598460000000000415e-03	7.881229991531735202e-03
2.075639999999999930e+02	7.451600000000000001e+00	5.593308899075199667e-03	5.595140000000000183e-03	2.398519288536954397e-02
2.131970000000000027e+02	8.426600000000000534e+00	5.594864952380600338e-03	5.594580000000000039e-03	2.154115924267058224e-02
2.132040000000000077e+02	8.428200000000000358e+00	5.594864952380600338e-03	5.594189999999999753e-03	-3.963948991615590112e-04
2.132119999999999891e+02	8.429299999999999571e+00	5.594864952380600338e-03	5.594479999999999766e-03	1.585432069200692906e-02
2.231839999999999975e+02	1.016600000000000037e+01	5.597678083131100123e-03	5.595720000000000208e-03	1.884234347051844116e-03
2.331610000000000014e+02	1.191220000000000034e+01	5.600192198596199745e-03	5.596740000000000222e-03	1.230552343755977884e-02
2.431370000000000005e+02	1.366009999999999991e+01	5.603010690387500055e-03	5.598670000000000035e-03	-1.343447334310807206e-02
2.531529999999999916e+02	1.541230000000000011e+01	5.605529599337500356e-03	5.601720000000000137e-03	6.575906749215182368e-03
2.631240000000000236e+02	1.715540000000000020e+01	5.608353467509199705e-03	5.604429999999999655e-03	4.827336225023473593e-04
2.730919999999999845e+02	1.889770000000000039e+01	5.610877183666400023e-03	5.606380000000000217e-03	4.887238995574832989e-03
2.731499999999999773e+02	1.889270000000000138e+01	5.610877183666400023e-03	5.610150000000000380e-03	7.868313297213880286e-03
1.910320000000000107e+02	4.670099999999999696e+00	5.298398828112799858e-03	5.798049999999999905e-03	-3.265432690008479577e-02
1.924979999999999905e+02	4.929499999999999993e+00	5.300245666386599851e-03	5.347700000000000370e-03	8.418150262519939059e-03
1.958400000000000034e+02	5.525599999999999845e+00	5.301056880191799825e-03	5.317020000000000426e-03	1.930356024542972948e-03
1.981819999999999879e+02	5.951100000000000279e+00	5.301642911277100294e-03	5.310490000000000176e-03	7.511618795939339899e-03
2.034339999999999975e+02	6.919200000000000017e+00	5.303040893042200270e-03	5.305200000000000367e-03	7.667808406132486931e-03
2.120339999999999918e+02	8.530799999999999272e+00	5.305297256548000343e-03	5.305319999999999654e-03	9.582430398228022894e-03
2.120349999999999966e+02	8.531000000000000583e+00	5.305297256548000343e-03	5.305309999999999714e-03	-5.553493128368780507e-04
2.226320000000000050e+02	1.054069999999999929e+01	5.308097815333400089e-03	5.306769999999999717e-03	-2.889800433996336793e-03
2.334019999999999868e+02	1.259559999999999924e+01	5.310629894873899678e-03	5.308430000000000266e-03	-1.630072916222136126e-03
2.334029999999999916e+02	1.259730000000000061e+01	5.310629894873899678e-03	5.307820000000000420e-03	5.718422483940881207e-03
2.370329999999999870e+02	1.329219999999999935e+01	5.311761067638400002e-03	5.308150000000000195e-03	1.285964228596458980e-02
2.370339999999999918e+02	1.329199999999999982e+01	5.311761067638400002e-03	5.308290000000000231e-03	5.764175736249569845e-03
2.433779999999999859e+02	1.450530000000000008e+01	5.313481373442200013e-03	5.309649999999999960e-03	-1.793157985325954940e-02
2.433810000000000002e+02	1.450500000000000078e+01	5.313481373442200013e-03	5.309939999999999972e-03	6.112675402832529192e-03
2.532839999999999918e+02	1.639870000000000161e+01	5.315701308021799840e-03	5.312260000000000072e-03	3.899138898467824355e-03
2.634490000000000123e+02	1.834019999999999939e+01	5.318558236723399703e-03	5.314850000000000303e-03	1.668096179676645252e-02
2.683000000000000114e+02	1.926829999999999998e+01	5.319692789869200425e-03	5.315489999999999972e-03	1.239437564139314607e-02
2.683000000000000114e+02	1.926780000000000115e+01	5.319692789869200425e-03	5.315600000000000186e-03	6.874721548996154397e-03
2.726940000000000168e+02	2.010500000000000043e+01	5.320827827163299856e-03	5.316780000000000117e-03	-9.098219743464458498e-02
2.726949999999999932e+02	2.010490000000000066e+01	5.320827827163299856e-03	5.316839999999999761e-03	8.585838275200423364e-03
2.726979999999999791e+02	2.010460000000000136e+01	5.320827827163299856e-03	5.317020000000000426e-03	7.900170481022289470e-03
1.910320000000000107e+02	4.724700000000000344e+00	4.845085653846699716e-03	4.896710000000000299e-03	5.508731516773376913e-03
1.914540000000000077e+02	4.809700000000000308e+00	4.923097669767900406e-03	4.885709999999999706e-03	3.591300558781221341e-03
1.923969999999999914e+02	4.996900000000000119e+00	4.846780661655300179e-03	4.885620000000000240e-03	1.087146840862157626e-02
1.965049999999999955e+02	5.852100000000000080e+00	4.924303120008900053e-03	4.858249999999999721e-03	6.896635860640472002e-03
2.035730000000000075e+02	7.364200000000000301e+00	4.849344258091199678e-03	4.852839999999999758e-03	7.410245983179747364e-02
2.092949999999999875e+02	8.611000000000000654e+00	4.850778037632799689e-03	4.853109999999999889e-03	8.089247070355090607e-03
2.186220000000000141e+02	1.066820000000000057e+01	4.852892521941000112e-03	4.854070000000000260e-03	1.939295457383943821e-02
2.281030000000000086e+02	1.277549999999999919e+01	4.855235709458400294e-03	4.855540000000000203e-03	7.008646078876357155e-03
2.385500000000000114e+02	1.510929999999999929e+01	4.857619009285400226e-03	4.856769999999999837e-03	-2.168780811948933795e-03
2.459199999999999875e+02	1.675459999999999994e+01	4.936429256407399643e-03	4.858620000000000126e-03	4.634660049195188369e-03
2.529720000000000084e+02	1.833470000000000155e+01	4.861141493245399632e-03	4.859310000000000365e-03	-1.263348109734266367e-02
2.601080000000000041e+02	1.992999999999999972e+01	4.862809825661200056e-03	4.860660000000000154e-03	1.251431845319311842e-03
2.673120000000000118e+02	2.153729999999999833e+01	4.941554944862799892e-03	4.862290000000000015e-03	2.022733788931391219e-03
2.741510000000000105e+02	2.305760000000000076e+01	4.866111946773899952e-03	4.864310000000000161e-03	1.200656471739558473e-02
1.910749999999999886e+02	4.861500000000000377e+00	4.534218175732699675e-03	4.543239999999999605e-03	1.187843028211660323e-02
1.928919999999999959e+02	5.281699999999999839e+00	4.535273680636700035e-03	4.541139999999999934e-03	5.412980084097990252e-03
1.950480000000000018e+02	5.789299999999999891e+00	4.535009758343200303e-03	4.539539999999999895e-03	2.291296314218260743e-04
1.950649999999999977e+02	5.792799999999999727e+00	4.535009758343200303e-03	4.540040000000000395e-03	2.317667688117076852e-02
1.970999999999999943e+02	6.278699999999999726e+00	4.535438647670000240e-03	4.539070000000000084e-03	7.597909795041372927e-03
2.030099999999999909e+02	6.981200000000000294e+00	4.536065631861799577e-03	5.117100000000000294e-03	6.370648163933324837e-03
2.033220000000000027e+02	7.790399999999999991e+00	4.536890875216299628e-03	4.538819999999999834e-03	7.251091437467771517e-03
2.071970000000000027e+02	8.743900000000000006e+00	4.537683391381700307e-03	4.539989999999999824e-03	3.294965991867626620e-03
2.133230000000000075e+02	1.027059999999999995e+01	4.539137057028299997e-03	4.539719999999999693e-03	-2.063200509309801589e-01
2.227920000000000016e+02	1.264320000000000022e+01	4.541186985626499695e-03	4.542000000000000030e-03	5.144924324336531962e-03
2.278460000000000036e+02	1.391740000000000066e+01	4.542245737892700377e-03	4.542710000000000151e-03	1.106780735499138246e-02
2.332719999999999914e+02	1.528839999999999932e+01	4.543470535784299713e-03	4.543479999999999915e-03	4.820333798174036843e-03
2.385060000000000002e+02	1.661090000000000089e+01	4.544695994377599864e-03	4.544570000000000380e-03	1.116843404977052590e-02
2.429850000000000136e+02	1.774289999999999878e+01	4.545756383678399570e-03	4.545549999999999764e-03	1.727317003413417901e-03
2.487659999999999911e+02	1.920260000000000034e+01	4.546983075819699578e-03	4.547029999999999648e-03	8.369126364639267734e-03
2.531109999999999900e+02	2.030049999999999955e+01	4.547812296724100187e-03	4.547960000000000197e-03	4.416168439445894434e-03
2.583140000000000214e+02	2.161449999999999960e+01	4.549040098860399756e-03	4.549069999999999676e-03	7.781952259343083433e-03
2.629320000000000164e+02	2.278109999999999857e+01	4.550069308475700181e-03	4.549880000000000070e-03	3.434249833485808479e-03
2.678190000000000168e+02	2.401170000000000115e+01	4.551796770795099936e-03	4.551069999999999942e-03	-1.529043156730203190e-02
2.678860000000000241e+02	2.402659999999999840e+01	4.551796770795099936e-03	4.551310000000000251e-03	8.643962448574619983e-03
2.731530000000000200e+02	2.535510000000000019e+01	4.552361802632499954e-03	4.552119999999999778e-03	-1.469043859037907906e-02
1.914530000000000030e+02	5.378599999999999604e+00	4.165161654922000002e-03	4.170430000000000144e-03	6.492079391619137718e-03
1.948040000000000020e+02	6.325599999999999667e+00	4.165857448857199913e-03	4.170730000000000097e-03	6.349046375472844339e-03
1.996109999999999900e+02	7.710399999999999920e+00	4.166887650608399815e-03	4.170639999999999764e-03	-6.066820723186283626e-02
2.030540000000000020e+02	8.713499999999999801e+00	4.167584021369500138e-03	4.171039999999999991e-03	-1.631334257020038148e-02
2.076270000000000095e+02	1.005739999999999945e+01	4.168447844430499954e-03	4.171479999999999980e-03	1.206165886313532998e-02
2.129350000000000023e+02	1.162650000000000006e+01	4.169507212947200052e-03	4.172409999999999661e-03	-1.637519024875300211e-03
2.213600000000000136e+02	1.413100000000000023e+01	4.171236812759900221e-03	4.174029999999999581e-03	7.069236064526002172e-03
2.286370000000000005e+02	1.630160000000000053e+01	4.172800265777300288e-03	4.175510000000000332e-03	4.012796272385710239e-03
2.365989999999999895e+02	1.868009999999999948e+01	4.174364891253600288e-03	4.177100000000000431e-03	5.690060453115014516e-02
2.450860000000000127e+02	2.121399999999999864e+01	4.176686049218700063e-03	4.178939999999999912e-03	7.300831677147337148e-03
2.330680000000000121e+02	2.359680000000000177e+01	4.177861594965500205e-03	3.689140000000000041e-03	1.254799009412502220e-02
2.608360000000000127e+02	2.590360000000000085e+01	4.179430019030199762e-03	4.182499999999999586e-03	1.159604564212950509e-02
2.688240000000000123e+02	2.827159999999999940e+01	4.180999621151200267e-03	4.184410000000000386e-03	4.909995265595074043e-03
2.751539999999999964e+02	3.014720000000000155e+01	4.182402048185799963e-03	4.185590000000000317e-03	3.751934890879882190e-04
1.944190000000000111e+02	7.750899999999999679e+00	3.775229481099200146e-03	3.784720000000000098e-03	2.442969893600238640e-03
1.984199999999999875e+02	9.196300000000000807e+00	3.775938298389099838e-03	3.785750000000000053e-03	-4.252263530543275161e-03
2.010440000000000111e+02	1.016380000000000017e+01	3.776510119143699964e-03	3.784549999999999807e-03	4.993687609304423014e-03
2.077700000000000102e+02	1.261730000000000018e+01	3.777837410521500076e-03	3.786630000000000031e-03	6.109156247317101829e-03
2.136659999999999968e+02	1.478819999999999979e+01	3.778936564321999821e-03	3.787239999999999877e-03	3.440834030991588022e-03
2.223930000000000007e+02	1.818240000000000123e+01	3.780655273152799811e-03	3.774749999999999894e-03	3.288150421748334273e-03
2.328120000000000118e+02	2.183500000000000085e+01	3.782513235543300077e-03	3.790990000000000158e-03	1.791921609759160317e-02
2.412949999999999875e+02	2.495779999999999887e+01	3.784074417062500105e-03	3.792209999999999852e-03	6.607405813650463200e-03
2.545310000000000059e+02	2.980270000000000152e+01	3.786510595383599936e-03	3.794660000000000047e-03	2.064883548733909002e-03
2.618260000000000218e+02	3.245940000000000225e+01	3.787936984365099843e-03	3.796059999999999972e-03	5.641967470075545665e-03
2.678829999999999814e+02	3.465840000000000032e+01	3.789088081080900158e-03	3.797179999999999826e-03	3.166773254762597634e-03
2.729809999999999945e+02	3.649969999999999715e+01	3.790101625056000161e-03	3.798290000000000173e-03	6.441908177816826897e-03
1.963839999999999861e+02	1.046010000000000062e+01	3.553081221375899851e-03	3.562259999999999819e-03	1.015245638450505000e-02
2.005370000000000061e+02	1.222439999999999927e+01	3.553445750048300072e-03	3.562340000000000211e-03	7.728302814065168835e-03
2.088220000000000027e+02	1.574259999999999948e+01	3.554823533654100001e-03	3.563549999999999964e-03	-6.812781050638780020e-03
2.170440000000000111e+02	1.922759999999999891e+01	3.556344387513800040e-03	3.565350000000000116e-03	-2.766756237515119454e-02
2.250219999999999914e+02	2.259710000000000107e+01	3.557744722850599960e-03	3.567380000000000204e-03	7.222784532338183405e-03
2.330790000000000077e+02	2.599630000000000152e+01	3.559268077807300080e-03	3.569049999999999827e-03	7.418398172850573791e-03
2.409960000000000093e+02	2.932229999999999848e+01	3.560650380992399795e-03	3.570719999999999884e-03	3.192409683335975523e-02
2.507350000000000136e+02	3.339209999999999923e+01	3.562420482321799857e-03	3.572779999999999793e-03	4.087463910834934766e-03
2.586460000000000150e+02	3.665979999999999706e+01	3.563825607700599977e-03	3.575109999999999833e-03	-3.833340861626524654e-03
2.667500000000000000e+02	1.000919999999999987e+01	3.627443133734700124e-03	1.052119999999999965e-02	1.642334738350524903e-01
2.743029999999999973e+02	1.311359999999999992e+01	3.628900031482799882e-03	8.156590000000000021e-03	1.666325724047893267e-02
1.936299999999999955e+02	1.173029999999999973e+01	3.373819709660400012e-03	3.386430000000000169e-03	-1.563837630089853770e-04
1.986670000000000016e+02	1.415579999999999927e+01	3.374732846023699960e-03	3.387240000000000129e-03	6.784645055141598491e-03
2.031560000000000059e+02	1.631609999999999872e+01	3.375518538719099806e-03	3.388069999999999971e-03	-6.238660477059815301e-03
2.082139999999999986e+02	1.875110000000000099e+01	3.376322882132899890e-03	3.388889999999999871e-03	-8.946598537284924935e-03
2.124240000000000066e+02	2.076940000000000097e+01	3.377127608967799965e-03	3.389810000000000045e-03	2.826593855341605344e-03
2.187580000000000098e+02	2.380489999999999995e+01	3.378152361724999931e-03	3.390950000000000214e-03	1.027580403046612911e-02
2.237419999999999902e+02	2.618669999999999831e+01	3.379067845207999864e-03	3.391840000000000133e-03	5.823263474415057983e-03
2.291349999999999909e+02	2.874849999999999994e+01	3.379965500556900149e-03	3.393059999999999826e-03	2.153837448633434681e-03
2.333950000000000102e+02	3.076829999999999998e+01	3.380661969854299818e-03	3.393909999999999982e-03	8.527458887641115037e-03
2.376069999999999993e+02	3.275959999999999894e+01	3.381340386863399862e-03	3.394750000000000198e-03	2.998290658962537991e-03
2.430550000000000068e+02	3.532520000000000238e+01	3.382367698247699950e-03	3.395850000000000170e-03	-1.493758516709502160e-02
2.480389999999999873e+02	3.765870000000000317e+01	3.383175309499900085e-03	3.396979999999999965e-03	1.497094565018231016e-03
2.531260000000000048e+02	4.003479999999999706e+01	3.384093517826999940e-03	3.397999999999999979e-03	4.331079746687727106e-03
2.632830000000000155e+02	4.475249999999999773e+01	3.385802711659499815e-03	3.399969999999999989e-03	-3.205594841197034750e-03
2.729270000000000209e+02	4.918399999999999750e+01	3.387403198686900034e-03	3.402089999999999975e-03	2.079541102783341588e-03
1.960889999999999986e+02	1.943100000000000094e+01	3.121592820456299978e-03	3.135690000000000005e-03	3.419492683370724262e-03
2.041810000000000116e+02	2.417849999999999966e+01	3.122968860090499961e-03	3.137379999999999943e-03	2.001064287337248060e-03
2.115250000000000057e+02	2.846290000000000120e+01	3.124126923679500147e-03	3.138810000000000124e-03	1.031310468166819413e-02
2.190629999999999882e+02	3.282529999999999859e+01	3.125395518802800195e-03	3.140379999999999908e-03	4.400136881895222452e-03
2.271049999999999898e+02	3.743410000000000082e+01	3.126665144606000177e-03	3.142230000000000197e-03	1.303500061661129472e-02
2.353000000000000114e+02	4.210009999999999764e+01	3.127935802345600206e-03	3.143920000000000135e-03	2.791184615951874948e-03
2.441740000000000066e+02	4.708910000000000196e+01	3.129411688127299845e-03	3.146060000000000002e-03	-4.416807212928142157e-03
2.538280000000000030e+02	5.248590000000000089e+01	3.130983309103599864e-03	3.147959999999999994e-03	3.849967969881240570e-03
2.593430000000000177e+02	5.554410000000000025e+01	3.130983309103599864e-03	3.149040000000000086e-03	-2.106043486564666833e-02
2.677330000000000041e+02	6.010529999999999973e+01	3.133233471751600049e-03	3.151530000000000043e-03	4.150106729698371799e-02
2.744889999999999759e+02	6.381250000000000000e+01	3.134304614214099803e-03	3.152559999999999998e-03	8.837135371037044274e-03
1.973149999999999977e+02	2.843870000000000076e+01	2.942732379748300067e-03	2.957809999999999953e-03	1.093975501379841897e-01
2.041690000000000111e+02	3.312689999999999912e+01	2.944052532825499821e-03	2.959079999999999783e-03	8.944676647621163657e-03
2.126440000000000055e+02	3.885759999999999792e+01	2.945081683548600102e-03	2.960819999999999858e-03	5.510386267227156132e-03
2.284300000000000068e+02	4.934640000000000271e+01	2.947588029392200163e-03	2.964290000000000067e-03	1.330208249602865545e-03
2.357779999999999916e+02	5.415500000000000114e+01	2.952907224568600102e-03	2.965890000000000106e-03	-2.273545997052159318e-02
2.473600000000000136e+02	6.165200000000000102e+01	2.950461642800699964e-03	2.968279999999999790e-03	-1.130385189020755021e-03
2.529919999999999902e+02	6.523109999999999786e+01	2.951746814837799982e-03	2.969719999999999912e-03	3.779384612556578593e-03
1.967909999999999968e+02	3.963920000000000243e+01	2.786056327461500053e-03	2.800149999999999948e-03	5.996983888090959280e-03
2.043660000000000139e+02	4.559190000000000254e+01	2.787214698334300206e-03	2.801769999999999868e-03	1.148197408441908873e-03
2.112549999999999955e+02	5.094030000000000058e+01	2.788224387108600121e-03	2.803270000000000067e-03	4.993130422929752121e-03
2.182930000000000064e+02	5.635159999999999769e+01	2.789234807682300192e-03	2.804720000000000130e-03	1.335436340161896829e-02
2.282849999999999966e+02	6.240749999999999886e+01	2.794235295870400176e-03	2.820560000000000168e-03	8.250027143006932739e-03
2.344199999999999875e+02	6.850320000000000675e+01	2.791645306857800171e-03	2.808269999999999864e-03	3.413435245427719200e-03
3.981600000000000250e+02	4.867600000000000371e+00	4.156275976724849858e-02	4.156030000000000141e-02	3.232997597668318956e-02
2.981419999999999959e+02	4.580400000000000027e+00	3.117206982543639995e-02	3.117069999999999910e-02	2.423273839539755170e-02
3.031429999999999723e+02	4.675300000000000011e+00	3.117206982543639995e-02	3.116949999999999929e-02	6.575120910272735930e-03
3.231399999999999864e+02	5.052999999999999936e+00	3.117206982543639995e-02	3.116999999999999979e-02	1.147556234204702430e-02
3.481429999999999723e+02	5.522199999999999775e+00	3.117206982543639995e-02	3.117670000000000163e-02	2.066499542557617697e-02
3.731499999999999773e+02	5.991999999999999993e+00	3.117206982543639995e-02	3.116999999999999979e-02	5.098877049965364061e-02
3.981600000000000250e+02	6.458199999999999719e+00	3.117206982543639995e-02	3.117520000000000013e-02	3.839962703129139177e-02
2.731499999999999773e+02	5.013899999999999579e+00	2.493765586034910053e-02	2.493650000000000033e-02	2.111044454395671899e-02
2.981419999999999959e+02	5.626299999999999635e+00	2.493765586034910053e-02	2.493760000000000074e-02	3.479022594387010114e-02
3.031429999999999723e+02	5.748499999999999943e+00	2.493765586034910053e-02	2.493679999999999855e-02	1.915043346628697574e-02
3.231399999999999864e+02	5.234300000000000175e+00	2.493765586034910053e-02	3.002919999999999895e-02	1.882857475036979478e-02
3.481429999999999723e+02	6.839000000000000412e+00	2.493765586034910053e-02	2.494069999999999968e-02	9.625715200388676104e-03
3.731499999999999773e+02	7.442400000000000126e+00	2.493765586034910053e-02	2.493770000000000014e-02	1.839517269870918209e-02
3.981600000000000250e+02	8.041100000000000136e+00	2.493765586034910053e-02	2.494340000000000099e-02	2.701507664647680856e-02
2.731499999999999773e+02	5.884199999999999875e+00	2.078137988362420072e-02	2.078280000000000058e-02	1.686490638576405160e-02
2.981419999999999959e+02	6.641499999999999737e+00	2.078137988362420072e-02	2.078249999999999889e-02	2.362199315666857480e-02
3.031429999999999723e+02	6.793999999999999595e+00	2.078137988362420072e-02	2.077659999999999924e-02	-3.296600379647601775e-03
3.231399999999999864e+02	7.392599999999999838e+00	2.078137988362420072e-02	2.078340000000000048e-02	-5.261799496343227273e-02
3.481429999999999723e+02	8.139099999999999113e+00	2.078137988362420072e-02	2.078469999999999970e-02	2.509216059920664488e-02
3.731499999999999773e+02	8.883499999999999730e+00	2.078137988362420072e-02	2.078239999999999948e-02	3.266211422467479863e-02
3.981600000000000250e+02	9.622899999999999565e+00	2.078137988362420072e-02	2.078510000000000080e-02	1.917192613859600159e-02
2.731499999999999773e+02	6.722199999999999953e+00	1.781261132882079948e-02	1.781220000000000026e-02	1.762280105480995562e-02
2.981419999999999959e+02	7.630700000000000038e+00	1.781261132882079948e-02	1.781450000000000047e-02	2.186625264800673429e-02
3.031429999999999723e+02	7.614600000000000257e+00	1.781261132882079948e-02	1.832469999999999932e-02	-6.070430631260978482e-02
3.231399999999999864e+02	8.532400000000000873e+00	1.781261132882079948e-02	1.781459999999999988e-02	1.143324251149011733e-02
3.481429999999999723e+02	9.427899999999999281e+00	1.781261132882079948e-02	1.781579999999999969e-02	2.529252992098868225e-02
3.731499999999999773e+02	1.032000000000000028e+01	1.781261132882079948e-02	1.781469999999999929e-02	-1.824107388080309367e-03
3.981600000000000250e+02	1.120700000000000074e+01	1.781261132882079948e-02	1.781610000000000138e-02	1.392256975261796370e-03
2.731499999999999773e+02	7.530700000000000394e+00	1.558603491271819998e-02	1.558640000000000025e-02	1.449207090335649650e-02
2.981419999999999959e+02	8.599199999999999733e+00	1.558603491271819998e-02	1.558709999999999957e-02	-1.718465360830291611e-02
3.031429999999999723e+02	8.814199999999999591e+00	1.558603491271819998e-02	1.558250000000000086e-02	1.944716563485111155e-02
3.231399999999999864e+02	9.658500000000000085e+00	1.558603491271819998e-02	1.558769999999999947e-02	2.605234951441758040e-02
3.481429999999999723e+02	1.070940000000000047e+01	1.558603491271819998e-02	1.559040000000000079e-02	3.953734838797706708e-02
3.731499999999999773e+02	1.175769999999999982e+01	1.558603491271819998e-02	1.558840000000000052e-02	-8.730573116983164628e-04
3.981600000000000250e+02	1.279930000000000057e+01	1.558603491271819998e-02	1.558939999999999979e-02	1.981099789194697147e-02
2.731499999999999773e+02	6.315599999999999881e+00	1.385425325574950010e-02	1.915319999999999870e-02	1.901691854911066737e-02
2.981419999999999959e+02	9.551099999999999923e+00	1.385425325574950010e-02	1.385499999999999926e-02	8.361206104700799613e-02
3.031429999999999723e+02	9.600199999999999179e+00	1.385425325574950010e-02	1.417110000000000071e-02	1.818247898189399858e-02
3.231399999999999864e+02	1.077790000000000070e+01	1.385425325574950010e-02	1.385280000000000018e-02	1.211285877438886271e-02
3.481429999999999723e+02	1.199200000000000088e+01	1.385425325574950010e-02	1.385650000000000076e-02	1.203304626546312234e-02
3.731499999999999773e+02	1.320129999999999981e+01	1.385425325574950010e-02	1.385740000000000062e-02	9.447343807447033948e-02
3.981600000000000250e+02	1.440830000000000055e+01	1.385425325574950010e-02	1.385499999999999926e-02	1.626559347138256673e-02
2.731499999999999773e+02	9.080199999999999605e+00	1.246882793017449996e-02	1.246970000000000023e-02	2.912573444123021937e-02
2.981419999999999959e+02	1.049109999999999943e+01	1.246882793017449996e-02	1.246970000000000023e-02	8.317422396641724336e-03
3.031429999999999723e+02	1.077449999999999974e+01	1.246882793017449996e-02	1.246629999999999960e-02	7.106116780125348864e-03
3.231399999999999864e+02	1.189119999999999955e+01	1.246882793017449996e-02	1.246809999999999932e-02	1.166309486484468083e-02
3.481429999999999723e+02	1.327810000000000024e+01	1.246882793017449996e-02	1.247039999999999954e-02	1.138921911790005681e-02
3.731499999999999773e+02	1.465830000000000055e+01	1.246882793017449996e-02	1.247129999999999940e-02	1.985425995984618774e-02
3.981600000000000250e+02	1.603460000000000107e+01	1.246882793017449996e-02	1.247000000000000018e-02	1.277278040957013916e-02
2.731499999999999773e+02	9.831500000000000128e+00	1.133529811834049945e-02	1.133490000000000018e-02	9.537620677568400818e-03
2.981419999999999959e+02	1.142609999999999992e+01	1.133529811834049945e-02	1.133450000000000082e-02	1.413275784817487335e-02
3.031429999999999723e+02	1.174489999999999945e+01	1.133529811834049945e-02	1.133280000000000051e-02	1.259994318280489509e-02
3.231399999999999864e+02	1.300300000000000011e+01	1.133529811834049945e-02	1.133789999999999971e-02	8.969098129467112379e-03
3.481429999999999723e+02	1.457460000000000022e+01	1.133529811834049945e-02	1.133600000000000059e-02	5.491032364955628076e-02
3.731499999999999773e+02	1.613210000000000122e+01	1.133529811834049945e-02	1.133830000000000081e-02	-9.220635448513619936e-03
3.931600000000000250e+02	1.768870000000000076e+01	1.133529811834049945e-02	1.114399999999999939e-02	1.041692981300995635e-02
2.731499999999999773e+02	1.056600000000000072e+01	1.039068994181210036e-02	1.039750000000000049e-02	1.346196282319578330e-02
2.981419999999999959e+02	1.235849999999999937e+01	1.039068994181210036e-02	1.038969999999999998e-02	1.864814743145737364e-02
3.031429999999999723e+02	1.271599999999999930e+01	1.039068994181210036e-02	1.038780000000000085e-02	3.091677886722837831e-02
3.231399999999999864e+02	1.412609999999999921e+01	1.039068994181210036e-02	1.039230000000000015e-02	8.865783612798688873e-03
3.431429999999999723e+02	1.588959999999999972e+01	1.039068994181210036e-02	1.015809999999999977e-02	1.436325092480129906e-02
3.731499999999999773e+02	1.763080000000000069e+01	1.039068994181210036e-02	1.039379999999999991e-02	1.156219613827383363e-02
3.981600000000000250e+02	1.937010000000000076e+01	1.039068994181210036e-02	1.039400000000000046e-02	9.767492243649217309e-02
2.731499999999999773e+02	1.130569999999999986e+01	9.591406100134199780e-03	9.593110000000000179e-03	5.607996965960260205e-03
2.981419999999999959e+02	1.329410000000000025e+01	9.591406100134199780e-03	9.590869999999999604e-03	4.102598345348203862e-03
3.031429999999999723e+02	1.369209999999999994e+01	9.591406100134199780e-03	9.588899999999999160e-03	1.393643337247141289e-02
3.231399999999999864e+02	1.526919999999999966e+01	9.591406100134199780e-03	9.587840000000000251e-03	-6.902123052573583967e-04
3.481429999999999723e+02	1.721950000000000003e+01	9.591406100134199780e-03	9.592230000000000201e-03	-6.872232352103865849e-04
3.731499999999999773e+02	1.915850000000000009e+01	9.591406100134199780e-03	9.595619999999999150e-03	1.710017859071602531e-02
3.931600000000000250e+02	2.110150000000000148e+01	9.591406100134199780e-03	9.429049999999999584e-03	1.514419246409922509e-02
2.731499999999999773e+02	1.204940000000000033e+01	8.906305664410399739e-03	8.900889999999999844e-03	8.253625561460475879e-03
2.981419999999999959e+02	1.424109999999999943e+01	8.906305664410399739e-03	8.904850000000000612e-03	5.861891898970544856e-03
3.031429999999999723e+02	1.468089999999999939e+01	8.906305664410399739e-03	8.903269999999999587e-03	1.617166928012117588e-02
3.231399999999999864e+02	1.642079999999999984e+01	8.906305664410399739e-03	8.904890000000000375e-03	1.444785141483956314e-02
3.481429999999999723e+02	1.858650000000000091e+01	8.906305664410399739e-03	8.904969999999999899e-03	2.885378775236921434e-02
3.731499999999999773e+02	2.073470000000000013e+01	8.906305664410399739e-03	8.907200000000000534e-03	-6.039448459060750563e-03
3.981600000000000250e+02	2.287059999999999960e+01	8.906305664410399739e-03	8.909419999999999493e-03	2.162654606826286408e-02
2.731499999999999773e+02	1.278539999999999921e+01	8.312551953449700756e-03	8.311759999999999635e-03	1.035678413155292563e-02
2.981419999999999959e+02	1.520400000000000063e+01	8.312551953449700756e-03	8.310200000000000226e-03	8.351495140046530374e-03
3.031429999999999723e+02	1.567830000000000013e+01	8.312551953449700756e-03	8.314039999999999972e-03	9.904710282071842176e-03
3.231399999999999864e+02	1.759659999999999869e+01	8.312551953449700756e-03	8.313380000000000422e-03	2.016386772518613535e-02
3.431429999999999723e+02	1.998069999999999879e+01	8.312551953449700756e-03	8.126619999999999330e-03	1.574321563229903742e-02
3.731499999999999773e+02	2.234400000000000119e+01	8.312551953449700756e-03	8.315460000000000212e-03	-3.309011049252824632e-03
3.981600000000000250e+02	2.470530000000000115e+01	8.312551953449700756e-03	8.314280000000000281e-03	7.441244330276787326e-03
2.731499999999999773e+02	1.354100000000000037e+01	7.793017456359099988e-03	7.790290000000000062e-03	6.005849171363319972e-03
2.981419999999999959e+02	1.618730000000000047e+01	7.793017456359099988e-03	7.790749999999999932e-03	6.685036429250848511e-03
3.031429999999999723e+02	1.671349999999999980e+01	7.793017456359099988e-03	7.791329999999999957e-03	-1.465086212448078740e-02
3.231399999999999864e+02	1.881419999999999959e+01	7.793017456359099988e-03	7.791840000000000398e-03	-6.502767637270238932e-02
3.481429999999999723e+02	2.142180000000000106e+01	7.793017456359099988e-03	7.793790000000000093e-03	1.216482684650643797e-02
3.731499999999999773e+02	2.400779999999999959e+01	7.793017456359099988e-03	7.797270000000000242e-03	1.029421708957681952e-02
3.981600000000000250e+02	2.660229999999999961e+01	7.793017456359099988e-03	7.794409999999999880e-03	5.852546322676746571e-02
2.731600000000000250e+02	1.430899999999999928e+01	7.793017456359099988e-03	7.333819999999999575e-03	2.953066131850284881e-03
2.931419999999999959e+02	1.719790000000000063e+01	7.334604664808499694e-03	7.089960000000000186e-03	3.984025620520630084e-02
3.031429999999999723e+02	1.777359999999999829e+01	7.334604664808499694e-03	7.333039999999999871e-03	2.579112305503422631e-03
3.231399999999999864e+02	2.006729999999999947e+01	7.334604664808499694e-03	7.333570000000000193e-03	1.974747391417516762e-02
3.481429999999999723e+02	2.291929999999999978e+01	1.781261132882079948e-02	7.334199999999999921e-03	1.957512438856356951e-02
3.731499999999999773e+02	2.574269999999999925e+01	7.334604664808499694e-03	7.337810000000000166e-03	4.650371534202640822e-03
3.981600000000000250e+02	2.857580000000000098e+01	7.334604664808499694e-03	7.335290000000000386e-03	1.072465096614470814e-02
2.731499999999999773e+02	1.510950000000000060e+01	6.927126627874699745e-03	6.922580000000000226e-03	1.875708334183553982e-02
2.981419999999999959e+02	1.824699999999999989e+01	6.927126627874699745e-03	6.925159999999999649e-03	2.172653881696681027e-03
3.031429999999999723e+02	1.887330000000000041e+01	6.927126627874699745e-03	6.925309999999999626e-03	3.230969649945542033e-03
3.231399999999999864e+02	2.137590000000000146e+01	6.927126627874699745e-03	6.924149999999999576e-03	-8.692861146589361820e-03
3.481429999999999723e+02	2.447660000000000124e+01	6.927126627874699745e-03	6.926060000000000376e-03	9.944821925852997957e-03
3.731499999999999773e+02	2.754339999999999833e+01	6.927126627874699745e-03	6.930959999999999899e-03	1.270019323772218767e-02
3.981600000000000250e+02	3.062089999999999890e+01	6.927126627874699745e-03	6.929699999999999575e-03	-4.866185945093348675e-02
2.731499999999999773e+02	1.593069999999999986e+01	6.562541015881299608e-03	6.559989999999999918e-03	5.018651124447298661e-03
2.981419999999999959e+02	1.934230000000000160e+01	6.562541015881299608e-03	6.559699999999999906e-03	6.621678019187365871e-03
3.031429999999999723e+02	2.001160000000000139e+01	6.562541015881299608e-03	6.562969999999999568e-03	7.627191762863791413e-03
3.231399999999999864e+02	2.273659999999999926e+01	6.562541015881299608e-03	6.559470000000000404e-03	-1.029849293865888193e-01
3.481429999999999723e+02	2.610239999999999938e+01	6.562541015881299608e-03	6.561380000000000337e-03	1.524110299897745574e-02
3.731499999999999773e+02	2.944780000000000086e+01	6.562541015881299608e-03	6.563079999999999782e-03	9.811844405217290399e-03
3.981600000000000250e+02	3.278649999999999665e+01	6.562541015881299608e-03	6.562560000000000268e-03	3.352743506659650041e-04
2.731499999999999773e+02	1.679789999999999850e+01	6.234413965087199673e-03	6.230849999999999583e-03	8.830821533532533241e-03
2.981419999999999959e+02	2.048250000000000171e+01	6.234413965087199673e-03	6.233110000000000039e-03	7.833474607832985326e-03
3.031429999999999723e+02	2.121000000000000085e+01	6.234413965087199673e-03	6.235369999999999628e-03	5.819111465067999811e-03
3.231399999999999864e+02	2.415340000000000131e+01	6.234413965087199673e-03	6.233640000000000361e-03	2.128158476572071522e-03
3.481429999999999723e+02	2.780480000000000018e+01	6.234413965087199673e-03	6.233950000000000255e-03	1.425430380424225207e-02
3.731499999999999773e+02	3.142500000000000071e+01	6.234413965087199673e-03	6.235830000000000366e-03	-3.048815938411081339e-03
3.981600000000000250e+02	3.504939999999999856e+01	6.234413965087199673e-03	6.233960000000000196e-03	-8.189070596909903132e-02
2.731499999999999773e+02	1.770019999999999882e+01	5.937537109606899621e-03	5.936989999999999629e-03	4.789198048524709872e-01
2.981419999999999959e+02	2.169379999999999953e+01	5.937537109606899621e-03	5.935430000000000220e-03	3.986556385281420090e-03
3.031429999999999723e+02	2.248049999999999926e+01	5.937537109606899621e-03	5.937440000000000426e-03	4.127125929037189778e-03
3.231399999999999864e+02	2.565719999999999956e+01	5.937537109606899621e-03	5.936720000000000365e-03	6.675919125137466104e-01
3.481429999999999723e+02	2.960140000000000171e+01	5.937537109606899621e-03	5.937289999999999582e-03	8.232283527320694017e-03
3.731499999999999773e+02	3.351010000000000133e+01	5.937537109606899621e-03	5.939410000000000002e-03	6.457920919486742628e-03
3.981600000000000250e+02	3.743010000000000304e+01	5.937537109606899621e-03	5.937089999999999902e-03	7.831718644794344319e-03
2.731499999999999773e+02	1.867800000000000082e+01	5.667649059170200287e-03	5.664480000000000383e-03	4.639606270246982023e-03
2.981419999999999959e+02	2.296880000000000166e+01	5.667649059170200287e-03	5.666820000000000364e-03	5.827883812493644955e-02
3.031429999999999723e+02	2.382920000000000016e+01	5.667649059170200287e-03	5.666420000000000137e-03	-5.586449277109030442e-03
3.231399999999999864e+02	2.725390000000000157e+01	5.667649059170200287e-03	5.666219999999999590e-03	1.112753416173604959e-02
3.481429999999999723e+02	3.150309999999999988e+01	5.667649059170200287e-03	5.667509999999999735e-03	1.142294688305052486e-02
3.731499999999999773e+02	3.572970000000000113e+01	5.667649059170200287e-03	5.668180000000000093e-03	5.831445573807436666e-03
3.981600000000000250e+02	3.995230000000000103e+01	5.667649059170200287e-03	5.666560000000000173e-03	1.569549516801899136e-02
2.731499999999999773e+02	1.970510000000000161e+01	5.421229534858500003e-03	5.420119999999999626e-03	6.684843286727831790e-03
2.981419999999999959e+02	2.434509999999999863e+01	5.421229534858500003e-03	5.418580000000000098e-03	9.168397016977192227e-03
3.031429999999999723e+02	2.525069999999999837e+01	5.421229534858500003e-03	5.421640000000000140e-03	1.691228138786204926e-02
3.231399999999999864e+02	2.895420000000000016e+01	5.421229534858500003e-03	5.419140000000000242e-03	-8.652345298528624218e-03
3.481429999999999723e+02	3.351039999999999708e+01	5.421229534858500003e-03	5.422620000000000391e-03	1.874837923916766735e-03
3.731499999999999773e+02	3.808659999999999712e+01	5.421229534858500003e-03	5.420490000000000030e-03	6.463675302221250085e-03
2.731499999999999773e+02	2.082110000000000127e+01	5.195344970905999872e-03	5.193820000000000034e-03	3.881316447112537205e-03
2.981419999999999959e+02	2.579500000000000171e+01	5.195344970905999872e-03	5.194820000000000167e-03	-1.700568042087013954e-03
3.031429999999999723e+02	2.678829999999999956e+01	5.195344970905999872e-03	5.194909999999999632e-03	1.399018132248630586e-02
3.231399999999999864e+02	3.075550000000000139e+01	5.195344970905999872e-03	5.194500000000000332e-03	-2.978608730568835239e-02
3.431429999999999723e+02	3.566510000000000247e+01	5.195344970905999872e-03	5.100999999999999632e-03	5.310067040878330147e-03
3.731499999999999773e+02	4.059320000000000306e+01	5.195344970905999872e-03	5.193739999999999642e-03	-9.930692460330819982e-04
2.731499999999999773e+02	2.202749999999999986e+01	4.987531172069800157e-03	4.985869999999999885e-03	5.440981273537706664e-02
2.931419999999999959e+02	2.737879999999999825e+01	4.987531172069800157e-03	4.856290000000000086e-03	-2.467487693416257344e-01
3.031429999999999723e+02	2.842520000000000024e+01	4.987531172069800157e-03	4.988379999999999724e-03	-6.147200833420268795e-03
3.231399999999999864e+02	3.269740000000000180e+01	4.987531172069800157e-03	4.986670000000000338e-03	4.719427986779170525e-03
3.481429999999999723e+02	3.799929999999999808e+01	4.987531172069800157e-03	4.985950000000000278e-03	-2.160025530184676856e-03
2.030840000000000032e+02	5.066200000000000259e+00	1.233731218231109983e-02	1.211959999999999947e-02	1.492564672341837456e-02
2.232489999999999952e+02	5.066200000000000259e+00	1.692065128263610038e-02	1.685319999999999874e-02	6.924366522623161269e-03
2.731499999999999773e+02	5.066200000000000259e+00	2.462735123479069949e-02	2.464620000000000005e-02	8.835399422344805687e-03
3.731499999999999773e+02	5.066200000000000259e+00	3.743718227999320164e-02	3.703279999999999766e-02	3.089469305491959750e-02
4.231700000000000159e+02	5.066200000000000259e+00	4.271024159133569864e-02	4.273099999999999815e-02	7.144946912218230750e-03
4.731929999999999836e+02	5.066200000000000259e+00	4.825771317506989677e-02	4.827959999999999890e-02	4.131219736405308818e-02
2.030840000000000032e+02	6.079500000000000348e+00	7.820585018549399553e-03	7.433740000000000313e-03	1.493963509720902527e-02
2.232489999999999952e+02	6.079500000000000348e+00	1.289727541961410012e-02	1.286789999999999982e-02	2.022728476544721765e-02
2.481750000000000114e+02	6.079500000000000348e+00	1.682839086859199904e-02	1.680109999999999937e-02	3.735800513067241702e-02
2.731499999999999773e+02	6.079500000000000348e+00	2.000710492310020169e-02	2.001599999999999907e-02	2.654531859272050986e-02
2.981419999999999959e+02	6.079500000000000348e+00	2.293413024237520026e-02	2.290870000000000059e-02	1.029113055767698348e-02
3.231399999999999864e+02	6.079500000000000348e+00	2.560334277243229983e-02	2.561640000000000097e-02	2.667090395034251576e-02
4.231700000000000159e+02	6.079500000000000348e+00	3.556019829504489943e-02	3.554829999999999796e-02	6.199000127071239985e-02
4.731929999999999836e+02	6.079500000000000348e+00	4.020905491833130091e-02	4.023850000000000343e-02	6.129652148624718799e-02
2.030840000000000032e+02	6.586100000000000065e+00	6.245280753598500198e-03	5.799079999999999860e-03	9.240453876045676140e-03
2.030840000000000032e+02	7.092699999999999783e+00	5.243585961754199977e-03	5.008740000000000241e-03	8.086799477172945672e-03
2.232489999999999952e+02	7.092699999999999783e+00	1.007826376509420030e-02	1.000589999999999986e-02	8.056868073851870815e-03
2.030840000000000032e+02	8.105999999999999872e+00	4.453948180094500185e-03	4.370119999999999907e-03	1.409514342542258006e-02
2.232489999999999952e+02	8.105999999999999872e+00	8.022666278583499497e-03	7.933249999999999330e-03	4.243422073451325049e-03
2.481750000000000114e+02	8.105999999999999872e+00	1.158963799209420005e-02	1.154829999999999919e-02	1.350551830811846932e-02
2.731499999999999773e+02	8.105999999999999872e+00	1.428731773097269980e-02	1.428229999999999951e-02	9.953884124921597021e-03
2.981419999999999959e+02	8.105999999999999872e+00	1.667446030941520038e-02	1.665250000000000064e-02	1.261491909449985460e-02
3.231399999999999864e+02	8.105999999999999872e+00	1.882996757705539953e-02	1.882500000000000145e-02	2.248010965897734650e-02
2.232489999999999952e+02	9.119199999999999307e+00	6.607751950277900022e-03	6.517740000000000165e-03	-4.011111416143270381e-03
2.030840000000000032e+02	1.013250000000000028e+01	3.914466342525800384e-03	3.889409999999999829e-03	8.161568159469459460e-03
2.232489999999999952e+02	1.013250000000000028e+01	5.698837241162799799e-03	5.626090000000000257e-03	4.696565298522044352e-02
4.231700000000000159e+02	3.039750000000000085e+01	7.543606951524299900e-03	7.531109999999999714e-03	1.007809537490596654e-03
4.731929999999999836e+02	3.039750000000000085e+01	8.614757651877500561e-03	8.617889999999999578e-03	6.240204786664024783e-02
2.030840000000000032e+02	4.053000000000000114e+01	2.852560666691299901e-03	2.846759999999999829e-03	4.308050175891864342e-04
2.232489999999999952e+02	4.053000000000000114e+01	3.049463158477999907e-03	3.043709999999999818e-03	3.343614794235200138e-03
2.481750000000000114e+02	4.053000000000000114e+01	3.332111514683099972e-03	3.324290000000000144e-03	3.647264032246855248e-03
2.731499999999999773e+02	4.053000000000000114e+01	3.648202917132200174e-03	3.646389999999999788e-03	5.309735975098359151e-03
2.961419999999999959e+02	4.053000000000000114e+01	4.007516947628800112e-03	3.974669999999999592e-03	2.973022766912053472e-03
3.231399999999999864e+02	4.053000000000000114e+01	4.394021852419699621e-03	4.389030000000000362e-03	-1.612339647897309547e-03
3.731499999999999773e+02	4.053000000000000114e+01	5.202889160188299729e-03	5.199050000000000199e-03	5.527432436875520660e-03
4.231700000000000159e+02	4.053000000000000114e+01	6.018064544705099654e-03	6.019299999999999998e-03	1.491031150413361234e-02
4.731929999999999836e+02	4.053000000000000114e+01	6.825950867242499935e-03	6.825959999999999840e-03	1.847497637397943482e-03
2.030840000000000032e+02	5.066250000000000142e+01	2.750994583577700148e-03	2.742880000000000058e-03	3.796643925048748258e-03
2.232489999999999952e+02	5.066250000000000142e+01	2.908805604975099948e-03	2.903530000000000087e-03	2.276315705709516801e-02
2.481750000000000114e+02	5.066250000000000142e+01	3.128500870686800207e-03	3.124860000000000138e-03	1.376974011156259503e-03
2.731499999999999773e+02	5.066250000000000142e+01	3.369680277321900150e-03	3.371470000000000109e-03	6.699931975716484633e-02
2.981419999999999959e+02	5.066250000000000142e+01	3.642341579813199951e-03	3.640659999999999990e-03	1.306878401943656343e-03
3.231399999999999864e+02	5.066250000000000142e+01	3.983116620189799777e-03	3.928179999999999866e-03	4.179805141977493976e-03
3.731499999999999773e+02	5.066250000000000142e+01	4.538145820354899836e-03	4.538770000000000131e-03	5.837810242659280391e-06
4.231700000000000159e+02	5.066250000000000142e+01	5.169668948461999571e-03	5.169660000000000401e-03	2.671674505912075004e-03
4.731929999999999836e+02	5.066250000000000142e+01	5.800048344562900270e-03	5.801100000000000007e-03	3.285142989637187400e-02
2.030840000000000032e+02	6.079500000000000171e+01	2.668887294768399789e-03	2.662480000000000055e-03	7.021822170235489380e-02
2.232489999999999952e+02	6.079500000000000171e+01	2.804580404818499996e-03	2.799670000000000197e-03	3.226203498984392404e-04
2.481750000000000114e+02	6.079500000000000171e+01	2.988363682377899802e-03	2.984600000000000013e-03	1.329294598942307171e-02
2.731499999999999773e+02	6.079500000000000171e+01	3.185146149921400192e-03	3.186480000000000215e-03	5.272455654397115166e-03
2.981419999999999959e+02	6.079500000000000171e+01	3.405871632779900078e-03	3.403649999999999818e-03	1.021114970017913959e-02
3.231399999999999864e+02	6.079500000000000171e+01	3.636817246660200165e-03	3.633739999999999887e-03	-1.883334258793621652e-02
3.731499999999999773e+02	6.079500000000000171e+01	4.119148716295300411e-03	4.121689999999999902e-03	3.213440643362180937e-03
4.231700000000000159e+02	6.079500000000000171e+01	4.631705062359100372e-03	4.629860000000000399e-03	5.699647518058043039e-03
4.731929999999999836e+02	6.079500000000000171e+01	5.141911936037400245e-03	5.143939999999999624e-03	7.403658956702134641e-03
2.030840000000000032e+02	7.092749999999999488e+01	2.602074327857599803e-03	2.597110000000000130e-03	1.969550731419447004e-02
2.232489999999999952e+02	7.092749999999999488e+01	2.720562563585599784e-03	2.717729999999999799e-03	4.789340597220609341e-04
2.481750000000000114e+02	7.092749999999999488e+01	2.880887759621799868e-03	2.877820000000000118e-03	-3.873827458475628815e-03
2.030840000000000032e+02	8.106000000000000227e+01	2.549528881736199803e-03	2.542169999999999846e-03	7.214928823439832606e-02
2.232489999999999952e+02	8.106000000000000227e+01	2.656695401625800042e-03	2.650350000000000102e-03	-2.431426263614894223e-03
2.481750000000000114e+02	8.106000000000000227e+01	2.796090023764399943e-03	2.792300000000000164e-03	-1.233824367564140267e-03
2.731499999999999773e+02	8.106000000000000227e+01	2.943857909540300091e-03	2.943279999999999941e-03	2.176941409191474053e-03
2.981419999999999959e+02	8.106000000000000227e+01	3.101914543842399820e-03	3.102399999999999949e-03	-2.006687288241992828e-03
3.231399999999999864e+02	8.106000000000000227e+01	3.272675428788199888e-03	3.268609999999999918e-03	5.963981635633236467e-02
3.731499999999999773e+02	8.106000000000000227e+01	3.614739763606399960e-03	3.617679999999999854e-03	-1.386307142500594475e-03
4.231700000000000159e+02	8.106000000000000227e+01	3.977881261740000285e-03	3.981430000000000212e-03	-2.586462715863130368e-03
4.731929999999999836e+02	8.106000000000000227e+01	4.347478061886600118e-03	4.352469999999999777e-03	6.924183976226128134e-03
2.030840000000000032e+02	9.119249999999999545e+01	2.502142759995299934e-03	2.494849999999999846e-03	4.227999999026793576e-02
2.232489999999999952e+02	9.119249999999999545e+01	2.601585703949299902e-03	2.593330000000000028e-03	1.406560506774665043e-02
2.481750000000000114e+02	9.119249999999999545e+01	2.727203277801599959e-03	2.721379999999999806e-03	2.014669065077551169e-03
2.030840000000000032e+02	1.013250000000000028e+02	2.461315601149299988e-03	2.453359999999999916e-03	-1.471842748481845542e-02
2.232489999999999952e+02	1.013250000000000028e+02	2.549278678538699928e-03	2.544010000000000195e-03	2.575190778465852315e-03
2.461750000000000114e+02	1.013250000000000028e+02	2.664006240850099860e-03	2.651440000000000134e-03	-9.085304743454036824e-03
2.731499999999999773e+02	1.013250000000000028e+02	2.788074757429100103e-03	2.783509999999999891e-03	-1.112098405075587215e-02
2.981419999999999959e+02	1.013250000000000028e+02	2.912433764557500072e-03	2.910890000000000179e-03	1.842065170843126820e-02
3.231399999999999864e+02	1.013250000000000028e+02	3.045277527347599929e-03	3.042570000000000083e-03	-2.082473896967376725e-03
3.731499999999999773e+02	1.013250000000000028e+02	3.347390274789500183e-03	3.316400000000000164e-03	5.705496886064286184e-03
4.231700000000000159e+02	1.013250000000000028e+02	3.596203278180899830e-03	3.600159999999999819e-03	-9.460170357222506821e-02
4.731929999999999836e+02	1.013250000000000028e+02	3.883934490267300192e-03	3.889720000000000157e-03	7.624109741802054252e-03
1.928700000000000045e+02	3.339999999999999858e+01	2.826065694677899840e-03	2.836850000000000135e-03	7.568409555955973866e-03
1.928700000000000045e+02	5.289999999999999858e+01	2.645635655185100098e-03	2.650700000000000191e-03	-3.182697927906691371e-02
1.928700000000000045e+02	7.140000000000000568e+01	2.529923249111199878e-03	2.536570000000000144e-03	1.618747637539094675e-03
1.928700000000000045e+02	9.790000000000000568e+01	2.416458253586099836e-03	2.421159999999999892e-03	2.657436148961800360e-03
2.120000000000000000e+02	4.010000000000000142e+01	2.935167871173400157e-03	2.936590000000000207e-03	-3.857317355268016779e-02
2.120000000000000000e+02	5.860000000000000142e+01	2.737525836631899811e-03	2.739530000000000003e-03	1.072034104671187871e-03
2.120000000000000000e+02	7.459999999999999432e+01	2.625934101217300073e-03	2.626449999999999792e-03	1.678238313127717457e-02
2.120000000000000000e+02	9.503000000000000114e+01	2.519331764783899925e-03	2.520160000000000022e-03	4.434632166733620817e-03
2.250699999999999932e+02	4.279999999999999716e+01	2.995859685963600180e-03	3.025980000000000163e-03	-4.121312894276502048e-03
2.250699999999999932e+02	6.250000000000000000e+01	2.801744554436799966e-03	2.797220000000000002e-03	4.617893747210277677e-03
2.250699999999999932e+02	8.229999999999999716e+01	2.655235784565899808e-03	2.652820000000000178e-03	5.089770458562292710e-03
2.250699999999999932e+02	1.087000000000000028e+02	2.521818292723099989e-03	2.519829999999999813e-03	9.083223647996709754e-03
2.375699999999999932e+02	3.019999999999999929e+01	3.474430560635300043e-03	3.479219999999999882e-03	9.251185806646466947e-03
2.375699999999999932e+02	6.060000000000000142e+01	2.904617991728899919e-03	2.905920000000000204e-03	5.847912731670443232e-03
2.375699999999999932e+02	9.420000000000000284e+01	2.644019951859099844e-03	2.648740000000000122e-03	2.556550704236477262e-02
2.494300000000000068e+02	4.110000000000000142e+01	3.314837600271799880e-03	3.325670000000000189e-03	6.629224836260938503e-03
2.494300000000000068e+02	5.810000000000000142e+01	3.026179503090599930e-03	3.028149999999999852e-03	5.561663819317320262e-03
2.494300000000000068e+02	7.440000000000000568e+01	2.852247455193399929e-03	2.854530000000000088e-03	1.391207640399101664e-02
2.494300000000000068e+02	9.420000000000000284e+01	2.707601089694599856e-03	2.708930000000000018e-03	3.176850327160529730e-03
2.615500000000000114e+02	4.070000000000000284e+01	3.480054907471099787e-03	3.486949999999999945e-03	2.266345369615813121e-03
2.615500000000000114e+02	5.329999999999999716e+01	3.202620881451899958e-03	3.206130000000000178e-03	5.387367742615056798e-03
2.615500000000000114e+02	6.800000000000000000e+01	3.004363104344399786e-03	3.000769999999999826e-03	3.490390517037519902e-03
2.615500000000000114e+02	8.259999999999999432e+01	2.864711326248099970e-03	2.859099999999999836e-03	-6.931392511396738954e-04
2.615500000000000114e+02	1.000999999999999943e+02	2.739402312601199856e-03	2.733530000000000074e-03	4.495637403720748049e-03
2.787099999999999795e+02	3.479999999999999716e+01	3.951984713596599745e-03	3.972919999999999577e-03	6.815441597194576984e-03
2.787099999999999795e+02	5.000000000000000000e+01	3.430176264958399897e-03	3.445020000000000027e-03	-1.769901274613204512e-03
2.787099999999999795e+02	6.239999999999999858e+01	3.194514226832899980e-03	3.208009999999999855e-03	3.575104554652944189e-03
2.787099999999999795e+02	7.740000000000000568e+01	3.008727319055100151e-03	3.015550000000000088e-03	1.497647038400197472e-03
2.787099999999999795e+02	9.590000000000000568e+01	2.817584994254599805e-03	2.850469999999999914e-03	7.674371381040184792e-03
2.934100000000000250e+02	4.650000000000000000e+01	3.711778168457999932e-03	3.710610000000000037e-03	-5.200111862800560480e-03
2.934100000000000250e+02	6.400000000000000000e+01	3.307978078320299945e-03	3.304420000000000187e-03	3.289996141373777161e-03
2.934100000000000250e+02	9.470000000000000284e+01	2.939527257465999847e-03	2.939670000000000130e-03	1.040314354713117728e-02
3.032900000000000205e+02	3.689999999999999858e+01	4.383425063516199933e-03	4.278820000000000019e-03	6.902036383078513637e-04
3.032900000000000205e+02	5.160000000000000142e+01	3.740035013310100045e-03	3.671310000000000111e-03	5.942065524821413258e-02
3.092900000000000205e+02	6.670000000000000284e+01	3.204201040801300110e-03	3.389230000000000020e-03	7.979234951278890708e-03
3.092900000000000205e+02	8.470000000000000284e+01	3.128422376764299941e-03	3.132250000000000052e-03	2.440617668050260036e-03
3.032900000000000205e+02	1.057999999999999972e+02	2.930793840329399928e-03	2.902669999999999990e-03	7.929832573028650078e-03
2.403000000000000114e+02	4.621900000000000119e+00	2.100897713593009863e-02	2.219909999999999939e-02	1.747025886649361537e-02
2.500000000000000000e+02	5.120300000000000296e+00	2.104088412111800033e-02	2.105339999999999989e-02	1.896707028922897664e-02
2.600000000000000000e+02	5.416000000000000369e+00	2.107288816997560099e-02	2.108470000000000136e-02	1.830420645991831519e-02
2.700000000000000000e+02	5.708899999999999864e+00	2.110498972609090029e-02	2.111680000000000154e-02	-1.783925784979782658e-02
2.800000000000000000e+02	5.999600000000000044e+00	2.113718923575949940e-02	2.114809999999999954e-02	2.125499359805987920e-02
2.900000000000000000e+02	6.287200000000000344e+00	2.116948714800430051e-02	2.118300000000000044e-02	1.937071802499397422e-02
3.000000000000000000e+02	6.574799999999999756e+00	2.120404722497539959e-02	2.121030000000000137e-02	2.452705962308582288e-02
2.080000000000000000e+02	4.634900000000000020e+00	1.573194873725619961e-02	1.574709999999999999e-02	3.824166331091803650e-03
2.120000000000000000e+02	4.812400000000000233e+00	1.574187951996579987e-02	1.575649999999999967e-02	1.185335653144030388e-02
2.160000000000000000e+02	4.988500000000000156e+00	1.575182284819540146e-02	1.576630000000000045e-02	7.527138749727213529e-06
2.200000000000000000e+02	5.163199999999999790e+00	1.576177874573310086e-02	1.577680000000000055e-02	-2.945692514471021095e-03
2.250000000000000000e+02	5.379999999999999893e+00	1.577454067376969984e-02	1.578979999999999967e-02	6.911459996366040026e-03
2.300000000000000000e+02	5.594899999999999984e+00	1.578732328459679993e-02	1.580379999999999979e-02	5.669652305410945170e-02
2.400000000000000000e+02	6.020400000000000418e+00	1.581254968698420083e-02	1.583120000000000013e-02	8.915459996951480282e-03
2.500000000000000000e+02	6.440699999999999648e+00	1.583825919032410059e-02	1.585819999999999938e-02	2.458267655958563253e-02
2.600000000000000000e+02	6.856799999999999784e+00	1.586364876612540026e-02	1.588399999999999881e-02	7.036100094432923280e-03
2.700000000000000000e+02	7.268200000000000216e+00	1.588992982053590020e-02	1.591129999999999975e-02	1.739303642581944975e-02
2.800000000000000000e+02	7.675600000000000200e+00	1.591629809825699862e-02	1.593899999999999831e-02	1.389694982176174765e-02
2.900000000000000000e+02	8.080500000000000682e+00	1.594316173559549854e-02	1.596440000000000012e-02	1.687535426487520029e-02
3.000000000000000000e+02	8.481899999999999551e+00	1.597093443254240033e-02	1.599050000000000124e-02	1.138574021577251627e-02
2.000000000000000000e+02	4.764100000000000001e+00	1.267105801611169945e-02	1.273029999999999995e-02	1.474874386941182891e-02
2.043000000000000114e+02	5.003599999999999604e+00	1.267956225485009948e-02	1.281110000000000061e-02	5.965817470078413690e-03
2.080000000000000000e+02	5.240899999999999892e+00	1.268833614549150050e-02	1.271480000000000006e-02	3.105882036503382349e-02
2.120000000000000000e+02	5.474400000000000155e+00	1.269686360043839959e-02	1.271770000000000019e-02	9.373547429506273732e-03
2.160000000000000000e+02	5.705199999999999605e+00	1.270540252519359974e-02	1.272460000000000084e-02	1.967279251706906262e-02
2.200000000000000000e+02	5.932999999999999829e+00	1.271421222613900066e-02	1.273619999999999960e-02	9.070130356763128621e-03
2.250000000000000000e+02	6.217800000000000438e+00	1.272485195143739992e-02	1.274319999999999967e-02	-4.141109820343906456e-02
2.303000000000000114e+02	6.499500000000000277e+00	1.273576966229619974e-02	1.280270000000000019e-02	-6.146423737211498262e-04
2.400000000000000000e+02	7.056300000000000239e+00	1.275766138390609962e-02	1.277559999999999980e-02	-1.280374281917143198e-03
2.500000000000000000e+02	7.605999999999999872e+00	1.277962849517720080e-02	1.279800000000000035e-02	8.967666376558630636e-03
2.600000000000000000e+02	8.149100000000000676e+00	1.280193425960960037e-02	1.282110000000000020e-02	9.725348255861188118e-03
2.700000000000000000e+02	8.686700000000000088e+00	1.282431802585110026e-02	1.284380000000000070e-02	1.336752984588329696e-02
2.600000000000000000e+02	9.218999999999999417e+00	1.284730967314540000e-02	1.097279999999999957e-02	1.186558437465351501e-02
2.900000000000000000e+02	9.746900000000000119e+00	1.287038390810749978e-02	1.288899999999999942e-02	2.918764591792047391e-02
3.000000000000000000e+02	1.026989999999999981e+01	1.289354117652940016e-02	1.291199999999999987e-02	1.113937998150124620e-02
1.960000000000000000e+02	4.849300000000000388e+00	1.048946574423700005e-02	1.053229999999999965e-02	1.434145681857909582e-02
2.000000000000000000e+02	5.156500000000000306e+00	1.049706015134570063e-02	1.052759999999999981e-02	1.531802116165736916e-02
2.040000000000000000e+02	5.458000000000000185e+00	1.050448856796500074e-02	1.053229999999999965e-02	3.309844841181019959e-03
2.080000000000000000e+02	5.757699999999999818e+00	1.051210475169419949e-02	1.053100000000000043e-02	5.312594397253560252e-03
2.120000000000000000e+02	6.353799999999999670e+00	1.051973198752569928e-02	9.543249999999999650e-03	1.329336684500946608e-02
2.160000000000000000e+02	6.347100000000000186e+00	1.052719253839329988e-02	1.054019999999999957e-02	1.214129938667465880e-02
2.200000000000000000e+02	6.637599999999999945e+00	1.053484169230169999e-02	1.054820000000000063e-02	9.601770167397015443e-03
2.300000000000000000e+02	7.356499999999999595e+00	1.055392396581670070e-02	1.056630000000000069e-02	7.906196232355744771e-03
2.400000000000000000e+02	8.064099999999999824e+00	1.094428853697399992e-02	1.058740000000000028e-02	9.742644564148375541e-03
2.530000000000000000e+02	8.763099999999999667e+00	1.059247662145069990e-02	1.094599999999999913e-02	6.940418339543733689e-03
2.600000000000000000e+02	9.454200000000000159e+00	1.061194908013289931e-02	1.062830000000000025e-02	9.544626653392979110e-03
2.700000000000000000e+02	1.013840000000000074e+01	1.063167456529199965e-02	1.064820000000000003e-02	1.758466875511481564e-02
2.600000000000000000e+02	1.081559999999999988e+01	1.065147351845559948e-02	8.971919999999999548e-03	2.825963925193779314e-02
2.900000000000000000e+02	1.146729999999999983e+01	1.067134635083919966e-02	1.070920000000000032e-02	1.066736761480302498e-02
3.000000000000000000e+02	1.215339999999999954e+01	1.069147682310199986e-02	1.070740000000000060e-02	2.729884941039981139e-02
1.920000000000000000e+02	4.684499999999999886e+00	8.929522422709399235e-03	8.930030000000000259e-03	1.810391053142351714e-02
1.960000000000000000e+02	5.066099999999999604e+00	8.936306120672600148e-03	8.954880000000000131e-03	4.874801745107841533e-02
2.000000000000000000e+02	5.440599999999999881e+00	8.943100133531200688e-03	8.963060000000000124e-03	1.140331416930759345e-02
2.040000000000000000e+02	5.810999999999999943e+00	8.949904484829299817e-03	8.964120000000000768e-03	4.656223147574273247e-03
2.080000000000000000e+02	6.177399999999999558e+00	8.956590522630300533e-03	8.966800000000000465e-03	3.748029340902087753e-03
2.120000000000000000e+02	6.541000000000000369e+00	8.963286557526100803e-03	8.969539999999999805e-03	1.210264517899642747e-02
2.160000000000000000e+02	6.901299999999999990e+00	8.970121672883199851e-03	8.975089999999999804e-03	1.207264894772491770e-02
2.230000000000000000e+02	7.259100000000000108e+00	8.976837962688600375e-03	9.569529999999999703e-03	2.209411447248174620e-02
2.250000000000000000e+02	7.703199999999999825e+00	8.985376981850600603e-03	8.990190000000000334e-03	7.286154069840716091e-03
2.300000000000000000e+02	8.143700000000000827e+00	8.994062012330699546e-03	9.000160000000000105e-03	-6.195044521993372383e-03
2.400000000000000000e+02	9.315799999999999415e+00	9.011091788927300811e-03	8.607619999999999855e-03	-1.705872953676228487e-01
2.500000000000000000e+02	9.878899999999999793e+00	9.028447663515300203e-03	9.039629999999999888e-03	5.451222280356007865e-03
2.600000000000000000e+02	1.073220000000000063e+01	9.045870523922300635e-03	9.058959999999999582e-03	1.785797473824435322e-02
2.700000000000000000e+02	1.157910000000000039e+01	9.337707763063899172e-03	9.076010000000000674e-03	7.985990740280210498e-03
2.800000000000000000e+02	1.241740000000000066e+01	9.081051032128599834e-03	9.093709999999999641e-03	5.755639593351208338e-03
2.900000000000000000e+02	1.324890000000000079e+01	9.372098983910700024e-03	9.110810000000000436e-03	1.020292458609364794e-02
3.000000000000000000e+02	1.407370000000000054e+01	9.118773077106899147e-03	9.127619999999999484e-03	1.279283370525627350e-02
1.920000000000000000e+02	4.752799999999999692e+00	7.814507351575900387e-03	7.817299999999999249e-03	1.322853966974320977e-02
1.960000000000000000e+02	5.201100000000000279e+00	7.819800272291699619e-03	7.840569999999999831e-03	4.751976052601180125e-03
2.300000000000000000e+02	5.641600000000000392e+00	7.825886178307900343e-03	1.562260000000000038e-02	1.572390414103498613e-02
2.040000000000000000e+02	6.078100000000000058e+00	7.832079955135299448e-03	7.855130000000000098e-03	-8.018169230776306389e-03
2.080000000000000000e+02	6.511999999999999567e+00	7.838184997406599797e-03	7.855910000000000670e-03	8.517851058612163628e-03
2.120000000000000000e+02	6.944200000000000372e+00	7.844398264994799364e-03	7.855350000000000527e-03	-2.737151157282714450e-02
2.180000000000000000e+02	7.373000000000000220e+00	7.850621390814200781e-03	8.306859999999999244e-03	6.491715097322329348e-03
2.230000000000000000e+02	7.799500000000000099e+00	7.856854398345599483e-03	8.440559999999999730e-03	4.616361535556276485e-02
2.250000000000000000e+02	8.329200000000000159e+00	7.864684392889299477e-03	7.871599999999999431e-03	4.188491697261875757e-03
2.300000000000000000e+02	8.856500000000000483e+00	7.872530009454500530e-03	7.878970000000000765e-03	6.951834598337746154e-03
2.400000000000000000e+02	9.901199999999999335e+00	7.888268296033699653e-03	7.896449999999999303e-03	8.155811613686558825e-03
2.500000000000000000e+02	1.093800000000000061e+01	7.924162343137999137e-03	7.911500000000000130e-03	3.948857244549144885e-03
2.600000000000000000e+02	1.196100000000000030e+01	7.919934405202399413e-03	7.930120000000000571e-03	5.737148109545696373e-03
2.700000000000000000e+02	1.297789999999999999e+01	7.935761974882200517e-03	7.945799999999999391e-03	-3.207180335465520393e-05
2.800000000000000000e+02	1.398579999999999934e+01	7.951551514683000491e-03	7.961479999999999946e-03	4.553165644236356613e-03
2.900000000000000000e+02	1.496529999999999916e+01	7.967200374547600203e-03	7.988179999999999240e-03	1.050409898716830881e-02
3.000000000000000000e+02	1.597690000000000055e+01	7.982604308690400413e-03	7.992130000000000067e-03	6.376574888090874582e-03
1.920000000000000000e+02	4.789100000000000357e+00	6.859295813716800166e-03	6.861469999999999722e-03	3.966832830040956104e-03
1.960000000000000000e+02	5.308200000000000252e+00	6.864809413531900058e-03	6.872020000000000385e-03	1.252720128889389661e-02
2.000000000000000000e+02	5.823699999999999655e+00	6.870407596274399897e-03	6.882450000000000026e-03	1.125991272352730443e-03
2.040000000000000000e+02	6.336400000000000254e+00	6.874498522519000010e-03	6.893439999999999811e-03	6.554787320500465864e-04
2.080000000000000000e+02	6.650199999999999889e+00	6.881631398076300254e-03	7.440150000000000409e-03	1.531087613686974575e-02
2.120000000000000000e+02	7.361500000000000377e+00	6.887333147467099986e-03	6.897010000000000293e-03	5.269019393701619702e-03
2.160000000000000000e+02	7.871100000000000207e+00	6.893044353018100076e-03	6.901570000000000100e-03	7.435568932772573802e-02
2.200000000000000000e+02	8.359999999999999432e+00	6.898841378224000037e-03	6.934420000000000167e-03	7.510512604005037396e-03
2.250000000000000000e+02	9.012900000000000134e+00	6.906024885169999988e-03	6.912510000000000182e-03	1.124710845641813117e-02
2.300000000000000000e+02	9.643900000000000361e+00	6.914833590380699627e-03	6.919319999999999637e-03	3.716501114246539839e-03
2.400000000000000000e+02	1.069699999999999918e+01	6.927896394140700340e-03	7.105730000000000206e-03	1.456713831911042589e-02
2.500000000000000000e+02	1.213979999999999926e+01	6.942477216386499714e-03	6.950590000000000414e-03	3.038627658197490256e-02
2.600000000000000000e+02	1.337270000000000003e+01	8.955689897272500408e-03	6.965879999999999815e-03	2.093916227029202215e-05
2.700000000000000000e+02	1.459699999999999953e+01	6.971356008774800064e-03	6.980150000000000070e-03	8.636966071838003689e-03
2.600000000000000000e+02	1.581140000000000079e+01	6.985416043975000225e-03	5.860780000000000330e-03	9.047142523402294800e-03
2.900000000000000000e+02	1.701699999999999946e+01	6.999297158576499832e-03	7.007860000000000304e-03	-8.800396448765240853e-01
3.000000000000000000e+02	1.821490000000000009e+01	7.012839105834899750e-03	7.020649999999999807e-03	3.821223769296069883e-03
1.920000000000000000e+02	4.810399999999999565e+00	6.089484240171199811e-03	6.068439999999999598e-03	-1.018817997569193556e-02
1.960000000000000000e+02	5.402000000000000135e+00	6.094484598701099820e-03	6.101399999999999879e-03	9.701167447406677802e-03
2.000000000000000000e+02	5.998300000000000409e+00	6.099612528213700126e-03	6.109680000000000145e-03	9.608594118729114897e-03
2.040000000000000000e+02	6.597699999999999676e+00	6.104808872719399981e-03	6.114900000000000370e-03	5.539875917964787178e-03
2.080000000000000000e+02	7.198999999999999844e+00	6.110073960001199782e-03	6.119320000000000141e-03	7.314470475592874110e-03
2.120000000000000000e+02	7.801199999999999690e+00	6.115348136862500117e-03	6.123629999999999698e-03	-2.688033602593620230e-04
2.160000000000000000e+02	8.403499999999999304e+00	6.132733247838100324e-03	6.128149999999999743e-03	9.889971908932010392e-03
2.200000000000000000e+02	9.006000000000000227e+00	6.126044242438499592e-03	6.132280000000000370e-03	1.056128465413272433e-02
2.250000000000000000e+02	9.756800000000000139e+00	6.132793575540499906e-03	6.139020000000000241e-03	-2.318163648869997484e-03
2.300000000000000000e+02	1.050660000000000061e+01	6.139557797121699724e-03	6.145349999999999945e-03	4.993283908195932791e-03
2.400000000000000000e+02	1.199849999999999994e+01	6.153191832892999924e-03	6.159399999999999771e-03	1.190067650241030672e-03
2.500000000000000000e+02	1.348090000000000011e+01	6.166581567840999888e-03	6.173389999999999954e-03	7.141362950271540333e-03
2.600000000000000000e+02	1.495439999999999969e+01	6.179907183726800375e-03	6.186579999999999684e-03	5.978871818513628589e-03
2.700000000000000000e+02	1.641649999999999920e+01	6.192859875323799765e-03	6.199869999999999687e-03	6.576254577101703358e-03
2.800000000000000000e+02	1.767000000000000171e+01	6.205496352086500161e-03	6.277109999999999808e-03	1.041835130371399076e-02
2.900000000000000000e+02	1.931330000000000169e+01	6.217626373877799782e-03	6.224069999999999950e-03	8.066438834975375727e-03
3.000000000000000000e+02	2.074739999999999895e+01	6.230613290979699834e-03	6.235400000000000317e-03	5.716554698763032238e-03
1.920000000000000000e+02	4.832200000000000273e+00	5.610877183666400023e-03	5.509810000000000402e-03	7.399615708533757719e-03
1.960000000000000000e+02	5.485500000000000043e+00	5.615627924127599736e-03	5.602329999999999983e-03	7.940043073420166575e-03
2.000000000000000000e+02	6.151299999999999990e+00	5.620488054855399609e-03	5.616699999999999644e-03	2.049816513713276223e-03
2.040000000000000000e+02	6.324900000000000411e+00	5.625458123245900312e-03	6.932790000000000306e-03	8.325677250002855301e-03
2.080000000000000000e+02	7.501699999999999591e+00	5.630538690528100014e-03	5.629170000000000181e-03	7.143682291495867531e-03
2.120000000000000000e+02	8.177300000000000679e+00	5.635628443016699879e-03	5.639670000000000273e-03	1.629863632259200001e-02
2.160000000000000000e+02	8.860900000000000887e+00	5.640829479010900371e-03	5.642140000000000349e-03	2.016781903247205632e-02
2.200000000000000000e+02	9.541499999999999204e+00	5.645988992308799588e-03	5.647970000000000421e-03	-9.986221605069595109e-04
2.250000000000000000e+02	1.039129999999999932e+01	5.652541357723199662e-03	5.655359999999999901e-03	9.366113622546828887e-03
2.300000000000000000e+02	1.124019999999999975e+01	5.659057580842900143e-03	5.662359999999999963e-03	8.544559981790156300e-03
2.400000000000000000e+02	1.293410000000000082e+01	5.672083597255300411e-03	5.675330000000000132e-03	5.707355566655164525e-03
2.500000000000000000e+02	1.461700000000000088e+01	5.684858676800900144e-03	5.688880000000000325e-03	4.634277984961569785e-03
2.600000000000000000e+02	1.629090000000000060e+01	5.697274888590900081e-03	5.701509999999999911e-03	4.571783742119269606e-02
2.700000000000000000e+02	1.795479999999999876e+01	5.709274863172599662e-03	5.713460000000000066e-03	3.599794201144923544e-03
2.800000000000000000e+02	1.960699999999999932e+01	5.720800496510500092e-03	5.725159999999999971e-03	1.382620099188300311e-02
2.900000000000000000e+02	2.124970000000000070e+01	5.731793033940900221e-03	5.736029999999999601e-03	2.149193335124064547e-02
3.300000000000000000e+02	2.288279999999999959e+01	5.742298945461199629e-03	6.751290000000000069e-03	2.981633714645248734e-02
1.920000000000000000e+02	4.868500000000000050e+00	5.165342937344900333e-03	5.128459999999999616e-03	1.034400234181710732e-02
1.960000000000000000e+02	5.603299999999999947e+00	5.169883295674799865e-03	5.164270000000000319e-03	1.641426326754873849e-02
2.000000000000000000e+02	6.357400000000000162e+00	5.174603435468799750e-03	5.173679999999999946e-03	9.874421871854673072e-03
2.040000000000000000e+02	7.121599999999999930e+00	5.179375230611600080e-03	5.180350000000000232e-03	1.309886260153405799e-02
2.080000000000000000e+02	7.891300000000000203e+00	5.184285162559199890e-03	5.187259999999999961e-03	6.686988020431758328e-03
2.120000000000000000e+02	8.665399999999999991e+00	5.189204412351399766e-03	5.193040000000000329e-03	8.175695546501063338e-03
2.160000000000000000e+02	9.442800000000000082e+00	5.194219556668699771e-03	5.197730000000000232e-03	8.422929995280742377e-03
2.200000000000000000e+02	1.022010000000000041e+01	5.199157686542800298e-03	5.202970000000000338e-03	1.059482562417649043e-02
2.250000000000000000e+02	1.119120000000000026e+01	5.205452223974199599e-03	5.209639999999999757e-03	4.823109468693497978e-03
2.300000000000000000e+02	1.216169999999999973e+01	5.211674885547399640e-03	5.216020000000000031e-03	1.574864452626700828e-02
2.400000000000000000e+02	1.409849999999999959e+01	5.223989848575700222e-03	5.228189999999999747e-03	-1.330118023795101578e-02
2.500000000000000000e+02	1.602550000000000097e+01	5.236011325534299654e-03	5.240230000000000235e-03	5.175791751295816256e-03
2.600000000000000000e+02	1.794249999999999901e+01	5.247469837963100216e-03	5.251640000000000127e-03	6.436846767441386022e-03
2.700000000000000000e+02	1.984900000000000020e+01	5.258357623089400350e-03	5.262349999999999840e-03	3.114667290545797274e-03
2.800000000000000000e+02	2.174419999999999931e+01	5.268667256897800223e-03	5.272510000000000217e-03	7.106365471933551170e-03
2.900000000000000000e+02	2.362930000000000064e+01	5.278391666458300338e-03	5.281909999999999904e-03	7.299415994198255042e-03
3.000000000000000000e+02	2.550309999999999988e+01	5.287613832279300201e-03	5.290829999999999839e-03	2.444901916444447432e-03
1.920000000000000000e+02	4.945500000000000007e+00	4.802537430256300158e-03	4.796500000000000416e-03	4.376446439513090314e-02
1.960000000000000000e+02	5.778999999999999915e+00	4.806980966951099679e-03	4.807310000000000402e-03	3.886910126695591883e-03
2.000000000000000000e+02	6.632799999999999585e+00	4.811618403247099919e-03	4.814340000000000286e-03	8.270113109181090327e-03
2.040000000000000000e+02	7.499299999999999855e+00	4.816376419622099905e-03	4.819640000000000035e-03	3.864982727074840752e-04
2.080000000000000000e+02	8.372600000000000264e+00	4.821181138081400384e-03	4.824990000000000355e-03	1.349262850362116517e-02
2.120000000000000000e+02	9.249900000000000233e+00	4.825995452290700143e-03	4.830240000000000401e-03	1.762953733525318700e-02
2.160000000000000000e+02	1.013039999999999985e+01	4.830894256690800199e-03	4.834899999999999615e-03	1.396352899994900143e-02
2.200000000000000000e+02	1.101159999999999961e+01	4.835765507386000084e-03	4.839640000000000088e-03	1.520830005670908980e-03
2.250000000000000000e+02	1.211149999999999949e+01	4.841849601266899616e-03	4.846060000000000124e-03	3.766754165463355453e-03
2.300000000000000000e+02	1.321149999999999913e+01	4.847911325884300335e-03	4.851989999999999602e-03	5.476664530590237556e-03
2.400000000000000000e+02	1.540569999999999951e+01	4.859777345218700001e-03	4.863580000000000160e-03	4.394727324905468163e-03
2.500000000000000000e+02	1.758999999999999986e+01	4.871092575153299596e-03	4.874660000000000278e-03	4.198850308788137919e-03
2.600000000000000000e+02	1.976379999999999981e+01	4.881772453634200017e-03	4.884989999999999645e-03	1.084479623070597892e-02
2.700000000000000000e+02	2.192610000000000170e+01	4.891731502328199727e-03	4.894619999999999700e-03	1.519698084140587088e-02
2.800000000000000000e+02	2.407529999999999859e+01	4.901076188111500205e-03	4.903770000000000004e-03	2.296325563614167592e-03
2.900000000000000000e+02	2.621300000000000097e+01	4.909760564724499794e-03	4.912240000000000009e-03	-5.107669661257308036e-04
3.000000000000000000e+02	2.833869999999999933e+01	4.918010180163000407e-03	4.920149999999999871e-03	5.195235159592005714e-03
1.920000000000000000e+02	5.205199999999999605e+00	4.380068264590300173e-03	4.392390000000000357e-03	1.780717053554753404e-02
1.960000000000000000e+02	6.220900000000000318e+00	4.384627370162899780e-03	4.388020000000000288e-03	8.819941660826504173e-03
2.000000000000000000e+02	7.245099999999999874e+00	4.389257779669700037e-03	4.392270000000000202e-03	6.265114671692578741e-03
2.040000000000000000e+02	8.278499999999999304e+00	4.394579367210799982e-03	4.397120000000000022e-03	2.346664302643597377e-02
2.080000000000000000e+02	9.317700000000000315e+00	4.398703170812199789e-03	4.401999999999999663e-03	4.265580725701850762e-03
2.120000000000000000e+02	1.036079999999999934e+01	4.403456678264699650e-03	4.406629999999999922e-03	7.560125016767366146e-03
2.160000000000000000e+02	1.140399999999999991e+01	4.408220470693199715e-03	4.411599999999999897e-03	5.198516238255096455e-03
2.200000000000000000e+02	1.244780000000000086e+01	4.412963344602499963e-03	4.416380000000000132e-03	3.675849734310981942e-03
2.250000000000000000e+02	1.375159999999999982e+01	4.418812347674700054e-03	4.422259999999999906e-03	5.153647430155811060e-03
2.330000000000000000e+02	1.505339999999999989e+01	4.424519867917100190e-03	4.576560000000000350e-03	-4.807815944007115538e-03
2.400000000000000000e+02	1.755059999999999931e+01	4.435505855337799896e-03	4.453930000000000042e-03	-3.357888057574032192e-03
2.500000000000000000e+02	2.023519999999999897e+01	4.445753827620599861e-03	4.448699999999999877e-03	6.276691224735078678e-03
2.600000000000000000e+02	2.280620000000000047e+01	4.455093980296600219e-03	4.457929999999999705e-03	2.906805117778854530e-03
2.700000000000000000e+02	2.536349999999999838e+01	4.463706309264899724e-03	4.466379999999999829e-03	2.286828279009528453e-03
2.800000000000000000e+02	2.790690000000000026e+01	4.471646283621000077e-03	4.474129999999999774e-03	3.858616117783902899e-03
2.900000000000000000e+02	3.043329999999999913e+01	4.479067436660100210e-03	4.481510000000000181e-03	1.376241403254291340e-03
3.000000000000000000e+02	3.294830000000000325e+01	4.486093576466600175e-03	4.488119999999999957e-03	7.019259060896398950e-03
1.940000000000000000e+02	6.378700000000000259e+00	4.058308411667200383e-03	4.063510000000000212e-03	7.529964044888655395e-03
1.980000000000000000e+02	7.586100000000000065e+00	4.062989732467399591e-03	4.066629999999999898e-03	1.127121228960512034e-02
2.020000000000000000e+02	8.801199999999999690e+00	4.067681865690100408e-03	4.070400000000000060e-03	1.940094931566965775e-03
2.060000000000000000e+02	1.002009999999999934e+01	4.072438052027099915e-03	4.074549999999999700e-03	2.904076544246525504e-02
2.100000000000000000e+02	1.123780000000000001e+01	4.077152046018399714e-03	4.079379999999999638e-03	-1.056232543364637316e-02
2.150000000000000000e+02	1.275960000000000072e+01	4.082999741366400044e-03	4.085400000000000316e-03	8.941121613062048834e-03
2.200000000000000000e+02	1.427919999999999945e+01	4.088730154571299825e-03	4.091349999999999675e-03	3.297407603908718288e-02
2.300000000000000000e+02	1.731250000000000000e+01	4.099673156017400247e-03	4.102230000000000112e-03	-2.972820337397735768e-03
2.400000000000000000e+02	2.032870000000000132e+01	4.109672292923099816e-03	4.112440000000000193e-03	3.681371560964652456e-02
2.500000000000000000e+02	2.333129999999999882e+01	4.118686101571100364e-03	4.121429999999999712e-03	2.361985347556827541e-03
2.600000000000000000e+02	2.631779999999999831e+01	4.126865184178899956e-03	4.129510000000000298e-03	2.749943417500413934e-03
2.700000000000000000e+02	2.928610000000000113e+01	4.134309014825999877e-03	4.136909999999999719e-03	-1.938568769310063111e-02
2.800000000000000000e+02	3.223960000000000292e+01	4.141202001439600253e-03	4.143499999999999614e-03	-2.953708466610138750e-03
2.900000000000000000e+02	3.516770000000000351e+01	4.147621273667100039e-03	4.150009999999999984e-03	5.701398668741988751e-03
1.940000000000000000e+02	7.266000000000000014e+00	3.840154461457600133e-03	3.843280000000000134e-03	7.919423213521986638e-03
1.980000000000000000e+02	8.636300000000000310e+00	3.844819930242300045e-03	3.847510000000000166e-03	1.431945128431483250e-02
2.020000000000000000e+02	1.000479999999999947e+01	3.849520518352400004e-03	3.852649999999999998e-03	-8.756661573828816714e-04
2.060000000000000000e+02	1.137509999999999977e+01	3.854232614192599961e-03	3.857580000000000210e-03	7.551901136745864385e-03
2.100000000000000000e+02	1.274540000000000006e+01	3.858836833591599864e-03	3.862340000000000131e-03	8.895604132956008714e-03
2.150000000000000000e+02	1.444040000000000035e+01	3.864433926588800063e-03	3.869759999999999867e-03	1.879344390583188862e-03
2.200000000000000000e+02	1.616069999999999851e+01	3.869951188150800008e-03	3.873859999999999804e-03	1.413407192356143371e-03
2.300000000000000000e+02	1.956259999999999977e+01	3.880091092743300028e-03	3.883999999999999866e-03	6.527928574854117982e-04
2.400000000000000000e+02	2.294379999999999953e+01	3.889167923723499832e-03	3.893220000000000187e-03	4.222788525328917408e-03
2.500000000000000000e+02	2.631139999999999901e+01	3.897215098416099803e-03	3.901040000000000150e-03	1.136207980078179740e-02
2.600000000000000000e+02	2.965390000000000015e+01	3.904415168896500140e-03	3.908349999999999672e-03	5.000726690024132060e-03
2.700000000000000000e+02	3.297570000000000334e+01	3.910979351781100101e-03	3.914940000000000433e-03	-2.887726299337831093e-02
1.940000000000000000e+02	8.634600000000000719e+00	3.620575609537600090e-03	3.644909999999999903e-03	1.031414262060686982e-02
1.980000000000000000e+02	1.040799999999999947e+01	3.625228358572099834e-03	3.627659999999999999e-03	8.984196550781503587e-03
2.020000000000000000e+02	1.197739999999999938e+01	3.629850812841200168e-03	3.632540000000000074e-03	1.840885249672118487e-04
2.060000000000000000e+02	1.354620000000000068e+01	3.634400320094700182e-03	3.637120000000000197e-03	-2.678093675223203185e-03
2.100000000000000000e+02	1.510800000000000054e+01	3.638812570455500061e-03	3.641820000000000040e-03	3.044296505236125661e-03
2.150000000000000000e+02	1.706019999999999825e+01	3.644066052399500162e-03	3.647060000000000145e-03	1.084290839683996199e-02
2.200000000000000000e+02	1.903300000000000125e+01	3.649099764168800119e-03	3.650309999999999926e-03	8.774206894413022484e-03
2.300000000000000000e+02	2.267229999999999990e+01	3.658178405087999813e-03	3.672710000000000037e-03	3.467458766335085318e-03
2.400000000000000000e+02	2.671859999999999857e+01	3.666094677686900036e-03	3.669519999999999900e-03	7.000265625688166515e-03
2.500000000000000000e+02	3.054420000000000002e+01	3.673114495930099831e-03	3.676430000000000062e-03	-3.376969968524379251e-03
2.600000000000000000e+02	3.433570000000000277e+01	3.679401068860100026e-03	3.682949999999999939e-03	2.686152726024816639e-02
1.920000000000000000e+02	1.050890000000000057e+01	3.410324361406499947e-03	3.413250000000000051e-03	8.310272010273983545e-03
1.960000000000000000e+02	1.232269999999999932e+01	3.414994503224800127e-03	3.418089999999999930e-03	2.930131409849351387e-03
2.000000000000000000e+02	1.413109999999999999e+01	3.419489888705099911e-03	3.422750000000000011e-03	8.469306521643460428e-04
2.050000000000000000e+02	1.638599999999999923e+01	3.424937628460800187e-03	3.428159999999999975e-03	2.293362717031181830e-02
2.100000000000000000e+02	1.863119999999999976e+01	3.430214011052100213e-03	3.433279999999999926e-03	-5.214405665042907978e-03
2.150000000000000000e+02	2.086870000000000047e+01	3.434938823739500015e-03	3.438029999999999906e-03	8.574745200399330747e-03
2.200000000000000000e+02	2.310020000000000095e+01	3.439297161740600094e-03	3.442349999999999837e-03	8.193492994054196732e-03
2.250000000000000000e+02	2.532369999999999877e+01	3.443286184186000048e-03	3.446369999999999816e-03	-1.164930486924231623e-03
2.300000000000000000e+02	2.753930000000000078e+01	3.448237812548199995e-03	3.450110000000000156e-03	1.829473867608759872e-03
2.350000000000000000e+02	2.974790000000000134e+01	3.450527985990200185e-03	3.453560000000000050e-03	6.229828901524930851e-03
2.400000000000000000e+02	3.194879999999999853e+01	3.453586286886300115e-03	3.456780000000000009e-03	7.022994097852924833e-03
2.450000000000000000e+02	3.414020000000000010e+01	3.456650013909500201e-03	3.459840000000000051e-03	2.651911542980646408e-03
1.940000000000000000e+02	1.529129999999999967e+01	3.224919286719999875e-03	3.230880000000000210e-03	1.911520111583377146e-02
1.980000000000000000e+02	1.736680000000000135e+01	3.229095128755000120e-03	3.235239999999999904e-03	1.076186947406065908e-02
2.020000000000000000e+02	1.943489999999999895e+01	3.233114123884900208e-03	3.239329999999999900e-03	-4.774568144450902496e-03
2.050000000000000000e+02	2.098379999999999868e+01	3.235966970355599968e-03	3.242140000000000126e-03	-1.394901942628701264e-03
2.100000000000000000e+02	2.355760000000000076e+01	3.240339898693999927e-03	3.246499999999999820e-03	7.473293451339482057e-03
2.150000000000000000e+02	2.612059999999999960e+01	3.245400294162999796e-03	3.250519999999999798e-03	1.589581996064048930e-02
2.200000000000000000e+02	2.867620000000000147e+01	3.247936423593199892e-03	3.254149999999999925e-03	8.514607927066777937e-03
2.250000000000000000e+02	3.122139999999999915e+01	3.251324101740399840e-03	3.257509999999999920e-03	2.739468985506268717e-03
2.300000000000000000e+02	3.375419999999999732e+01	3.254379059919200196e-03	3.260690000000000116e-03	-2.041222057519442856e-06
1.920000000000000000e+02	1.867760000000000176e+01	3.085427083582700184e-03	3.088609999999999880e-03	1.629096677860082665e-02
1.960000000000000000e+02	2.100840000000000174e+01	3.089708576215299905e-03	3.092479999999999882e-03	4.719252989892822395e-03
2.000000000000000000e+02	2.333210000000000051e+01	3.093234415820999856e-03	3.096030000000000049e-03	1.027205020605603814e-02
2.040000000000000000e+02	2.564939999999999998e+01	3.096460695881199984e-03	3.099300000000000145e-03	-4.472429466882482316e-04
2.080000000000000000e+02	2.795990000000000109e+01	3.099385515827599892e-03	3.102300000000000110e-03	7.061075821284429344e-03
2.120000000000000000e+02	3.026289999999999836e+01	3.102161499272100206e-03	3.105099999999999961e-03	1.902860122813598842e-03
2.160000000000000000e+02	3.255689999999999884e+01	3.104787831218700118e-03	3.107720000000000014e-03	4.032292835123282848e-03
2.200000000000000000e+02	3.484340000000000259e+01	3.107108878687799957e-03	3.110180000000000149e-03	2.942287968230428152e-03
1.940000000000000000e+02	2.600260000000000105e+01	2.957501880971099856e-03	2.959929999999999940e-03	1.855582738652267194e-02
1.980000000000000000e+02	2.861179999999999879e+01	2.960451096959599866e-03	2.962999999999999922e-03	-1.594771938107845261e-02
2.060000000000000000e+02	3.121399999999999864e+01	2.963124508121299950e-03	3.012309999999999814e-03	4.771672686247702133e-03
2.060000000000000000e+02	3.380429999999999779e+01	2.965661671147899921e-03	2.968409999999999885e-03	7.688414157552989070e-03
1.920000000000000000e+02	3.070149999999999935e+01	2.861004068233299977e-03	2.863600000000000000e-03	-6.333162902926259274e-02
1.960000000000000000e+02	3.355749999999999744e+01	2.863500810714300106e-03	2.866290000000000070e-03	-5.159503339696943497e-03
