# Temperature (K)	Pressure (MPa)	Experimental(kJ/mol)	NIST(kJ/mol)	Model(kJ/mol)
1.950000000000000000e+02	5.000000000000000000e+00	7.402999999999999581e+00	7.862980000000000302e+00	1.012476599705932934e+01
2.000000000000000000e+02	5.000000000000000000e+00	8.309900000000000730e+00	8.733670000000000044e+00	1.015129997920960037e+01
2.100000000000000000e+02	5.000000000000000000e+00	9.226599999999999469e+00	9.607739999999999725e+00	1.020436794351015841e+01
2.200000000000000000e+02	5.000000000000000000e+00	9.853099999999999525e+00	1.024160000000000004e+01	1.025743590781070225e+01
2.300000000000000000e+02	5.000000000000000000e+00	1.039600000000000080e+01	1.078550000000000075e+01	1.031050387211126385e+01
2.400000000000000000e+02	5.000000000000000000e+00	1.089620000000000033e+01	1.128129999999999988e+01	1.036357183641180590e+01
2.500000000000000000e+02	5.000000000000000000e+00	1.136679999999999957e+01	1.174760000000000026e+01	1.041663980071236750e+01
2.550000000000000000e+02	5.000000000000000000e+00	1.159639999999999915e+01	1.197300000000000075e+01	1.044317378286263853e+01
3.387099999999999795e+02	6.889999999999999680e+00	8.478999999999999870e-01	1.524130000000000074e+01	1.064419179352724498e+01
3.387099999999999795e+02	1.033999999999999986e+01	1.258099999999999996e+00	1.483259999999999934e+01	1.020022987881359455e+01
3.387099999999999795e+02	1.378999999999999915e+01	1.616300000000000070e+00	1.445470000000000077e+01	9.756267964099933465e+00
2.942599999999999909e+02	6.889999999999999680e+00	1.121099999999999985e+00	1.332390000000000008e+01	1.040830469221129562e+01
2.942599999999999909e+02	1.033999999999999986e+01	1.664500000000000091e+00	1.274160000000000004e+01	9.964342777497641634e+00
3.109300000000000068e+02	6.889999999999999680e+00	9.930999999999999828e-01	1.405109999999999992e+01	1.049676898870031749e+01
3.109300000000000068e+02	1.033999999999999986e+01	1.462900000000000089e+00	1.354729999999999990e+01	1.005280707398666351e+01
3.275899999999999750e+02	6.889999999999999680e+00	8.990000000000000213e-01	1.476660000000000039e+01	1.058518021722503377e+01
3.275899999999999750e+02	1.033999999999999986e+01	1.313299999999999912e+00	1.432380000000000031e+01	1.014121830251137979e+01
3.442599999999999909e+02	6.889999999999999680e+00	8.154000000000000137e-01	1.547799999999999976e+01	1.067364451371404854e+01
3.442599999999999909e+02	1.033999999999999986e+01	1.169599999999999973e+00	1.508460000000000001e+01	9.593187763682294644e+00
3.609300000000000068e+02	6.889999999999999680e+00	7.486000000000000432e-01	1.619010000000000105e+01	1.010927923966785968e+01
3.609300000000000068e+02	1.033999999999999986e+01	1.077800000000000091e+00	1.583750000000000036e+01	9.635346191425995244e+00
3.775899999999999750e+02	6.889999999999999680e+00	6.814999999999999947e-01	1.690569999999999951e+01	1.015141237741290325e+01
3.775899999999999750e+02	1.033999999999999986e+01	9.848999999999999977e-01	1.658770000000000167e+01	9.677479329171040590e+00
1.942599999999999909e+02	4.690000000000000391e+00	8.826200000000000045e+00	8.335089999999999222e+00	9.989989007917300157e+00
1.970399999999999920e+02	4.690000000000000391e+00	9.247899999999999565e+00	8.723019999999999996e+00	9.997019627541028797e+00
1.998199999999999932e+02	4.690000000000000391e+00	9.538999999999999702e+00	9.011509999999999465e+00	1.000405024716474678e+01
2.025900000000000034e+02	4.690000000000000391e+00	9.785299999999999443e+00	9.252459999999999241e+00	1.001105557678982194e+01
2.053700000000000045e+02	4.690000000000000391e+00	1.000929999999999964e+01	9.466469999999999274e+00	1.001808619641355058e+01
2.109300000000000068e+02	4.690000000000000391e+00	1.039739999999999931e+01	9.843410000000000437e+00	1.003214743566100076e+01
2.164799999999999898e+02	4.690000000000000391e+00	1.074070000000000036e+01	1.017740000000000045e+01	1.004618338490980278e+01
2.220399999999999920e+02	4.690000000000000391e+00	1.105049999999999955e+01	1.048499999999999943e+01	1.006024462415725296e+01
2.275900000000000034e+02	4.690000000000000391e+00	1.133779999999999966e+01	1.077350000000000030e+01	1.007428057340604433e+01
2.331500000000000057e+02	4.690000000000000391e+00	1.161030000000000051e+01	1.104889999999999972e+01	1.008834181265349450e+01
2.387100000000000080e+02	4.690000000000000391e+00	1.187149999999999928e+01	1.131390000000000029e+01	1.010240305190094112e+01
2.442599999999999909e+02	4.690000000000000391e+00	1.212899999999999956e+01	1.157039999999999935e+01	1.011643900114974493e+01
2.498199999999999932e+02	4.690000000000000391e+00	1.237909999999999933e+01	1.182089999999999996e+01	1.013050024039719510e+01
2.553700000000000045e+02	4.690000000000000391e+00	1.261790000000000056e+01	1.206579999999999941e+01	9.652843330960557466e+00
2.609300000000000068e+02	4.690000000000000391e+00	1.285679999999999978e+01	1.230690000000000062e+01	9.613941077614617470e+00
2.664800000000000182e+02	4.690000000000000391e+00	1.309190000000000076e+01	1.254420000000000002e+01	9.575108792350221165e+00
2.720400000000000205e+02	4.690000000000000391e+00	1.332699999999999996e+01	1.277909999999999968e+01	9.536206539004275839e+00
2.775899999999999750e+02	4.690000000000000391e+00	1.355840000000000067e+01	1.301140000000000008e+01	9.497374253739888417e+00
2.831499999999999773e+02	4.690000000000000391e+00	1.378979999999999961e+01	1.324230000000000018e+01	9.458472000393932433e+00
1.942599999999999909e+02	4.830000000000000071e+00	8.397000000000000242e+00	8.069330000000000780e+00	1.006141572525904415e+01
1.970399999999999920e+02	4.830000000000000071e+00	9.035199999999999676e+00	8.557389999999999830e+00	1.004196459858606971e+01
1.998199999999999932e+02	4.830000000000000071e+00	9.408400000000000318e+00	8.883620000000000516e+00	1.002251347191309172e+01
2.025900000000000034e+02	4.830000000000000071e+00	9.677099999999999369e+00	9.145500000000000185e+00	1.000313231332168051e+01
2.053700000000000045e+02	4.830000000000000071e+00	9.919700000000000628e+00	9.373300000000000409e+00	9.983681186648702521e+00
2.109300000000000068e+02	4.830000000000000071e+00	1.032649999999999935e+01	9.767780000000000129e+00	9.944778933302751867e+00
2.164799999999999898e+02	4.830000000000000071e+00	1.067730000000000068e+01	1.011280000000000001e+01	9.905946648038360891e+00
2.220399999999999920e+02	4.830000000000000071e+00	1.099080000000000013e+01	1.042820000000000036e+01	9.867044394692420894e+00
2.275900000000000034e+02	4.830000000000000071e+00	1.128560000000000052e+01	1.072259999999999991e+01	9.828212109428019261e+00
2.331500000000000057e+02	4.830000000000000071e+00	1.156179999999999986e+01	1.100259999999999927e+01	9.789309856082079264e+00
2.387100000000000080e+02	4.830000000000000071e+00	1.182670000000000066e+01	1.127139999999999986e+01	9.750407602736125057e+00
2.442599999999999909e+02	4.830000000000000071e+00	1.208419999999999916e+01	1.153100000000000058e+01	9.711575317471735858e+00
2.498199999999999932e+02	4.830000000000000071e+00	1.233799999999999919e+01	1.178420000000000023e+01	9.727987378500298377e+00
2.553700000000000045e+02	4.830000000000000071e+00	1.258060000000000045e+01	1.203139999999999965e+01	9.686556911447901541e+00
2.609300000000000068e+02	4.830000000000000071e+00	1.282319999999999993e+01	1.227459999999999951e+01	9.645051794905326048e+00
2.664800000000000182e+02	4.830000000000000071e+00	1.306199999999999939e+01	1.251370000000000005e+01	9.603621327852916778e+00
2.720400000000000205e+02	4.830000000000000071e+00	1.329720000000000013e+01	1.275029999999999930e+01	9.562116211310339509e+00
2.775899999999999750e+02	4.830000000000000071e+00	1.352849999999999930e+01	1.298399999999999999e+01	9.520685744257944449e+00
2.831499999999999773e+02	4.830000000000000071e+00	1.375990000000000002e+01	1.321620000000000061e+01	9.479180627715354746e+00
1.942599999999999909e+02	5.519999999999999574e+00	6.613100000000000200e+00	6.086529999999999774e+00	1.004429129083424144e+01
1.970399999999999920e+02	5.519999999999999574e+00	7.583400000000000141e+00	7.120949999999999669e+00	1.002353873256295458e+01
1.998199999999999932e+02	5.519999999999999574e+00	8.546300000000000452e+00	8.019299999999999429e+00	1.000278617429166772e+01
2.025900000000000034e+02	5.519999999999999574e+00	9.031499999999999417e+00	8.496309999999999363e+00	9.982108265510555967e+00
2.053700000000000045e+02	5.519999999999999574e+00	9.367300000000000182e+00	8.838260000000000005e+00	9.961355707239267332e+00
2.109300000000000068e+02	5.519999999999999574e+00	9.904799999999999827e+00	9.357089999999999463e+00	9.919850590696677628e+00
2.164799999999999898e+02	5.519999999999999574e+00	1.032649999999999935e+01	9.771689999999999543e+00	9.878420123644280793e+00
2.220399999999999920e+02	5.519999999999999574e+00	1.069219999999999970e+01	1.013330000000000020e+01	9.836915007101703523e+00
2.275900000000000034e+02	5.519999999999999574e+00	1.102059999999999995e+01	1.046110000000000007e+01	9.795484540049308464e+00
2.331500000000000057e+02	5.519999999999999574e+00	1.132290000000000063e+01	1.076689999999999969e+01	9.753979423506718760e+00
2.387100000000000080e+02	5.519999999999999574e+00	1.161030000000000051e+01	1.105630000000000024e+01	9.712474306964141491e+00
2.442599999999999909e+02	5.519999999999999574e+00	1.188649999999999984e+01	1.133280000000000065e+01	9.718973783421835932e+00
2.498199999999999932e+02	5.519999999999999574e+00	1.215140000000000065e+01	1.160019999999999918e+01	9.675588084836190816e+00
2.553700000000000045e+02	5.519999999999999574e+00	1.240889999999999915e+01	1.185960000000000036e+01	9.632280418082535434e+00
2.609300000000000068e+02	5.519999999999999574e+00	1.265900000000000070e+01	1.211340000000000039e+01	9.588894719496892094e+00
2.664800000000000182e+02	5.519999999999999574e+00	1.290530000000000044e+01	1.236190000000000033e+01	9.545587052743234935e+00
2.720400000000000205e+02	5.519999999999999574e+00	1.315160000000000018e+01	1.260679999999999978e+01	9.502201354157589819e+00
2.775899999999999750e+02	5.519999999999999574e+00	1.339419999999999966e+01	1.284789999999999921e+01	9.458893687403927331e+00
2.831499999999999773e+02	5.519999999999999574e+00	1.363299999999999912e+01	1.308689999999999998e+01	9.415507988818278662e+00
1.942599999999999909e+02	6.209999999999999964e+00	6.299599999999999866e+00	5.753400000000000070e+00	1.000586513483545836e+01
1.970399999999999920e+02	6.209999999999999964e+00	6.766099999999999781e+00	6.193260000000000431e+00	9.984172285542630476e+00
1.998199999999999932e+02	6.209999999999999964e+00	7.348300000000000054e+00	6.813220000000000276e+00	9.962479436249813247e+00
2.025900000000000034e+02	6.209999999999999964e+00	8.053699999999999193e+00	7.550309999999999633e+00	9.940864618788975093e+00
2.053700000000000045e+02	6.209999999999999964e+00	8.568699999999999761e+00	8.126429999999999154e+00	9.919171769496156088e+00
2.109300000000000068e+02	6.209999999999999964e+00	9.363599999999999923e+00	8.868949999999999889e+00	9.875786070910512748e+00
2.164799999999999898e+02	6.209999999999999964e+00	9.893599999999999284e+00	9.387859999999999872e+00	9.832478404156844931e+00
2.220399999999999920e+02	6.209999999999999964e+00	1.033019999999999960e+01	9.811749999999999972e+00	9.789092705571199815e+00
2.275900000000000034e+02	6.209999999999999964e+00	1.071829999999999927e+01	1.018169999999999931e+01	9.745785038817544432e+00
2.331500000000000057e+02	6.209999999999999964e+00	1.107290000000000063e+01	1.051859999999999928e+01	9.702399340231899316e+00
2.387100000000000080e+02	6.209999999999999964e+00	1.138260000000000005e+01	1.083189999999999920e+01	9.691564913937591896e+00
2.442599999999999909e+02	6.209999999999999964e+00	1.167370000000000019e+01	1.112770000000000081e+01	9.647020279377240826e+00
2.498199999999999932e+02	6.209999999999999964e+00	1.195739999999999981e+01	1.141109999999999935e+01	9.602395384214094776e+00
2.553700000000000045e+02	6.209999999999999964e+00	1.223349999999999937e+01	1.168399999999999928e+01	9.557850749653743705e+00
2.609300000000000068e+02	6.209999999999999964e+00	1.249479999999999968e+01	1.194929999999999914e+01	9.513225854490595879e+00
2.664800000000000182e+02	6.209999999999999964e+00	1.275600000000000023e+01	1.220780000000000065e+01	9.468681219930244808e+00
2.720400000000000205e+02	6.209999999999999964e+00	1.300980000000000025e+01	1.246160000000000068e+01	9.424056324767098758e+00
2.775899999999999750e+02	6.209999999999999964e+00	1.325980000000000025e+01	1.271059999999999945e+01	9.379511690206747687e+00
2.831499999999999773e+02	6.209999999999999964e+00	1.350609999999999999e+01	1.295669999999999966e+01	9.334886795043599861e+00
1.942599999999999909e+02	6.889999999999999680e+00	6.154099999999999682e+00	5.595379999999999576e+00	9.944028444605210737e+00
1.970399999999999920e+02	6.889999999999999680e+00	6.478799999999999670e+00	5.927489999999999704e+00	9.921715997023623501e+00
1.998199999999999932e+02	6.889999999999999680e+00	6.848200000000000287e+00	6.322169999999999845e+00	9.899403549442048700e+00
2.025900000000000034e+02	6.889999999999999680e+00	7.299800000000000288e+00	6.802620000000000111e+00	9.877171362463284865e+00
2.053700000000000045e+02	6.889999999999999680e+00	7.833499999999999908e+00	7.354420000000000179e+00	9.854858914881713616e+00
2.109300000000000068e+02	6.889999999999999680e+00	8.781399999999999650e+00	8.310660000000000380e+00	9.810234019718551579e+00
2.164799999999999898e+02	6.889999999999999680e+00	9.438299999999999912e+00	8.965909999999999158e+00	9.765689385158214719e+00
2.220399999999999920e+02	6.889999999999999680e+00	9.964499999999999247e+00	9.468310000000000670e+00	9.721064489995052682e+00
2.275900000000000034e+02	6.889999999999999680e+00	1.041230000000000011e+01	9.889099999999999113e+00	9.677067972020219955e+00
2.331500000000000057e+02	6.889999999999999680e+00	1.080039999999999978e+01	1.026200000000000045e+01	9.631994773538677279e+00
2.387100000000000080e+02	6.889999999999999680e+00	1.114750000000000085e+01	1.060249999999999915e+01	9.586921575057145262e+00
2.442599999999999909e+02	6.889999999999999680e+00	1.146850000000000058e+01	1.091960000000000086e+01	9.541929443479345352e+00
2.498199999999999932e+02	6.889999999999999680e+00	1.176699999999999946e+01	1.122029999999999994e+01	9.496856244997809782e+00
2.553700000000000045e+02	6.889999999999999680e+00	1.205439999999999934e+01	1.150750000000000028e+01	9.451864113420009872e+00
2.609300000000000068e+02	6.889999999999999680e+00	1.233060000000000045e+01	1.178519999999999968e+01	9.406790914938465420e+00
2.664800000000000182e+02	6.889999999999999680e+00	1.259929999999999950e+01	1.205419999999999980e+01	9.361798783360679721e+00
2.720400000000000205e+02	6.889999999999999680e+00	1.286420000000000030e+01	1.231719999999999970e+01	9.316725584879137045e+00
2.775899999999999750e+02	6.889999999999999680e+00	1.312170000000000059e+01	1.257450000000000045e+01	9.271733453301337136e+00
2.831499999999999773e+02	6.889999999999999680e+00	1.337550000000000061e+01	1.282779999999999987e+01	9.226660254819801565e+00
1.942599999999999909e+02	8.269999999999999574e+00	5.993599999999999817e+00	5.414670000000000094e+00	9.738535005841127301e+00
1.970399999999999920e+02	8.269999999999999574e+00	6.247399999999999842e+00	5.672640000000000349e+00	9.715998406600366621e+00
1.998199999999999932e+02	8.269999999999999574e+00	6.523600000000000065e+00	5.950689999999999813e+00	9.693461807359591731e+00
2.025900000000000034e+02	8.269999999999999574e+00	6.825800000000000090e+00	6.252559999999999896e+00	9.671006275022564935e+00
2.053700000000000045e+02	8.269999999999999574e+00	7.150500000000000078e+00	6.584769999999999790e+00	9.648469675781791821e+00
2.109300000000000068e+02	8.269999999999999574e+00	7.885699999999999932e+00	7.329649999999999999e+00	9.603396477300261580e+00
2.164799999999999898e+02	8.269999999999999574e+00	8.639599999999999724e+00	8.082019999999999982e+00	9.534967664473052551e+00
2.220399999999999920e+02	8.269999999999999574e+00	9.288999999999999702e+00	8.727289999999999992e+00	9.491119406009957515e+00
2.275900000000000034e+02	8.269999999999999574e+00	9.818899999999999295e+00	9.259999999999999787e+00	9.447350011321079322e+00
2.331500000000000057e+02	8.269999999999999574e+00	1.027420000000000044e+01	9.715519999999999712e+00	9.403501752857994944e+00
2.387100000000000080e+02	8.269999999999999574e+00	1.067730000000000068e+01	1.011829999999999963e+01	9.359653494394899909e+00
2.442599999999999909e+02	8.269999999999999574e+00	1.104299999999999926e+01	1.048390000000000022e+01	9.315884099706021715e+00
2.498199999999999932e+02	8.269999999999999574e+00	1.138260000000000005e+01	1.082349999999999923e+01	9.272035841242939114e+00
2.553700000000000045e+02	8.269999999999999574e+00	1.170359999999999978e+01	1.114279999999999937e+01	9.228266446554060920e+00
2.609300000000000068e+02	8.269999999999999574e+00	1.200210000000000043e+01	1.144730000000000025e+01	9.184418188090964108e+00
2.664800000000000182e+02	8.269999999999999574e+00	1.229320000000000057e+01	1.173939999999999984e+01	9.140648793402091243e+00
2.720400000000000205e+02	8.269999999999999574e+00	1.257690000000000019e+01	1.202229999999999954e+01	9.096800534939005090e+00
2.775899999999999750e+02	8.269999999999999574e+00	1.285299999999999976e+01	1.229700000000000060e+01	9.053031140250123343e+00
2.831499999999999773e+02	8.269999999999999574e+00	1.312170000000000059e+01	1.256589999999999918e+01	9.009182881787030084e+00
1.942599999999999909e+02	1.033999999999999986e+01	5.900299999999999656e+00	5.272079999999999878e+00	9.381259609587635495e+00
1.970399999999999920e+02	1.033999999999999986e+01	6.113000000000000433e+00	5.489410000000000345e+00	9.359335480356079984e+00
1.998199999999999932e+02	1.033999999999999986e+01	6.340700000000000003e+00	5.714769999999999683e+00	9.337411351124540460e+00
2.025900000000000034e+02	1.033999999999999986e+01	6.572099999999999831e+00	5.948339999999999961e+00	9.315566085667214224e+00
2.053700000000000045e+02	1.033999999999999986e+01	6.814700000000000202e+00	6.192800000000000082e+00	9.222371825663552514e+00
2.109300000000000068e+02	1.033999999999999986e+01	7.340900000000000425e+00	6.714570000000000149e+00	9.179428414998323404e+00
2.164799999999999898e+02	1.033999999999999986e+01	7.900699999999999612e+00	7.274980000000000224e+00	9.136562240683200997e+00
2.220399999999999920e+02	1.033999999999999986e+01	8.479100000000000747e+00	7.853399999999999714e+00	9.093618830017973664e+00
2.275900000000000034e+02	1.033999999999999986e+01	9.038899999999999935e+00	8.414020000000000721e+00	9.050752655702860139e+00
2.331500000000000057e+02	1.033999999999999986e+01	9.557700000000000529e+00	8.934649999999999537e+00	9.007809245037622148e+00
2.387100000000000080e+02	1.033999999999999986e+01	1.002420000000000044e+01	9.407849999999999824e+00	8.964865834372384157e+00
2.442599999999999909e+02	1.033999999999999986e+01	1.044589999999999996e+01	9.837460000000000093e+00	8.921999660057270631e+00
2.498199999999999932e+02	1.033999999999999986e+01	1.083399999999999963e+01	1.023269999999999946e+01	8.879056249392043298e+00
2.553700000000000045e+02	1.033999999999999986e+01	1.119229999999999947e+01	1.059929999999999950e+01	8.836190075076920891e+00
2.609300000000000068e+02	1.033999999999999986e+01	1.152439999999999998e+01	1.094449999999999967e+01	8.793246664411691782e+00
2.664800000000000182e+02	1.033999999999999986e+01	1.184539999999999971e+01	1.127149999999999963e+01	8.750380490096569375e+00
2.720400000000000205e+02	1.033999999999999986e+01	1.215520000000000067e+01	1.158500000000000085e+01	8.707437079431342042e+00
2.775899999999999750e+02	1.033999999999999986e+01	1.245369999999999955e+01	1.188640000000000008e+01	8.664570905116228516e+00
2.831499999999999773e+02	1.033999999999999986e+01	1.274479999999999968e+01	1.217900000000000027e+01	8.621627494450990525e+00
1.942599999999999909e+02	1.378999999999999915e+01	5.803300000000000125e+00	5.160870000000000068e+00	8.680935665191320538e+00
1.970399999999999920e+02	1.378999999999999915e+01	5.986100000000000421e+00	5.350270000000000081e+00	8.659463959858703319e+00
1.998199999999999932e+02	1.378999999999999915e+01	6.180200000000000138e+00	5.542970000000000397e+00	7.906964991003601284e+00
2.025900000000000034e+02	1.378999999999999915e+01	6.374299999999999855e+00	5.738470000000000404e+00	7.886112566817184089e+00
2.053700000000000045e+02	1.378999999999999915e+01	6.568299999999999805e+00	5.938349999999999795e+00	7.865184863121064573e+00
2.109300000000000068e+02	1.378999999999999915e+01	6.967699999999999783e+00	6.349730000000000096e+00	7.823329455728839754e+00
2.164799999999999898e+02	1.378999999999999915e+01	7.385600000000000165e+00	6.775990000000000180e+00	7.781549327846307484e+00
2.220399999999999920e+02	1.378999999999999915e+01	7.818599999999999994e+00	7.217100000000000293e+00	7.739693920454073783e+00
2.275900000000000034e+02	1.378999999999999915e+01	8.262700000000000600e+00	7.667049999999999699e+00	7.697913792571545955e+00
2.331500000000000057e+02	1.378999999999999915e+01	8.710499999999999687e+00	8.120369999999999422e+00	7.656058385179314030e+00
2.387100000000000080e+02	1.378999999999999915e+01	9.158400000000000318e+00	8.568419999999999703e+00	7.614202977787080329e+00
2.442599999999999909e+02	1.378999999999999915e+01	9.587500000000000355e+00	9.003849999999999909e+00	7.572422849904551612e+00
2.498199999999999932e+02	1.378999999999999915e+01	1.000549999999999962e+01	9.423859999999999459e+00	7.530567442512318799e+00
2.553700000000000045e+02	1.378999999999999915e+01	1.040479999999999983e+01	9.824939999999999785e+00	7.488787314629786529e+00
2.609300000000000068e+02	1.378999999999999915e+01	1.078550000000000075e+01	1.020839999999999925e+01	7.446931907237556381e+00
2.664800000000000182e+02	1.378999999999999915e+01	1.114750000000000085e+01	1.057390000000000008e+01	7.405151779355024999e+00
2.720400000000000205e+02	1.378999999999999915e+01	1.149830000000000041e+01	1.092450000000000010e+01	7.363296371962792186e+00
2.775899999999999750e+02	1.378999999999999915e+01	1.183419999999999916e+01	1.126079999999999970e+01	7.321516244080262581e+00
2.831499999999999773e+02	1.378999999999999915e+01	1.215889999999999915e+01	1.158569999999999922e+01	7.279660836688030656e+00
