# Temperature (K)	Pressure (MPa)	Experimental(kg/m3)	NIST(kg/m3)	Model(kg/m3)
1.650000000000000000e+02	2.372100000000000097e+00	3.207999999999999829e+01	3.260840000000000032e+02	3.307281009565045906e+02
1.300000000000000000e+02	2.473700000000000010e+00	3.207999999999999829e+01	3.968960000000000150e+02	3.803284642462033389e+02
1.907500000000000000e+02	4.570999999999999730e+00	1.160157159999999976e+02	1.140589999999999975e+02	2.728389782548802032e+02
1.908389999999999986e+02	4.634199999999999875e+00	1.638133119999999963e+02	1.428700000000000045e+02	2.750419453054804535e+02
1.905320000000000107e+02	4.583400000000000141e+00	1.789871519999999805e+02	1.278379999999999939e+02	2.690338293167849884e+02
1.907030000000000030e+02	4.659900000000000375e+00	2.063321439999999996e+02	2.039759999999999991e+02	2.909918055416231937e+02
1.889689999999999941e+02	4.386599999999999611e+00	2.205756639999999891e+02	2.199370000000000118e+02	2.678463935435313488e+02
1.892580000000000098e+02	4.450199999999999712e+00	2.205660399999999868e+02	2.198859999999999957e+02	2.920087964145685646e+02
1.897669999999999959e+02	4.563900000000000290e+00	2.205660399999999868e+02	2.199199999999999875e+02	3.037776457733137363e+02
1.901719999999999970e+02	4.654899999999999594e+00	2.205564160000000129e+02	2.199319999999999879e+02	2.697034868408586590e+02
1.904470000000000027e+02	4.717699999999999783e+00	2.205564160000000129e+02	2.200049999999999955e+02	2.521959838629686033e+02
1.905320000000000107e+02	4.737899999999999778e+00	2.206221799999999860e+02	2.200929999999999893e+02	2.645112380272516930e+02
1.907359999999999900e+02	4.783999999999999808e+00	2.205564160000000129e+02	2.200780000000000030e+02	2.794408322170748988e+02
1.876490000000000009e+02	4.327399999999999913e+00	2.401268199999999524e+02	2.397230000000000132e+02	2.414255811236748457e+02
1.889269999999999925e+02	4.677100000000000257e+00	2.401171960000000070e+02	2.397609999999999957e+02	2.616234365450406472e+02
1.905320000000000107e+02	5.121599999999999930e+00	2.401701280000000054e+02	2.397870000000000061e+02	2.495089691740779188e+02
1.833509999999999991e+02	3.825200000000000156e+00	2.650353359999999725e+02	2.642269999999999754e+02	2.887688358837422129e+02
1.852669999999999959e+02	4.488400000000000389e+00	2.650048599999999510e+02	2.641809999999999832e+02	2.522666055181405795e+02
1.892589999999999861e+02	5.897000000000000242e+00	2.649230559999999741e+02	2.641909999999999741e+02	2.496411299405893374e+02
1.905320000000000107e+02	6.351300000000000168e+00	2.650176920000000109e+02	2.641960000000000264e+02	2.947017402423766725e+02
1.791399999999999864e+02	3.304399999999999782e+00	2.817265599999999495e+02	2.812210000000000036e+02	2.817311753924044524e+02
1.798300000000000125e+02	3.584900000000000198e+00	2.817169359999999756e+02	2.811990000000000123e+02	2.710351979904603468e+02
1.810080000000000098e+02	4.065100000000000158e+00	2.816976880000000278e+02	2.811580000000000155e+02	3.065802592690826032e+02
1.644410000000000025e+02	5.477299999999999613e+00	2.816463600000000156e+02	3.388330000000000268e+02	3.005860383677549521e+02
1.905320000000000107e+02	8.009000000000000341e+00	2.816543800000000033e+02	2.808929999999999723e+02	2.965542203915529740e+02
1.828340000000000032e+02	6.551800000000000068e+00	2.914275519999999915e+02	2.954370000000000118e+02	3.092136917742466835e+02
1.626310000000000002e+02	6.549100000000000144e+00	2.965603520000000231e+02	3.457740000000000009e+02	2.847866658738046226e+02
1.756289999999999907e+02	3.137599999999999945e+00	2.966694239999999354e+02	2.955210000000000150e+02	3.098453191105913902e+02
1.780809999999999889e+02	4.293499999999999872e+00	2.966293239999999969e+02	2.954940000000000282e+02	3.192076957671718560e+02
1.882920000000000016e+02	9.164799999999999613e+00	2.964801519999999186e+02	2.953709999999999809e+02	3.014336637398155858e+02
1.905320000000000107e+02	1.021010000000000062e+01	2.965330840000000308e+02	2.951759999999999877e+02	3.063433731733233003e+02
1.725660000000000025e+02	5.500899999999999679e+00	3.207390480000000252e+02	3.193770000000000095e+02	3.064962835303911106e+02
1.784799999999999898e+02	9.008200000000000429e+00	3.206379959999999869e+02	3.192559999999999718e+02	2.939975955286436147e+02
1.868499999999999943e+02	1.397610000000000063e+01	3.204984479999999962e+02	3.191039999999999850e+02	2.729466147014379089e+02
1.905320000000000107e+02	1.615439999999999898e+01	3.205401519999999778e+02	3.190280000000000200e+02	3.103145987633404843e+02
1.727659999999999911e+02	1.138310000000000066e+01	3.402597279999999955e+02	3.387119999999999891e+02	3.438350702363127311e+02
1.768890000000000100e+02	1.428049999999999997e+01	3.401891519999999787e+02	3.386100000000000136e+02	3.175849562434176505e+02
1.816690000000000111e+02	1.763360000000000127e+01	3.400993280000000141e+02	3.385120000000000005e+02	3.412106382523039656e+02
1.897829999999999870e+02	2.325230000000000175e+01	3.399501559999999358e+02	3.382690000000000055e+02	3.306394509000150492e+02
1.905320000000000107e+02	2.377720000000000056e+01	3.400479999999999450e+02	3.382660000000000196e+02	3.356965874093319826e+02
1.687529999999999859e+02	1.694219999999999970e+01	3.594708360000000198e+02	3.578580000000000041e+02	3.380382625730076711e+02
1.801160000000000139e+02	2.626650000000000063e+01	3.592510879999999815e+02	3.575659999999999741e+02	3.639481469498211368e+02
1.885279999999999916e+02	3.304500000000000171e+01	3.587698879999999804e+02	3.573240000000000123e+02	3.532873048976658197e+02
1.905320000000000107e+02	3.464399999999999835e+01	3.591644719999999325e+02	3.572629999999999768e+02	3.362504500148705233e+02
1.145240000000000009e+02	8.944999999999999618e-01	4.192471039999999221e+02	4.189159999999999968e+02	4.150186735000974068e+02
1.145240000000000009e+02	4.751699999999999591e+00	4.228288360000000239e+02	4.225729999999999791e+02	4.206407367718435353e+02
1.145240000000000009e+02	7.542099999999999582e+00	4.252268159999999284e+02	4.250640000000000214e+02	3.986520495260244843e+02
1.145240000000000009e+02	1.038240000000000052e+01	4.275959240000000250e+02	4.274820000000000277e+02	4.440860677926735320e+02
1.145240000000000009e+02	1.332559999999999967e+01	4.299457840000000033e+02	4.298770000000000095e+02	4.264269915500132129e+02
1.145240000000000009e+02	1.634359999999999857e+01	4.323341399999999339e+02	4.322289999999999850e+02	4.440002761136450431e+02
1.145240000000000009e+02	1.966560000000000130e+01	4.347353279999999813e+02	4.347080000000000268e+02	4.382258009951797817e+02
1.145240000000000009e+02	2.324500000000000099e+01	4.373193719999999303e+02	4.372640000000000100e+02	4.495903355551422464e+02
1.145240000000000009e+02	2.715540000000000020e+01	4.399948440000000005e+02	4.399329999999999927e+02	4.318170261321053545e+02
1.145240000000000009e+02	3.129870000000000019e+01	4.332259639999999763e+02	4.426370000000000005e+02	4.295177413334529888e+02
1.194200000000000017e+02	8.327999999999999847e-01	4.119264479999999935e+02	4.115009999999999764e+02	3.929981376536269977e+02
1.194200000000000017e+02	3.027400000000000091e+00	4.143853799999999978e+02	4.138319999999999936e+02	3.815136390310730690e+02
1.194200000000000017e+02	6.214599999999999902e+00	4.175340320000000247e+02	4.170299999999999727e+02	4.192549856278057518e+02
1.194200000000000017e+02	1.040070000000000050e+01	4.213403240000000096e+02	4.209440000000000168e+02	4.144938643039151884e+02
1.194200000000000017e+02	1.490930000000000000e+01	4.251145359999999300e+02	4.248550000000000182e+02	4.137017698965159411e+02
1.194200000000000017e+02	1.983719999999999928e+01	4.290379199999999855e+02	4.288310000000000173e+02	4.344794341816294718e+02
1.194200000000000017e+02	2.537480000000000047e+01	4.331618039999999041e+02	4.329859999999999900e+02	4.115400000796971085e+02
1.194200000000000017e+02	3.169099999999999895e+01	4.371637840000000210e+02	4.373890000000000100e+02	4.370108507203868839e+02
1.249170000000000016e+02	9.796000000000000263e-01	4.042240400000000022e+02	4.031209999999999809e+02	3.703462169543461755e+02
1.249170000000000016e+02	4.496000000000000441e+00	4.080912839999999164e+02	4.072289999999999850e+02	4.010357233831679764e+02
1.249170000000000016e+02	8.418599999999999639e+00	4.120852439999999888e+02	4.114320000000000164e+02	4.092080932926495507e+02
1.249170000000000016e+02	1.251900000000000013e+01	4.160503320000000258e+02	4.154769999999999754e+02	4.280600249795452328e+02
1.249170000000000016e+02	1.686289999999999978e+01	4.198068999999999846e+02	4.194460000000000264e+02	4.320188237476608037e+02
1.249170000000000016e+02	2.179850000000000065e+01	4.238794560000000047e+02	4.236270000000000095e+02	4.494674660510473814e+02
1.249170000000000016e+02	2.736380000000000123e+01	4.282134639999999877e+02	4.279959999999999809e+02	4.218214813587791241e+02
1.309869999999999948e+02	1.502499999999999947e+00	3.944620959999999741e+02	3.939769999999999754e+02	3.519951304437013846e+02
1.309869999999999948e+02	4.624600000000000044e+00	3.951630440000000135e+02	3.981070000000000277e+02	3.928159044558074697e+02
1.309869999999999948e+02	7.934400000000000119e+00	4.030964280000000031e+02	4.021179999999999950e+02	3.960535110972573420e+02
1.309869999999999948e+02	1.151999999999999957e+01	4.066524959999999851e+02	4.061190000000000282e+02	4.130524781891792259e+02
1.309869999999999948e+02	1.577360000000000007e+01	4.103449039999999286e+02	4.104870000000000232e+02	3.775353224210938947e+02
1.309869999999999948e+02	2.007140000000000057e+01	4.142346039999999334e+02	4.145600000000000023e+02	3.823895532929014962e+02
1.309869999999999948e+02	2.493059999999999832e+01	4.184499159999999733e+02	4.188249999999999886e+02	4.406316327479061101e+02
1.309869999999999948e+02	3.028740000000000165e+01	4.229058279999999854e+02	4.231800000000000068e+02	4.235613056456354570e+02
1.343280000000000030e+02	6.891000000000000458e-01	3.880861959999999726e+02	3.871259999999999764e+02	3.684598997507596323e+02
1.343280000000000030e+02	2.712299999999999933e+00	3.910664279999999735e+02	3.901530000000000200e+02	3.707084796870602759e+02
1.343280000000000030e+02	5.783100000000000129e+00	3.952785319999999842e+02	3.943840000000000146e+02	3.558017954669050482e+02
1.343280000000000030e+02	9.129599999999999937e+00	3.994425160000000119e+02	3.985950000000000273e+02	3.552900419569194810e+02
1.343280000000000030e+02	1.278260000000000041e+01	4.034605359999999905e+02	4.028079999999999927e+02	4.085875770107754761e+02
1.343280000000000030e+02	1.662549999999999883e+01	4.075106359999999199e+02	4.068899999999999864e+02	4.068993782360478804e+02
1.343280000000000030e+02	2.094660000000000011e+01	4.116409360000000106e+02	4.111290000000000191e+02	4.203680604755689387e+02
1.343280000000000030e+02	2.576780000000000115e+01	4.159540920000000028e+02	4.154990000000000236e+02	4.250117382539100959e+02
1.343280000000000030e+02	3.102899999999999991e+01	4.205222840000000133e+02	4.199089999999999918e+02	4.415865430076706275e+02
1.390610000000000070e+02	1.252399999999999958e+00	3.806997759999999857e+02	3.796669999999999732e+02	3.436348237212982326e+02
1.390610000000000070e+02	3.825400000000000134e+00	3.848926319999999919e+02	3.838879999999999768e+02	3.599593602614376096e+02
1.390610000000000070e+02	7.489999999999999991e-01	3.891592719999999872e+02	3.787889999999999873e+02	3.529402228060732227e+02
1.390610000000000070e+02	9.876099999999999213e+00	3.933585439999999949e+02	3.924719999999999800e+02	3.855702023149027582e+02
1.390610000000000070e+02	1.323000000000000043e+01	3.974728039999999964e+02	3.966329999999999814e+02	3.620689919606722356e+02
1.390610000000000070e+02	1.690009999999999835e+01	4.015325280000000134e+02	4.008199999999999932e+02	3.546628114858941672e+02
1.390610000000000070e+02	2.096620000000000061e+01	4.057061360000000150e+02	4.050950000000000273e+02	4.021904361984383058e+02
1.393609999999999900e+02	2.549690000000000012e+01	4.099358839999999304e+02	4.091200000000000045e+02	4.307591491778303521e+02
1.390610000000000070e+02	3.060000000000000142e+01	4.145778599999999869e+02	4.140539999999999736e+02	4.266795287265782690e+02
1.455560000000000116e+02	1.299600000000000088e+00	3.686761920000000146e+02	3.675539999999999736e+02	3.406218680561037786e+02
1.455560000000000116e+02	3.527600000000000069e+00	3.731272920000000113e+02	3.719710000000000036e+02	3.239301083461479038e+02
1.455560000000000116e+02	6.036800000000000388e+00	3.775094199999999205e+02	3.764409999999999741e+02	3.627319776363127630e+02
1.455560000000000116e+02	8.736100000000000421e+00	3.819861839999999233e+02	3.807880000000000109e+02	3.962414999357928878e+02
1.455560000000000116e+02	1.171860000000000035e+01	3.863009440000000154e+02	3.851539999999999964e+02	3.927686583976435486e+02
1.455560000000000116e+02	1.491310000000000002e+01	3.906092879999999923e+02	3.894270000000000209e+02	3.732056621909981118e+02
1.455560000000000116e+02	1.840180000000000149e+01	3.949080079999999953e+02	3.937080000000000268e+02	3.880992195193145449e+02
1.455560000000000116e+02	2.225829999999999842e+01	3.993334439999999859e+02	3.980609999999999786e+02	3.906836109096836935e+02
1.455560000000000116e+02	2.658909999999999840e+01	4.038775759999999764e+02	4.025609999999999786e+02	4.126676756617991941e+02
1.455560000000000116e+02	3.145810000000000173e+01	4.085484240000000113e+02	4.072180000000000177e+02	3.927800849342419269e+02
1.507500000000000000e+02	3.102100000000000080e+00	3.627558280000000082e+02	3.612330000000000041e+02	3.402067822340781618e+02
1.507500000000000000e+02	5.188500000000000334e+00	3.639989279999999781e+02	3.656700000000000159e+02	3.160503714730021443e+02
1.507500000000000000e+02	7.511499999999999844e+00	3.715890560000000278e+02	3.701100000000000136e+02	3.631865826492964970e+02
1.507500000000000000e+02	1.003919999999999924e+01	3.759342920000000277e+02	3.744759999999999991e+02	3.758729389109166732e+02
1.507500000000000000e+02	1.280710000000000015e+01	3.801399799999999800e+02	3.788229999999999791e+02	3.585265490794762968e+02
1.507500000000000000e+02	1.574540000000000006e+01	3.843665199999999800e+02	3.830400000000000205e+02	3.790411908066245701e+02
1.507500000000000000e+02	1.900000000000000000e+01	3.885657919999999876e+02	3.873260000000000218e+02	3.862820390381699553e+02
1.507500000000000000e+02	2.261370000000000147e+01	3.929350880000000075e+02	3.916990000000000123e+02	3.821474571757873946e+02
1.507500000000000000e+02	2.664049999999999940e+01	3.973637320000000273e+02	3.961820000000000164e+02	3.998621126362999689e+02
1.507500000000000000e+02	3.098620000000000019e+01	4.019239039999999932e+02	4.006419999999999959e+02	4.030927745291713791e+02
1.582379999999999995e+02	2.289499999999999869e+00	3.453700719999999933e+02	3.430099999999999909e+02	3.024053428397890571e+02
1.582379999999999995e+02	3.962699999999999889e+00	3.502189640000000281e+02	3.479440000000000168e+02	3.351152254475128984e+02
1.582379999999999995e+02	5.895100000000000229e+00	3.550790840000000230e+02	3.529409999999999741e+02	3.556896422651112744e+02
1.582379999999999995e+02	8.025100000000000122e+00	3.598910839999999780e+02	3.578109999999999786e+02	3.344079938751594341e+02
1.582379999999999995e+02	1.038979999999999926e+01	3.645779719999999884e+02	3.626340000000000146e+02	3.984869971352239872e+02
1.582379999999999995e+02	1.293580000000000041e+01	3.691942839999999819e+02	3.673009999999999877e+02	3.574088382992196102e+02
1.582379999999999995e+02	1.576249999999999929e+01	3.737448319999999740e+02	3.719859999999999900e+02	3.641070358891739147e+02
1.582379999999999995e+02	1.890800000000000125e+01	3.782841520000000060e+02	3.767169999999999845e+02	3.808779484796073689e+02
1.582379999999999995e+02	2.236240000000000094e+01	3.829068800000000010e+02	3.814470000000000027e+02	3.933578147491589903e+02
1.582379999999999995e+02	2.617229999999999990e+01	3.876739680000000021e+02	3.862110000000000127e+02	3.821822733991883183e+02
1.582379999999999995e+02	3.045909999999999940e+01	3.925116320000000201e+02	3.911129999999999995e+02	3.842086487160466390e+02
1.583160000000000025e+02	3.055600000000000094e+00	3.282377479999999537e+02	3.451770000000000209e+02	3.175899373308941449e+02
1.588160000000000025e+02	4.220100000000000406e+00	3.330561639999999102e+02	3.474150000000000205e+02	3.376499880441098185e+02
1.588160000000000025e+02	5.626900000000000013e+00	3.378408959999999865e+02	3.511240000000000236e+02	3.453555572786985408e+02
1.588160000000000025e+02	7.146099999999999675e+00	3.425662799999999493e+02	3.547749999999999773e+02	3.323664998020586268e+02
1.658160000000000025e+02	8.763899999999999579e+00	3.472756239999999934e+02	3.452339999999999804e+02	3.674967330512330932e+02
1.658160000000000025e+02	1.062759999999999927e+01	3.518470240000000331e+02	3.497719999999999914e+02	3.600168998483288760e+02
1.658160000000000025e+02	1.254840000000000089e+01	3.563975720000000251e+02	3.539990000000000236e+02	3.619950607273933088e+02
1.658160000000000025e+02	1.467079999999999984e+01	3.609192479999999819e+02	3.582500000000000000e+02	3.653856725301982351e+02
1.658160000000000025e+02	1.696349999999999980e+01	3.653751599999999939e+02	3.624449999999999932e+02	3.447609815903605295e+02
1.658160000000000025e+02	1.949030000000000129e+01	3.698743799999999737e+02	3.666829999999999927e+02	3.704858392904246784e+02
1.658160000000000025e+02	2.524309999999999832e+01	3.790251999999999271e+02	3.751820000000000164e+02	3.848517664358298020e+02
1.658160000000000025e+02	2.888589999999999947e+01	3.835853720000000067e+02	3.799320000000000164e+02	3.917728047793543169e+02
1.710200000000000102e+02	3.051200000000000134e+00	3.121480240000000208e+02	3.115000000000000000e+02	2.897320872186691076e+02
1.710200000000000102e+02	3.962000000000000188e+00	3.169151120000000219e+02	3.164259999999999877e+02	2.712006287454010476e+02
1.710200000000000102e+02	4.988100000000000200e+00	3.218875120000000152e+02	3.212049999999999841e+02	2.852828004848066712e+02
1.710200000000000102e+02	6.185599999999999987e+00	3.268005639999999516e+02	3.260570000000000164e+02	3.265354752867643811e+02
1.710200000000000102e+02	7.531600000000000072e+00	3.316719120000000203e+02	3.308410000000000082e+02	3.306725769720569588e+02
1.710200000000000102e+02	9.017300000000000537e+00	3.365224079999999844e+02	3.355149999999999864e+02	3.202114810444679165e+02
1.710200000000000102e+02	1.062930000000000064e+01	3.412397720000000163e+02	3.400430000000000064e+02	3.632979165986664611e+02
1.710200000000000102e+02	1.240799999999999947e+01	3.458689160000000129e+02	3.445360000000000014e+02	3.693768953118350282e+02
1.710200000000000102e+02	1.428589999999999982e+01	3.504162559999999758e+02	3.488299999999999841e+02	3.495578849380559063e+02
1.710200000000000102e+02	1.636619999999999919e+01	3.549218920000000139e+02	3.531610000000000014e+02	3.511644029915887018e+02
1.713199999999999932e+02	1.863009999999999877e+01	3.594884799999999245e+02	3.570070000000000050e+02	3.738693137443931960e+02
1.710200000000000102e+02	2.108320000000000149e+01	3.639492040000000088e+02	3.617359999999999900e+02	3.616600864457239481e+02
1.710200000000000102e+02	2.381680000000000064e+01	3.685494760000000269e+02	3.661080000000000041e+02	3.566094278618090812e+02
1.710200000000000102e+02	2.680020000000000024e+01	3.732058879999999021e+02	3.704950000000000045e+02	3.750685818743742743e+02
1.710200000000000102e+02	3.008079999999999998e+01	3.795144199999999728e+02	3.749379999999999882e+02	3.817347348639673328e+02
1.728120000000000118e+02	2.691800000000000193e+00	3.032137440000000197e+02	3.029359999999999786e+02	2.649526900207301878e+02
1.728120000000000118e+02	3.417600000000000193e+00	3.082422839999999837e+02	3.078489999999999895e+02	3.287312108324393307e+02
1.728120000000000118e+02	4.311099999999999710e+00	3.134713239999999246e+02	3.129669999999999845e+02	3.238476766983433777e+02
1.723120000000000118e+02	5.364099999999999646e+00	3.186522439999999960e+02	3.194429999999999836e+02	2.938203413700146598e+02
1.728120000000000118e+02	6.553200000000000358e+00	3.238042919999999754e+02	3.231329999999999814e+02	2.714393946817734786e+02
1.728120000000000118e+02	7.894300000000000317e+00	3.304544759999999997e+02	3.280760000000000218e+02	3.043150441454095585e+02
1.728120000000000118e+02	9.395599999999999952e+00	3.306245000000000118e+02	3.329519999999999982e+02	3.171933425970465237e+02
1.728120000000000118e+02	1.103110000000000035e+01	3.387054519999999798e+02	3.376739999999999782e+02	3.328323581358746424e+02
1.728120000000000118e+02	1.239559999999999995e+01	3.434837679999999409e+02	3.412479999999999905e+02	3.681485393159715045e+02
1.728120000000000118e+02	1.487289999999999957e+01	3.482636879999999451e+02	3.470790000000000077e+02	3.167190889169118577e+02
1.723120000000000118e+02	1.694579999999999842e+01	3.529858639999999355e+02	3.522459999999999809e+02	3.865366677587288109e+02
1.728120000000000118e+02	1.933980000000000032e+01	3.577160600000000272e+02	3.560400000000000205e+02	3.699974011278758326e+02
1.728120000000000118e+02	2.190909999999999869e+01	3.625023959999999761e+02	3.605369999999999777e+02	3.281796796611789091e+02
1.728120000000000118e+02	2.474940000000000140e+01	3.673095839999999725e+02	3.650860000000000127e+02	3.681579872228093109e+02
1.723120000000000118e+02	2.791570000000000107e+01	3.721841400000000135e+02	3.703799999999999955e+02	3.681729744360364975e+02
1.728120000000000118e+02	3.134309999999999974e+01	3.771100240000000099e+02	3.743519999999999754e+02	3.772935280876860702e+02
1.795260000000000105e+02	3.828800000000000203e+00	2.863364559999999983e+02	2.854169999999999732e+02	2.768399987433692218e+02
1.795260000000000105e+02	4.391399999999999970e+00	2.916729639999999790e+02	2.907850000000000250e+02	2.954599115075143345e+02
1.795260000000000105e+02	5.037499999999999645e+00	2.970094720000000166e+02	2.959159999999999968e+02	2.706253387743213921e+02
1.795260000000000105e+02	5.836700000000000443e+00	3.022304920000000266e+02	3.012699999999999818e+02	2.699165436704222998e+02
1.795260000000000105e+02	6.735199999999999854e+00	3.074450959999999782e+02	3.064039999999999964e+02	2.987959080299918355e+02
1.795260000000000105e+02	7.761300000000000310e+00	3.125426079999999160e+02	3.114739999999999895e+02	3.337121047531313138e+02
1.795260000000000105e+02	8.912300000000000111e+00	3.176176639999999907e+02	3.164390000000000214e+02	2.718905131837482827e+02
1.795260000000000105e+02	1.022269999999999968e+01	3.225804399999999532e+02	3.214119999999999777e+02	3.111510000992272467e+02
1.795260000000000105e+02	1.165569999999999951e+01	3.275079279999999358e+02	3.262339999999999804e+02	3.029756317194696180e+02
1.795260000000000105e+02	1.322230000000000061e+01	3.323937119999999368e+02	3.309449999999999932e+02	3.301227647765626898e+02
1.795260000000000105e+02	1.496049999999999969e+01	3.372008999999999901e+02	3.356429999999999723e+02	3.587270632321254311e+02
1.795260000000000105e+02	1.665439999999999898e+01	3.419744039999999359e+02	3.397970000000000255e+02	3.348822909426452270e+02
1.795260000000000105e+02	1.894450000000000145e+01	3.467511160000000245e+02	3.448899999999999864e+02	3.471989452675338725e+02
1.795260000000000105e+02	2.124790000000000134e+01	3.515390560000000164e+02	3.495260000000000105e+02	3.615868645826394641e+02
1.795260000000000105e+02	2.375590000000000046e+01	3.563494519999999284e+02	3.541309999999999718e+02	3.590300837488807701e+02
1.795260000000000105e+02	2.650590000000000046e+01	3.611807000000000016e+02	3.587520000000000095e+02	3.742291016899012561e+02
1.795260000000000105e+02	2.951849999999999952e+01	3.580561079999999947e+02	3.633929999999999723e+02	3.514930973548886186e+02
1.832210000000000036e+02	5.325800000000000090e+00	2.618177119999999718e+02	2.845459999999999923e+02	2.856013420039615198e+02
1.882210000000000036e+02	5.703400000000000247e+00	2.672616879999999355e+02	2.666800000000000068e+02	2.497041701831089995e+02
1.882210000000000036e+02	6.138600000000000279e+00	2.727056640000000129e+02	2.720740000000000123e+02	2.490409667651989878e+02
1.882210000000000036e+02	6.663199999999999790e+00	2.781143519999999398e+02	2.775120000000000005e+02	2.680965871958192679e+02
1.882210000000000036e+02	7.274899999999999700e+00	2.738477119999999445e+02	2.828700000000000045e+02	2.699900836601831884e+02
1.882210000000000036e+02	7.965099999999999625e+00	2.887745360000000119e+02	2.880439999999999827e+02	3.149493873102551902e+02
1.882210000000000036e+02	8.767899999999999139e+00	2.940260319999999865e+02	2.932429999999999950e+02	3.055090775991985765e+02
1.832210000000000036e+02	8.843899999999999650e+00	2.945008159999999862e+02	3.070950000000000273e+02	3.210063280479378705e+02
1.882210000000000036e+02	9.742499999999999716e+00	2.996897559999999885e+02	2.987110000000000127e+02	2.963953158907171996e+02
1.882210000000000036e+02	1.079550000000000054e+01	3.047744359999999801e+02	3.038639999999999759e+02	2.958611951071960107e+02
1.882210000000000036e+02	1.195120000000000005e+01	3.098142040000000179e+02	3.088530000000000086e+02	3.147429657771777443e+02
1.332210000000000036e+02	1.313429999999999964e+01	3.148491600000000403e+02	4.047359999999999900e+02	4.085497739203519245e+02
1.332210000000000036e+02	1.450609999999999999e+01	3.198215599999999768e+02	4.061920000000000073e+02	4.309308384836775758e+02
1.882210000000000036e+02	1.614610000000000056e+01	3.248276440000000207e+02	3.232479999999999905e+02	3.115354129784335555e+02
1.882210000000000036e+02	1.785129999999999839e+01	3.295049080000000004e+02	3.280059999999999718e+02	3.078696975404055252e+02
1.882210000000000036e+02	1.972060000000000102e+01	3.343826720000000137e+02	3.327300000000000182e+02	2.707468326743349962e+02
1.882210000000000036e+02	2.177890000000000015e+01	3.392411880000000224e+02	3.374549999999999841e+02	3.508484519450732932e+02
1.882210000000000036e+02	2.432590000000000074e+01	3.441398040000000265e+02	3.427520000000000095e+02	3.278655952429255649e+02
1.382210000000000036e+02	2.649840000000000018e+01	3.489999240000000214e+02	4.114329999999999927e+02	4.210853692623103939e+02
1.882210000000000036e+02	2.917439999999999856e+01	3.537557839999999487e+02	3.515640000000000214e+02	3.344233876521900584e+02
1.112300000000000040e+02	2.869999999999999929e+01	4.476699839999999995e+02	4.447090000000000032e+02	4.571623942642913221e+02
1.112300000000000040e+02	4.020000000000000284e+01	4.540057840000000056e+02	4.515740000000000123e+02	4.223818425149974587e+02
1.112300000000000040e+02	5.189999999999999858e+01	4.607874959999999760e+02	4.578759999999999764e+02	3.900867045270020981e+02
1.112300000000000040e+02	7.259999999999999432e+01	4.709343999999999824e+02	4.677640000000000100e+02	4.439040298870444303e+02
1.211899999999999977e+02	2.180000000000000071e+01	4.286481479999999920e+02	4.281870000000000118e+02	4.142750611452973999e+02
1.211899999999999977e+02	3.350000000000000000e+01	4.372953119999999103e+02	4.366220000000000141e+02	4.382421949877181646e+02
1.211899999999999977e+02	7.459999999999999432e+01	4.599935159999999996e+02	4.595919999999999845e+02	4.233113950372070349e+02
1.211899999999999977e+02	9.420000000000000284e+01	4.685941639999999211e+02	4.683349999999999795e+02	4.689440841845135992e+02
1.211899999999999977e+02	1.144000000000000057e+02	4.763879999999999200e+02	4.763949999999999818e+02	5.032261100747725209e+02
1.317899999999999920e+02	4.650000000000000000e+01	4.355148720000000253e+02	4.338670000000000186e+02	4.287576946090966317e+02
1.317899999999999920e+02	6.070000000000000284e+01	4.443208319999999958e+02	4.425319999999999823e+02	4.054834645441030716e+02
1.317899999999999920e+02	7.459999999999999432e+01	4.519590799999999717e+02	4.500500000000000114e+02	4.423473316720039747e+02
1.317899999999999920e+02	8.920000000000000284e+01	4.588097639999999728e+02	4.571680000000000064e+02	4.310598854829003130e+02
1.317899999999999920e+02	1.047999999999999972e+02	4.657374399999999923e+02	4.640810000000000173e+02	4.529606633696679410e+02
1.438199999999999932e+02	4.829999999999999716e+01	4.236661240000000248e+02	4.227339999999999804e+02	4.620918134458358395e+02
1.438199999999999932e+02	7.050000000000000000e+01	4.377733039999999960e+02	4.370000000000000000e+02	4.739804685176891894e+02
1.433199999999999932e+02	9.679999999999999716e+01	4.513222920000000045e+02	4.511899999999999977e+02	4.643522668919036960e+02
1.569600000000000080e+02	4.950000000000000000e+01	4.094963879999999108e+02	4.102309999999999945e+02	4.466012066536892462e+02
1.569600000000000080e+02	6.170000000000000284e+01	4.195663000000000125e+02	4.193260000000000218e+02	4.254746167162893471e+02
1.569600000000000080e+02	7.690000000000000568e+01	4.289914039999999886e+02	4.291510000000000105e+02	4.399710224804468339e+02
1.569600000000000080e+02	9.509999999999999432e+01	4.390372560000000135e+02	4.393480000000000132e+02	4.648940593950180755e+02
1.676100000000000136e+02	4.150039999999999907e+01	3.923640639999999848e+02	3.918709999999999809e+02	3.725136471934820861e+02
1.676100000000000136e+02	5.500000000000000000e+01	4.052554119999999784e+02	4.040620000000000118e+02	4.147401501936065529e+02
1.676100000000000136e+02	7.509999999999999432e+01	4.192374800000000050e+02	4.187900000000000205e+02	4.244290943503464746e+02
1.676100000000000136e+02	9.359999999999999432e+01	4.304879359999999338e+02	4.300350000000000250e+02	4.620295171817737128e+02
1.792899999999999920e+02	4.879999999999999716e+01	3.875328160000000253e+02	3.867690000000000055e+02	3.939100122756399855e+02
1.792899999999999920e+02	7.559999999999999432e+01	4.098107719999999290e+02	4.090840000000000032e+02	4.480238582848500073e+02
1.792899999999999920e+02	1.002999999999999972e+02	4.252380440000000021e+02	4.247479999999999905e+02	4.455681093132990895e+02
1.380000000000000000e+02	4.027599999999999625e+00	7.908361599999997793e+01	3.859820000000000277e+02	3.594009584597643538e+02
1.900000000000000000e+02	5.186600000000000321e+00	2.466887839999999983e+02	2.462470000000000141e+02	2.840437245736858927e+02
1.860000000000000000e+02	4.561700000000000088e+00	2.610237319999999386e+02	2.608550000000000182e+02	2.985290415727330924e+02
1.900000000000000000e+02	5.907799999999999940e+00	2.607189720000000079e+02	2.605350000000000250e+02	2.509997294516582826e+02
1.820000000000000000e+02	4.132200000000000095e+00	2.772642319999999359e+02	2.771080000000000041e+02	2.986753164645421634e+02
1.860000000000000000e+02	5.694799999999999862e+00	2.769081439999999930e+02	2.767699999999999818e+02	2.765372539839367505e+02
1.900000000000000000e+02	7.267500000000000071e+00	2.765552640000000224e+02	2.764370000000000118e+02	2.596460581257284161e+02
1.760000000000000000e+02	3.217200000000000060e+00	2.948793600000000197e+02	2.946999999999999886e+02	2.744141071866905008e+02
1.800000000000000000e+02	5.043700000000000294e+00	2.944462799999999447e+02	2.942909999999999968e+02	2.930730922925629329e+02
1.840000000000000000e+02	6.869100000000000428e+00	2.940452799999999911e+02	2.938539999999999850e+02	2.871105463917338625e+02
1.880000000000000000e+02	8.690599999999999881e+00	2.936442799999999806e+02	2.934069999999999823e+02	3.050021569582718826e+02
1.700000000000000000e+02	2.636699999999999822e+00	3.128762399999999957e+02	3.123779999999999859e+02	2.717335825435703782e+02
1.740000000000000000e+02	4.774300000000000210e+00	3.123790000000000191e+02	3.119100000000000250e+02	2.928794899297460574e+02
1.780000000000000000e+02	6.900699999999999612e+00	3.119138399999999933e+02	3.114200000000000159e+02	2.787540315418130490e+02
1.820000000000000000e+02	9.011699999999999378e+00	3.114486800000000244e+02	3.109089999999999918e+02	3.012552701498293004e+02
1.860000000000000000e+02	1.111280000000000001e+01	3.109963520000000017e+02	3.104159999999999968e+02	3.124980724277806985e+02
1.900000000000000000e+02	1.320609999999999928e+01	3.105183599999999728e+02	3.099510000000000218e+02	3.259208949086171287e+02
1.640000000000000000e+02	2.028799999999999937e+00	3.276170000000000186e+02	3.273690000000000282e+02	3.158633159675018192e+02
1.680000000000000000e+02	4.468899999999999650e+00	3.270395599999999376e+02	3.268700000000000045e+02	3.114922650632544219e+02
1.720000000000000000e+02	6.382299999999999862e+00	3.265262799999999856e+02	3.244409999999999741e+02	3.209813846053967836e+02
1.760000000000000000e+02	9.269999999999999574e+00	3.259969600000000014e+02	3.257669999999999959e+02	2.887566371052741374e+02
1.800000000000000000e+02	1.163899999999999935e+01	3.254836799999999926e+02	3.252169999999999845e+02	3.033268163415352774e+02
1.840000000000000000e+02	1.399660000000000082e+01	3.249703999999999837e+02	3.247029999999999745e+02	3.219952355975218552e+02
1.880000000000000000e+02	1.634159999999999968e+01	3.245052400000000148e+02	3.242180000000000177e+02	2.923001543339402701e+02
1.580000000000000000e+02	1.983600000000000030e+00	3.427908399999999460e+02	3.425980000000000132e+02	3.178065773239632108e+02
1.620000000000000000e+02	4.753700000000000259e+00	3.421652799999999388e+02	3.420280000000000200e+02	3.438289512023093266e+02
1.660000000000000000e+02	7.474700000000000344e+00	3.415557600000000207e+02	3.413990000000000009e+02	3.384307651222817412e+02
1.700000000000000000e+02	1.015949999999999953e+01	3.409783199999999397e+02	3.407599999999999909e+02	3.243358001135210884e+02
1.740000000000000000e+02	1.282869999999999955e+01	3.404169199999999478e+02	3.401659999999999968e+02	3.261817080445109696e+02
1.780000000000000000e+02	1.548070000000000057e+01	3.398715599999999881e+02	3.396089999999999804e+02	3.252504633173243747e+02
1.820000000000000000e+02	1.812160000000000082e+01	3.393743200000000115e+02	3.390980000000000132e+02	3.390797405658656203e+02
1.860000000000000000e+02	2.075560000000000116e+01	3.389091599999999858e+02	3.386379999999999768e+02	3.759719301316839619e+02
1.900000000000000000e+02	2.338179999999999836e+01	3.384921199999999999e+02	3.382200000000000273e+02	3.052381681710733119e+02
1.520000000000000000e+02	1.459300000000000042e+00	3.548849999999999341e+02	3.546770000000000209e+02	3.228257085823448165e+02
1.560000000000000000e+02	4.588400000000000034e+00	3.541632000000000176e+02	3.542250000000000227e+02	3.113264441660459170e+02
1.600000000000000000e+02	7.492300000000000182e+00	3.535215999999999212e+02	3.533240000000000123e+02	3.335688171959968713e+02
1.640000000000000000e+02	1.044030000000000058e+01	3.528960400000000277e+02	3.526349999999999909e+02	3.452009162313029265e+02
1.680000000000000000e+02	1.336919999999999931e+01	3.522704800000000205e+02	3.519970000000000141e+02	3.428990331744070659e+02
1.720000000000000000e+02	1.627720000000000056e+01	3.517411599999999225e+02	3.514010000000000105e+02	3.636645726134933057e+02
1.760000000000000000e+02	1.917559999999999931e+01	3.479396799999999530e+02	3.508620000000000232e+02	3.549654776482524312e+02
1.800000000000000000e+02	2.206480000000000175e+01	3.506664799999999218e+02	3.503750000000000000e+02	3.391110520582482764e+02
1.840000000000000000e+02	2.495200000000000173e+01	3.502494399999999928e+02	3.499470000000000027e+02	3.585888976092438156e+02
1.880000000000000000e+02	2.783079999999999998e+01	3.498644800000000146e+02	3.495609999999999786e+02	2.997318706910030528e+02
1.460000000000000000e+02	1.312699999999999978e+00	3.636749199999999291e+02	3.667090000000000032e+02	3.585258674085548023e+02
1.400000000000000000e+02	1.226199999999999957e+00	3.780627999999999815e+02	3.779159999999999968e+02	3.448947956044326020e+02
1.500000000000000000e+02	4.070299999999999585e+00	3.628889599999999973e+02	3.647810000000000059e+02	3.742018595683298372e+02
1.540000000000000000e+02	7.946200000000000152e+00	3.654232799999999770e+02	3.652610000000000241e+02	3.567710373582355601e+02
1.560000000000000000e+02	1.117360000000000042e+01	3.647335600000000113e+02	3.678369999999999891e+02	3.737265274844214105e+02
1.620000000000000000e+02	1.438100000000000023e+01	3.544519199999999728e+02	3.638410000000000082e+02	3.572016514672804419e+02
1.660000000000000000e+02	1.757120000000000104e+01	3.634664000000000215e+02	3.632189999999999941e+02	3.150193779575731128e+02
1.700000000000000000e+02	2.075550000000000139e+01	3.532970399999999245e+02	3.626669999999999732e+02	3.720179240157346499e+02
1.740000000000000000e+02	2.393299999999999983e+01	3.624398400000000038e+02	3.621750000000000114e+02	3.321508873370248693e+02
1.760000000000000000e+02	2.711120000000000019e+01	3.620228000000000179e+02	3.643969999999999914e+02	3.861251871881249826e+02
1.820000000000000000e+02	3.027670000000000172e+01	3.616378399999999829e+02	3.613580000000000041e+02	3.620186131172025057e+02
1.860000000000000000e+02	3.342819999999999681e+01	3.613009999999999309e+02	3.609990000000000236e+02	3.299906850309272954e+02
1.440000000000000000e+02	4.891000000000000014e+00	3.772287200000000098e+02	3.771720000000000255e+02	3.563238203611560948e+02
1.480000000000000000e+02	8.449999999999999289e+00	3.764908800000000042e+02	3.763609999999999900e+02	3.483513036605338016e+02
1.520000000000000000e+02	1.195260000000000034e+01	3.757530399999999986e+02	3.755690000000000168e+02	3.762751131019149398e+02
1.560000000000000000e+02	1.543500000000000050e+01	3.750633199999999761e+02	3.748450000000000273e+02	3.934261574926904927e+02
1.600000000000000000e+02	1.890670000000000073e+01	3.744217199999999934e+02	3.741960000000000264e+02	3.529601908197971056e+02
1.640000000000000000e+02	2.237620000000000076e+01	3.738603200000000015e+02	3.736259999999999764e+02	3.951538512079312682e+02
1.660000000000000000e+02	2.584400000000000119e+01	3.733791200000000003e+02	3.757540000000000191e+02	3.745684451606608150e+02
1.720000000000000000e+02	2.930399999999999849e+01	3.729620800000000145e+02	3.726800000000000068e+02	3.551707236230664648e+02
1.760000000000000000e+02	3.275780000000000314e+01	3.725771199999999794e+02	3.722839999999999918e+02	3.728581347615171353e+02
1.340000000000000000e+02	6.861000000000000432e-01	3.878953200000000265e+02	3.876909999999999741e+02	3.672884000807113694e+02
1.380000000000000000e+02	4.638300000000000090e+00	3.869649999999999750e+02	3.868960000000000150e+02	3.828146669242234452e+02
1.420000000000000000e+02	6.463000000000000078e+00	3.861790399999999863e+02	3.830710000000000264e+02	3.638696901346550590e+02
1.460000000000000000e+02	1.222400000000000020e+01	3.853930799999999977e+02	3.851890000000000214e+02	3.684936501464432013e+02
1.500000000000000000e+02	1.596560000000000024e+01	3.846552399999999921e+02	3.844239999999999782e+02	3.622802464662117359e+02
1.540000000000000000e+02	1.970400000000000063e+01	3.839975999999999772e+02	3.837490000000000236e+02	3.760806918672707297e+02
1.340000000000000000e+02	5.840999999999999526e-01	3.877509600000000205e+02	3.875339999999999918e+02	4.032487638346839844e+02
1.360000000000000000e+02	2.576999999999999957e+00	3.872216399999999226e+02	3.871499999999999773e+02	3.536894529246737875e+02
1.380000000000000000e+02	4.525800000000000267e+00	3.868045999999999935e+02	3.867289999999999850e+02	3.809649684074363449e+02
1.400000000000000000e+02	6.451200000000000045e+00	3.864035999999999831e+02	3.863039999999999736e+02	3.852841047930100444e+02
1.420000000000000000e+02	8.334799999999999542e+00	3.860186400000000049e+02	3.858469999999999800e+02	3.707208247950575242e+02
1.440000000000000000e+02	1.021340000000000003e+01	3.856336800000000267e+02	3.854119999999999777e+02	3.648379493594990777e+02
1.460000000000000000e+02	1.209440000000000026e+01	3.852326800000000162e+02	3.850090000000000146e+02	3.960640736710842020e+02
1.480000000000000000e+02	1.397020000000000017e+01	3.848637600000000134e+02	3.846229999999999905e+02	3.733028833304639420e+02
1.500000000000000000e+02	1.583740000000000059e+01	3.844948400000000106e+02	3.842509999999999764e+02	3.915343127638545297e+02
1.520000000000000000e+02	1.770530000000000115e+01	3.841580000000000155e+02	3.839030000000000200e+02	3.995587603859050887e+02
1.540000000000000000e+02	1.957469999999999999e+01	3.838532400000000280e+02	3.835790000000000077e+02	3.879072007596479352e+02
1.560000000000000000e+02	2.144170000000000087e+01	3.835484799999999836e+02	3.832730000000000246e+02	4.026090625742319276e+02
1.580000000000000000e+02	2.328879999999999839e+01	3.832437199999999962e+02	3.829610000000000127e+02	3.943765755708961933e+02
1.600000000000000000e+02	2.516359999999999886e+01	3.829870799999999349e+02	3.827040000000000077e+02	3.738127691923770612e+02
1.620000000000000000e+02	2.703170000000000073e+01	3.827464800000000196e+02	3.824560000000000173e+02	3.971644297963255212e+02
1.640000000000000000e+02	2.689620000000000033e+01	3.825379599999999982e+02	3.797269999999999754e+02	3.743543327089091690e+02
1.660000000000000000e+02	3.076940000000000097e+01	3.823294399999999769e+02	3.820099999999999909e+02	3.768980211134704064e+02
1.680000000000000000e+02	3.263909999999999911e+01	3.821369599999999878e+02	3.818109999999999786e+02	3.691911009387700346e+02
1.700000000000000000e+02	3.449660000000000082e+01	3.819444799999999987e+02	3.816120000000000232e+02	3.974689027422945742e+02
1.300000000000000000e+02	7.286000000000000254e-01	3.946641999999999939e+02	3.945409999999999968e+02	3.734044751892507747e+02
1.320000000000000000e+02	2.822999999999999954e+00	3.941348800000000097e+02	3.941309999999999718e+02	3.561210483632511909e+02
1.340000000000000000e+02	4.878099999999999881e+00	3.937178400000000238e+02	3.936990000000000123e+02	3.551081653233862312e+02
1.360000000000000000e+02	6.889400000000000190e+00	3.932847600000000057e+02	3.932379999999999995e+02	3.501005008472595819e+02
1.380000000000000000e+02	8.863899999999999224e+00	3.928837599999999952e+02	3.927590000000000146e+02	4.050735734900822536e+02
1.400000000000000000e+02	1.084249999999999936e+01	3.924827599999999848e+02	3.923149999999999977e+02	3.657049088990224277e+02
1.420000000000000000e+02	1.281760000000000055e+01	3.920657199999999989e+02	3.918940000000000055e+02	3.745983042684652560e+02
1.440000000000000000e+02	1.478560000000000052e+01	3.916807600000000207e+02	3.914900000000000091e+02	3.848129206815707448e+02
1.460000000000000000e+02	1.675159999999999982e+01	3.913118400000000179e+02	3.911089999999999804e+02	3.796995685875769482e+02
1.460000000000000000e+02	1.872220000000000084e+01	3.909589599999999905e+02	3.934820000000000277e+02	3.798521688595697015e+02
1.500000000000000000e+02	2.069209999999999994e+01	3.906381600000000276e+02	3.904259999999999877e+02	3.993896009205224118e+02
1.520000000000000000e+02	2.266440000000000055e+01	3.903333999999999833e+02	3.901190000000000282e+02	3.974013017900526279e+02
1.540000000000000000e+02	2.461189999999999856e+01	3.900446800000000280e+02	3.898029999999999973e+02	3.900024247787780496e+02
1.560000000000000000e+02	2.659059999999999846e+01	3.897880400000000236e+02	3.895430000000000064e+02	4.018667571729992574e+02
1.580000000000000000e+02	2.856709999999999994e+01	3.895474399999999946e+02	3.892980000000000018e+02	4.013270225418895620e+02
1.600000000000000000e+02	3.054589999999999961e+01	3.893389199999999732e+02	3.890710000000000264e+02	3.845529323313086252e+02
1.620000000000000000e+02	3.251550000000000296e+01	3.891304000000000087e+02	3.888509999999999991e+02	4.210196087432309469e+02
1.640000000000000000e+02	3.449210000000000065e+01	3.889379200000000196e+02	3.886530000000000200e+02	3.901682720180482420e+02
1.260000000000000000e+02	4.794999999999999818e-01	4.009358399999999278e+02	4.007649999999999864e+02	3.524388367016879329e+02
1.260000000000000000e+02	2.673999999999999932e+00	4.003584000000000174e+02	4.034689999999999941e+02	3.683891557781076926e+02
1.300000000000000000e+02	4.827499999999999680e+00	3.999253199999999993e+02	3.998910000000000196e+02	3.548370973535826920e+02
1.320000000000000000e+02	6.944200000000000372e+00	3.994762000000000057e+02	3.994289999999999736e+02	4.096924345248106647e+02
1.340000000000000000e+02	9.020599999999999952e+00	3.990591600000000199e+02	3.989490000000000123e+02	4.088737696582356875e+02
1.360000000000000000e+02	1.109009999999999962e+01	3.986260800000000017e+02	3.984900000000000091e+02	3.789250596497101355e+02
1.380000000000000000e+02	1.314370000000000083e+01	3.982090400000000159e+02	3.980400000000000205e+02	3.841724245226817516e+02
1.400000000000000000e+02	1.520459999999999923e+01	3.946000399999999217e+02	3.976250000000000000e+02	4.069417320277338490e+02
1.420000000000000000e+02	1.726190000000000069e+01	3.974230800000000272e+02	3.972320000000000277e+02	4.064464653179929314e+02
1.440000000000000000e+02	1.932229999999999848e+01	3.970541600000000244e+02	3.968659999999999854e+02	4.187372277119108048e+02
1.460000000000000000e+02	2.138589999999999947e+01	3.967333600000000047e+02	3.965260000000000105e+02	3.769670937199650211e+02
1.480000000000000000e+02	2.345929999999999893e+01	3.964286000000000172e+02	3.962189999999999941e+02	3.787292801230488521e+02
1.480000000000000000e+02	2.345639999999999858e+01	3.964125599999999849e+02	3.962149999999999750e+02	3.904573911271169209e+02
1.500000000000000000e+02	2.552939999999999898e+01	3.961398800000000051e+02	3.959279999999999973e+02	4.060690088611028159e+02
1.520000000000000000e+02	2.760239999999999938e+01	3.955624399999999810e+02	3.956589999999999918e+02	4.025798854865003591e+02
1.540000000000000000e+02	2.966639999999999944e+01	3.956426399999999717e+02	3.953980000000000246e+02	3.883177116721710149e+02
1.560000000000000000e+02	3.173460000000000036e+01	3.954180799999999749e+02	3.951589999999999918e+02	4.011827892106802551e+02
1.580000000000000000e+02	3.380299999999999727e+01	3.952095600000000104e+02	3.949370000000000118e+02	3.918350501996366688e+02
1.220000000000000000e+02	3.482000000000000095e-01	4.071914400000000001e+02	4.069660000000000082e+02	3.860457437370770322e+02
1.240000000000000000e+02	2.616800000000000015e+00	4.065819199999999114e+02	4.064889999999999759e+02	3.633259062127107200e+02
1.260000000000000000e+02	4.881400000000000183e+00	4.061327999999999747e+02	4.060389999999999873e+02	3.915876258171352333e+02
1.280000000000000000e+02	7.036299999999999777e+00	4.056997200000000134e+02	4.054959999999999809e+02	3.562325162126394957e+02
1.300000000000000000e+02	9.221799999999999997e+00	4.052666399999999953e+02	4.050190000000000055e+02	4.063726456531207987e+02
1.320000000000000000e+02	1.140390000000000015e+01	4.048335599999999772e+02	4.045670000000000073e+02	3.708363567856844156e+02
1.340000000000000000e+02	1.357859999999999978e+01	4.044004800000000159e+02	4.041349999999999909e+02	4.097106934416902391e+02
1.340000000000000000e+02	1.358140000000000036e+01	4.043844399999999837e+02	4.041379999999999768e+02	3.992531359927826884e+02
1.360000000000000000e+02	1.571729999999999983e+01	4.039513600000000224e+02	4.036909999999999741e+02	4.026833004215451979e+02
1.380000000000000000e+02	1.738009999999999877e+01	4.035663999999999874e+02	4.027679999999999723e+02	3.994141851808577144e+02
1.400000000000000000e+02	2.004299999999999926e+01	4.031974799999999846e+02	4.029300000000000068e+02	3.706137843607305058e+02
1.420000000000000000e+02	2.221440000000000126e+01	4.028606399999999326e+02	4.025930000000000177e+02	3.993122855926224020e+02
1.440000000000000000e+02	2.436649999999999849e+01	4.025558800000000019e+02	4.022570000000000050e+02	4.078997826401374596e+02
1.460000000000000000e+02	2.656429999999999936e+01	4.022832000000000221e+02	4.019889999999999759e+02	3.974766847835829253e+02
1.480000000000000000e+02	2.874620000000000175e+01	4.020265600000000177e+02	4.017230000000000132e+02	4.003508134493335433e+02
1.500000000000000000e+02	3.092820000000000036e+01	4.017859599999999318e+02	4.014759999999999991e+02	3.964426993387290850e+02
1.520000000000000000e+02	3.309369999999999834e+01	4.015613999999999919e+02	4.012289999999999850e+02	4.148260499478332690e+02
1.540000000000000000e+02	3.527259999999999707e+01	4.013528800000000274e+02	4.010120000000000005e+02	3.933026460057675990e+02
1.180000000000000000e+02	4.739999999999999769e-01	4.134630799999999908e+02	4.132780000000000200e+02	3.507236398112971756e+02
1.200000000000000000e+02	2.848700000000000010e+00	4.128535600000000159e+02	4.127850000000000250e+02	4.094336337936862833e+02
1.220000000000000000e+02	5.181400000000000006e+00	4.123883999999999901e+02	4.122810000000000059e+02	3.958686249374974864e+02
1.240000000000000000e+02	7.430299999999999905e+00	4.119392799999999966e+02	4.117210000000000036e+02	3.992982055363866607e+02
1.260000000000000000e+02	9.719599999999999795e+00	4.114901600000000030e+02	4.112350000000000136e+02	4.202606564721434665e+02
1.280000000000000000e+02	1.200099999999999945e+01	4.014010000000000105e+02	4.107699999999999818e+02	4.182389928847659348e+02
1.300000000000000000e+02	1.428459999999999930e+01	4.105919200000000160e+02	4.103349999999999795e+02	4.187320523880259202e+02
1.320000000000000000e+02	1.655539999999999878e+01	4.102069599999999809e+02	4.099130000000000109e+02	4.205869076412921572e+02
1.340000000000000000e+02	1.883200000000000074e+01	4.098220000000000027e+02	4.095230000000000246e+02	4.272029844663993572e+02
1.360000000000000000e+02	2.110620000000000118e+01	4.094049600000000169e+02	4.091539999999999964e+02	4.153047258187337434e+02
1.380000000000000000e+02	2.338550000000000040e+01	4.090681200000000217e+02	4.088129999999999882e+02	4.315704131478562431e+02
1.380000000000000000e+02	2.334450000000000003e+01	4.090681200000000217e+02	4.087740000000000009e+02	4.550079027965991258e+02
1.400000000000000000e+02	2.563309999999999889e+01	4.087633599999999774e+02	4.084639999999999986e+02	3.718782008902405209e+02
1.420000000000000000e+02	2.793299999999999983e+01	4.084746400000000222e+02	4.081840000000000259e+02	3.866679108333389649e+02
1.440000000000000000e+02	3.022090000000000032e+01	4.082180000000000177e+02	4.079130000000000109e+02	4.109643395070534098e+02
1.460000000000000000e+02	3.252270000000000039e+01	4.079773999999999319e+02	4.076720000000000255e+02	4.156008363078562411e+02
1.480000000000000000e+02	3.481479999999999819e+01	4.077688800000000242e+02	4.074399999999999977e+02	4.266754853459337937e+02
1.140000000000000000e+02	4.106000000000000205e-01	4.193176799999999957e+02	4.192149999999999750e+02	4.055338934506977466e+02
1.160000000000000000e+02	2.889600000000000168e+00	4.186921199999999885e+02	4.187060000000000173e+02	3.894796876558327199e+02
1.180000000000000000e+02	5.290799999999999947e+00	4.181948800000000119e+02	4.181549999999999727e+02	3.982878960901157370e+02
1.200000000000000000e+02	7.635799999999999699e+00	4.177457600000000184e+02	4.175830000000000268e+02	4.288489033065514491e+02
1.220000000000000000e+02	1.001619999999999955e+01	4.172645600000000172e+02	4.170760000000000218e+02	4.030995143487380687e+02
1.240000000000000000e+02	1.239289999999999914e+01	4.167993999999999346e+02	4.165950000000000273e+02	4.237960195612027405e+02
1.260000000000000000e+02	1.476549999999999940e+01	4.163342400000000225e+02	4.161379999999999768e+02	4.231912452955873505e+02
1.280000000000000000e+02	1.713380000000000081e+01	4.159011600000000044e+02	4.157040000000000077e+02	4.296354178706958464e+02
1.300000000000000000e+02	1.951229999999999976e+01	4.155001599999999939e+02	4.153059999999999832e+02	4.244359908710734430e+02
1.320000000000000000e+02	2.189549999999999841e+01	4.151312399999999343e+02	4.149350000000000023e+02	4.205735636810046003e+02
1.320000000000000000e+02	2.185340000000000060e+01	4.151152000000000157e+02	4.148980000000000246e+02	4.270062352212434007e+02
1.340000000000000000e+02	2.424409999999999954e+01	4.147783600000000206e+02	4.145570000000000164e+02	4.174124995922396693e+02
1.360000000000000000e+02	2.664399999999999835e+01	4.144735999999999194e+02	4.142470000000000141e+02	4.116679215211845531e+02
1.380000000000000000e+02	2.904739999999999966e+01	4.141848800000000210e+02	4.139590000000000032e+02	4.181716371289913923e+02
1.400000000000000000e+02	3.145769999999999911e+01	4.139442799999999920e+02	4.136970000000000027e+02	3.805956618081237934e+02
1.420000000000000000e+02	3.382900000000000063e+01	4.137036800000000198e+02	4.134200000000000159e+02	4.267204293908847035e+02
1.100000000000000000e+02	5.935000000000000275e-01	4.253647599999999329e+02	4.252379999999999995e+02	3.920054807986892342e+02
1.120000000000000000e+02	3.183899999999999952e+00	4.247391999999999825e+02	4.247169999999999845e+02	3.940115317876365566e+02
1.140000000000000000e+02	5.644400000000000084e+00	4.242419600000000059e+02	4.241129999999999995e+02	4.079205558685748656e+02
1.160000000000000000e+02	8.105399999999999494e+00	4.237607600000000048e+02	4.235430000000000064e+02	4.174376542257941765e+02
1.180000000000000000e+02	1.058699999999999974e+01	4.232635200000000282e+02	4.230210000000000150e+02	4.102526515844312485e+02
1.200000000000000000e+02	1.306589999999999918e+01	4.227662799999999947e+02	4.225280000000000200e+02	4.072468101620333414e+02
1.220000000000000000e+02	1.553999999999999915e+01	4.222850799999999936e+02	4.220579999999999927e+02	4.276646192908962689e+02
1.240000000000000000e+02	1.801539999999999964e+01	4.218359600000000000e+02	4.216170000000000186e+02	4.311516524157266872e+02
1.260000000000000000e+02	2.049749999999999872e+01	4.214349599999999896e+02	4.212069999999999936e+02	4.251341424976964731e+02
1.280000000000000000e+02	2.298920000000000030e+01	4.210660399999999868e+02	4.208299999999999841e+02	4.092660364152588954e+02
1.300000000000000000e+02	2.549060000000000059e+01	4.207291999999999916e+02	4.204830000000000041e+02	4.102600528209163144e+02
1.320000000000000000e+02	2.800250000000000128e+01	4.204244400000000041e+02	4.201680000000000064e+02	4.265367706828037626e+02
1.340000000000000000e+02	3.052139999999999986e+01	4.201357199999999921e+02	4.198779999999999859e+02	4.336228050824449269e+02
1.340000000000000000e+02	3.049670000000000059e+01	4.201196800000000167e+02	4.198580000000000041e+02	4.219455686101737797e+02
1.360000000000000000e+02	3.301850000000000307e+01	4.198630400000000122e+02	4.195899999999999750e+02	4.253165037621652687e+02
1.060000000000000000e+02	1.202199999999999935e+00	4.314920399999999745e+02	4.314630000000000223e+02	4.334065214877915082e+02
1.080000000000000000e+02	3.898600000000000065e+00	4.308985599999999749e+02	4.309209999999999923e+02	4.214993701873926852e+02
1.100000000000000000e+02	6.459100000000000286e+00	4.304013199999999983e+02	4.303000000000000114e+02	4.421544611008624202e+02
1.120000000000000000e+02	9.029999999999999361e+00	4.298880399999999327e+02	4.297210000000000036e+02	4.266537052068990761e+02
1.140000000000000000e+02	1.161219999999999963e+01	4.293587200000000053e+02	4.291820000000000164e+02	4.262689254476989049e+02
1.160000000000000000e+02	1.418709999999999916e+01	4.288454399999999964e+02	4.286669999999999732e+02	4.387460791506732107e+02
1.190000000000000000e+02	1.676529999999999987e+01	4.283642399999999952e+02	4.269189999999999827e+02	4.294621218912993186e+02
1.200000000000000000e+02	1.935389999999999944e+01	4.279311599999999203e+02	4.277339999999999804e+02	4.272275528301548775e+02
1.220000000000000000e+02	2.195420000000000016e+01	4.275141199999999344e+02	4.273210000000000264e+02	4.012439196962788515e+02
1.240000000000000000e+02	2.458200000000000074e+01	4.271500119999998901e+02	4.269529999999999745e+02	4.277069765839876254e+02
1.240000000000000000e+02	2.456759999999999877e+01	4.271612400000000207e+02	4.269409999999999741e+02	4.349716145326278252e+02
1.260000000000000000e+02	2.720489999999999853e+01	4.172004000000000019e+02	4.266039999999999850e+02	4.162188930684181969e+02
1.280000000000000000e+02	2.935099999999999909e+01	4.265356800000000135e+02	4.259130000000000109e+02	4.372555570356642534e+02
1.300000000000000000e+02	3.250200000000000244e+01	4.262469600000000014e+02	4.260090000000000146e+02	4.374428966902952425e+02
1.320000000000000000e+02	3.514229999999999876e+01	4.260063599999999724e+02	4.257350000000000136e+02	4.433753680252414142e+02
1.020000000000000000e+02	8.474000000000000421e-01	4.368012800000000198e+02	4.367500000000000000e+02	4.153459155055477936e+02
1.040000000000000000e+02	3.648899999999999810e+00	4.361596799999999803e+02	4.361929999999999836e+02	4.072487907238099183e+02
1.060000000000000000e+02	6.303399999999999892e+00	4.356464000000000283e+02	4.355550000000000068e+02	4.084809659166060669e+02
1.080000000000000000e+02	8.951499999999999346e+00	4.351170799999999304e+02	4.349460000000000264e+02	4.429948379991283787e+02
1.100000000000000000e+02	1.162180000000000035e+01	4.345717199999999139e+02	4.343849999999999909e+02	3.959011167424336577e+02
1.120000000000000000e+02	1.429369999999999941e+01	4.340423999999999296e+02	4.338559999999999945e+02	4.154750940029571211e+02
1.140000000000000000e+02	1.696120000000000161e+01	4.335451600000000099e+02	4.333519999999999754e+02	4.310100292530133856e+02
1.160000000000000000e+02	1.964799999999999969e+01	4.330960400000000163e+02	4.328899999999999864e+02	4.348736183720723147e+02
1.160000000000000000e+02	1.964709999999999823e+01	4.330960400000000163e+02	4.328890000000000100e+02	4.274906920962575327e+02
1.180000000000000000e+02	2.235679999999999978e+01	4.326950400000000059e+02	4.324710000000000036e+02	4.363753866853360250e+02
1.200000000000000000e+02	2.508620000000000161e+01	4.323100800000000277e+02	4.320910000000000082e+02	4.362100453304104803e+02
1.220000000000000000e+02	2.762780000000000058e+01	4.319732399999999757e+02	4.315980000000000132e+02	4.288389327392469568e+02
1.240000000000000000e+02	3.358979999999999677e+01	4.316684799999999882e+02	4.335480000000000018e+02	4.133588112623966140e+02
1.260000000000000000e+02	3.334239999999999782e+01	4.313958000000000084e+02	4.311349999999999909e+02	4.461780620103575075e+02
9.800000000000000000e+01	1.245700000000000029e+00	4.424794400000000110e+02	4.425230000000000246e+02	4.314351801168664338e+02
1.000000000000000000e+02	4.140699999999999825e+00	4.386619200000000092e+02	4.419370000000000118e+02	4.277461195238052483e+02
1.020000000000000000e+02	6.869600000000000151e+00	4.413566399999999135e+02	4.412649999999999864e+02	4.478181376449169306e+02
1.040000000000000000e+02	9.627000000000000668e+00	4.407952399999999784e+02	4.406460000000000150e+02	4.454184352647529295e+02
1.060000000000000000e+02	1.240019999999999989e+01	4.402498799999999051e+02	4.400710000000000264e+02	4.494535127516106172e+02
1.080000000000000000e+02	1.517559999999999931e+01	4.397045200000000023e+02	4.395269999999999868e+02	4.511576042933951385e+02
1.100000000000000000e+02	1.796490000000000009e+01	4.392072800000000257e+02	4.390210000000000150e+02	4.392777164163983343e+02
1.120000000000000000e+02	2.077939999999999898e+01	4.387421199999999999e+02	4.385609999999999786e+02	4.438913604044412295e+02
1.140000000000000000e+02	2.361479999999999890e+01	4.383411199999999894e+02	4.381410000000000196e+02	4.400855578315326966e+02
1.160000000000000000e+02	2.647520000000000095e+01	4.379721999999999866e+02	4.377629999999999768e+02	4.410107566323881656e+02
1.160000000000000000e+02	2.648939999999999984e+01	4.379721999999999866e+02	4.377730000000000246e+02	4.408684875253084101e+02
1.180000000000000000e+02	2.936120000000000019e+01	4.376514000000000237e+02	4.374259999999999877e+02	4.433918906621934752e+02
1.200000000000000000e+02	3.224459999999999837e+01	4.373466399999999794e+02	4.371089999999999804e+02	4.241407360989946937e+02
9.400000000000000000e+01	7.512999999999999678e-01	4.475159999999999059e+02	4.475590000000000259e+02	4.203493005921656618e+02
9.600000000000000000e+01	3.751700000000000035e+00	4.388223199999999906e+02	4.469569999999999936e+02	4.218162891859993238e+02
9.800000000000000000e+01	6.561700000000000088e+00	4.431050000000000182e+02	4.462579999999999814e+02	4.676611144614810200e+02
1.000000000000000000e+02	9.406100000000000350e+00	4.457355600000000209e+02	4.456170000000000186e+02	4.182476093092606675e+02
1.020000000000000000e+02	1.227250000000000085e+01	4.451581199999999967e+02	4.450219999999999914e+02	4.448764873281970154e+02
1.040000000000000000e+02	1.513630000000000031e+01	4.446127599999999802e+02	4.444560000000000173e+02	4.505814933063327317e+02
1.060000000000000000e+02	1.302219999999999978e+01	4.440834399999999960e+02	4.405110000000000241e+02	4.483523792870703346e+02
1.080000000000000000e+02	2.093509999999999849e+01	4.436182800000000270e+02	4.434590000000000032e+02	4.463622288641304863e+02
1.100000000000000000e+02	2.337280000000000157e+01	4.431852000000000089e+02	4.426970000000000027e+02	4.510026448250129647e+02
1.120000000000000000e+02	2.683940000000000126e+01	4.428162800000000061e+02	4.426360000000000241e+02	4.615183295842859934e+02
1.140000000000000000e+02	2.982610000000000028e+01	4.424794400000000110e+02	4.422830000000000155e+02	4.282516805241837687e+02
1.160000000000000000e+02	3.263470000000000226e+01	4.421746800000000235e+02	4.418389999999999986e+02	4.467513798217035514e+02
9.200000000000000000e+01	4.412300000000000111e+00	4.524723599999999806e+02	4.526070000000000277e+02	4.451873840258327277e+02
9.400000000000000000e+01	7.285199999999999676e+00	4.198469999999999800e+02	4.518690000000000282e+02	4.492479355973485440e+02
9.600000000000000000e+01	1.025430000000000064e+01	4.513174799999999891e+02	4.512259999999999991e+02	4.593629662735473289e+02
9.800000000000000000e+01	1.323629999999999995e+01	4.186600399999999809e+02	4.506220000000000141e+02	4.546798759101550900e+02
1.000000000000000000e+02	1.621799999999999997e+01	4.501786399999999730e+02	4.500489999999999782e+02	4.705218400778022101e+02
1.000000000000000000e+02	1.621900000000000119e+01	4.501786399999999730e+02	4.500489999999999782e+02	4.650823868445270932e+02
1.020000000000000000e+02	1.922429999999999950e+01	4.496653600000000210e+02	4.495199999999999818e+02	4.641268772569748080e+02
1.040000000000000000e+02	2.226869999999999905e+01	4.491841600000000199e+02	4.490430000000000064e+02	4.347407649266768317e+02
1.060000000000000000e+02	2.635510000000000019e+01	4.487350400000000263e+02	4.492289999999999850e+02	4.568819028041492061e+02
1.060000000000000000e+02	2.846409999999999840e+01	4.483981999999999175e+02	4.504990000000000236e+02	4.747832550510363490e+02
1.100000000000000000e+02	3.150179999999999936e+01	4.480774000000000115e+02	4.478269999999999982e+02	4.629324506780430966e+02
1.120000000000000000e+02	3.476270000000000238e+01	4.477726400000000240e+02	4.475779999999999745e+02	4.519073344137323716e+02
9.400000000000000000e+01	1.281329999999999991e+01	4.553916399999999953e+02	4.552789999999999964e+02	4.676348990792826044e+02
9.600000000000000000e+01	1.588930000000000042e+01	4.547981599999999958e+02	4.546870000000000118e+02	4.546527065629773574e+02
9.600000000000000000e+01	1.898860000000000170e+01	4.221888400000000274e+02	4.565079999999999814e+02	4.726515880961534322e+02
1.000000000000000000e+02	2.213380000000000081e+01	4.537715999999999212e+02	4.536440000000000055e+02	4.498473599291920664e+02
1.020000000000000000e+02	2.532219999999999871e+01	4.212745600000000081e+02	4.532029999999999745e+02	4.395009545087389142e+02
1.040000000000000000e+02	2.854400000000000048e+01	4.529695999999999003e+02	4.528070000000000164e+02	4.638716879402066979e+02
1.060000000000000000e+02	3.180489999999999995e+01	4.526327600000000189e+02	4.524580000000000268e+02	4.612357357812700798e+02
1.080000000000000000e+02	3.503059999999999974e+01	4.202479999999999336e+02	4.521109999999999900e+02	4.550722435001987947e+02
9.800000000000000000e+01	2.496430000000000149e+01	4.576372400000000198e+02	4.575860000000000127e+02	4.441109014722860593e+02
1.000000000000000000e+02	2.828430000000000177e+01	4.572522799999999847e+02	4.571700000000000159e+02	4.565555153064727278e+02
1.000000000000000000e+02	2.829350000000000165e+01	4.572522799999999847e+02	4.571759999999999877e+02	4.500208661779161616e+02
1.040000000000000000e+02	3.500930000000000319e+01	4.565946400000000267e+02	4.564599999999999795e+02	4.344085099262084668e+02
