# Temperature (K)	Pressure (MPa)	Experimental(J/mol*K)	NIST(J/mol*K)	Model(J/mol*K)
2.942599999999999909e+02	0.000000000000000000e+00	3.559660000000000224e+01	3.556640000000000157e+01	5.573510831191811121e+00
2.942599999999999909e+02	1.719999999999999973e+00	3.722800000000000153e+01	3.732690000000000197e+01	2.175914175933513661e+01
2.942599999999999909e+02	3.450000000000000178e+00	3.900719999999999743e+01	3.935609999999999786e+01	3.818331091822425094e+01
3.109300000000000068e+02	0.000000000000000000e+00	3.625450000000000017e+01	3.620420000000000016e+01	-9.199553894707946711e+00
3.109300000000000068e+02	1.719999999999999973e+00	3.768460000000000321e+01	3.771249999999999858e+01	5.756094220113766369e+00
3.109300000000000068e+02	3.450000000000000178e+00	3.924219999999999686e+01	3.939690000000000225e+01	2.309952473523080130e+01
3.275899999999999750e+02	0.000000000000000000e+00	3.695949999999999847e+01	3.691270000000000095e+01	-2.460496353533721958e+01
3.275899999999999750e+02	1.719999999999999973e+00	3.821490000000000009e+01	3.822030000000000172e+01	-8.999992634469208497e+00
3.275899999999999750e+02	3.450000000000000178e+00	3.956439999999999912e+01	3.964549999999999841e+01	5.079051673505773579e+00
3.442599999999999909e+02	0.000000000000000000e+00	3.773160000000000025e+01	3.768430000000000035e+01	-4.243254621070332178e+01
3.442599999999999909e+02	1.719999999999999973e+00	3.881920000000000215e+01	3.882900000000000063e+01	-2.609525185764925936e+01
3.442599999999999909e+02	3.450000000000000178e+00	4.000079999999999814e+01	4.005319999999999681e+01	-1.181108900681104501e+01
3.609300000000000068e+02	0.000000000000000000e+00	3.859089999999999776e+01	3.850970000000000226e+01	-5.979128406295208720e+01
3.609300000000000068e+02	1.719999999999999973e+00	3.953090000000000259e+01	3.952040000000000219e+01	-4.763571970773193698e+01
3.609300000000000068e+02	3.450000000000000178e+00	4.055140000000000100e+01	4.058509999999999707e+01	-3.061509127424551480e+01
3.775899999999999750e+02	0.000000000000000000e+00	3.947710000000000008e+01	3.937989999999999924e+01	-8.016712435339638887e+01
3.775899999999999750e+02	1.719999999999999973e+00	4.031640000000000157e+01	4.027890000000000015e+01	-6.644643256126897768e+01
3.775899999999999750e+02	3.450000000000000178e+00	4.120259999999999678e+01	4.121450000000000102e+01	-4.907290252819660736e+01
1.800000000000000000e+02	3.200000000000000178e+00	1.277547900000000027e+03	1.034530000000000030e+02	1.044422025620579575e+02
1.805000000000000000e+02	3.200000000000000178e+00	9.664186999999999443e+02	9.820130000000000337e+01	1.125250930912688148e+02
1.805999999999999943e+02	3.200000000000000178e+00	9.712496999999999616e+02	9.725650000000000261e+01	1.123267813874549290e+02
1.855000000000000000e+02	3.200000000000000178e+00	7.256199999999999761e+01	7.180429999999999779e+01	1.337064221885158872e+02
1.931999999999999886e+02	3.200000000000000178e+00	5.798859999999999815e+01	5.785020000000000095e+01	1.259866745360892537e+02
1.930999999999999943e+02	3.200000000000000178e+00	5.810099999999999909e+01	5.796350000000000335e+01	1.260877218639735418e+02
2.029000000000000057e+02	3.200000000000000178e+00	5.020439999999999969e+01	5.030830000000000268e+01	1.162624011922286797e+02
2.029000000000000057e+02	3.200000000000000178e+00	5.002790000000000248e+01	5.030830000000000268e+01	1.162661909845307093e+02
1.553700000000000045e+02	1.030000000000000027e+00	4.209550000000000125e+01	4.348660000000000281e+01	1.405901109053644120e+02
1.609300000000000068e+02	1.030000000000000027e+00	4.048420000000000130e+01	4.165720000000000312e+01	1.353138309444441632e+02
1.664799999999999898e+02	1.030000000000000027e+00	3.934290000000000020e+01	4.037669999999999959e+01	1.302742037768578882e+02
1.720399999999999920e+02	1.030000000000000027e+00	3.853719999999999857e+01	3.940959999999999752e+01	1.251066124198907517e+02
1.775900000000000034e+02	1.030000000000000027e+00	3.800010000000000332e+01	3.865540000000000020e+01	1.202757481047775059e+02
1.831500000000000057e+02	1.030000000000000027e+00	3.759729999999999706e+01	3.805330000000000013e+01	1.154361795296370303e+02
1.887100000000000080e+02	1.030000000000000027e+00	3.726160000000000139e+01	3.756830000000000069e+01	1.105966109544965832e+02
1.942599999999999909e+02	1.030000000000000027e+00	3.699300000000000210e+01	3.717569999999999908e+01	1.051945346359174778e+02
1.998199999999999932e+02	1.030000000000000027e+00	3.672449999999999903e+01	3.685620000000000118e+01	9.936327247681157360e+01
2.053700000000000045e+02	1.030000000000000027e+00	3.652309999999999945e+01	3.659779999999999944e+01	9.337787701622062286e+01
2.109300000000000068e+02	1.030000000000000027e+00	3.638880000000000337e+01	3.638949999999999818e+01	8.761066343431102155e+01
2.164799999999999898e+02	1.030000000000000027e+00	3.625450000000000017e+01	3.622480000000000189e+01	8.198713245571946118e+01
2.220399999999999920e+02	1.030000000000000027e+00	3.605310000000000059e+01	3.609709999999999752e+01	7.679633799144079376e+01
2.275900000000000034e+02	1.030000000000000027e+00	3.598599999999999710e+01	3.600240000000000151e+01	7.106651116103321897e+01
2.331500000000000057e+02	1.030000000000000027e+00	3.591879999999999740e+01	3.593690000000000140e+01	6.479440255037189900e+01
2.387100000000000080e+02	1.030000000000000027e+00	3.591879999999999740e+01	3.589789999999999992e+01	5.895494987454696911e+01
2.442599999999999909e+02	1.030000000000000027e+00	3.585170000000000101e+01	3.588309999999999889e+01	5.304693822135413939e+01
2.498199999999999932e+02	1.030000000000000027e+00	3.591879999999999740e+01	3.589039999999999964e+01	4.824121836401191388e+01
2.553700000000000045e+02	1.030000000000000027e+00	3.591879999999999740e+01	3.591819999999999879e+01	4.407394335839643418e+01
2.609300000000000068e+02	1.030000000000000027e+00	3.598599999999999710e+01	3.596529999999999916e+01	3.974225146283004051e+01
2.664800000000000182e+02	1.030000000000000027e+00	3.605310000000000059e+01	3.603029999999999688e+01	3.617679121374527540e+01
2.720400000000000205e+02	1.030000000000000027e+00	3.612019999999999698e+01	3.611229999999999762e+01	3.088981158391140980e+01
2.775899999999999750e+02	1.030000000000000027e+00	3.618739999999999668e+01	3.621000000000000085e+01	2.691289773789358719e+01
2.831499999999999773e+02	1.030000000000000027e+00	3.625450000000000017e+01	3.632309999999999661e+01	2.344187353341867208e+01
1.720399999999999920e+02	2.069999999999999840e+00	5.545600000000000307e+01	5.519189999999999685e+01	1.368710375224159179e+02
1.775900000000000034e+02	2.069999999999999840e+00	5.062210000000000321e+01	5.015529999999999688e+01	1.314652161788957301e+02
1.831500000000000057e+02	2.069999999999999840e+00	4.733229999999999649e+01	4.703629999999999711e+01	1.260187181808798869e+02
1.887100000000000080e+02	2.069999999999999840e+00	4.491530000000000200e+01	4.487409999999999854e+01	1.201132728856268841e+02
1.942599999999999909e+02	2.069999999999999840e+00	4.323689999999999856e+01	4.327980000000000160e+01	1.145021090804780499e+02
1.998199999999999932e+02	2.069999999999999840e+00	4.189410000000000167e+01	4.205490000000000350e+01	1.087652739917717781e+02
2.053700000000000045e+02	2.069999999999999840e+00	4.081989999999999696e+01	4.109449999999999648e+01	1.030024675018354401e+02
2.109300000000000068e+02	2.069999999999999840e+00	4.001420000000000243e+01	4.032670000000000243e+01	9.712929180639537208e+01
2.164799999999999898e+02	2.069999999999999840e+00	3.934290000000000020e+01	3.970889999999999986e+01	9.140718701325377538e+01
2.220399999999999920e+02	2.069999999999999840e+00	3.887290000000000134e+01	3.920720000000000027e+01	8.584904290828072249e+01
2.275900000000000034e+02	2.069999999999999840e+00	3.847010000000000218e+01	3.880060000000000286e+01	8.023925099792151627e+01
2.331500000000000057e+02	2.069999999999999840e+00	3.820150000000000290e+01	3.847090000000000032e+01	7.506795564489900130e+01
2.387100000000000080e+02	2.069999999999999840e+00	3.793299999999999983e+01	3.820620000000000260e+01	7.050372514078210884e+01
2.442599999999999909e+02	2.069999999999999840e+00	3.773160000000000025e+01	3.799689999999999657e+01	6.521011716129368097e+01
2.498199999999999932e+02	2.069999999999999840e+00	3.759729999999999706e+01	3.783489999999999753e+01	5.961865922915285410e+01
2.553700000000000045e+02	2.069999999999999840e+00	3.753009999999999735e+01	3.771470000000000056e+01	5.466297181357313661e+01
2.609300000000000068e+02	2.069999999999999840e+00	3.746300000000000097e+01	3.763089999999999691e+01	4.972076255311642967e+01
2.664800000000000182e+02	2.069999999999999840e+00	3.739589999999999748e+01	3.757990000000000208e+01	4.499958047200556166e+01
2.720400000000000205e+02	2.069999999999999840e+00	3.739589999999999748e+01	3.755830000000000268e+01	4.093286897643633893e+01
2.775899999999999750e+02	2.069999999999999840e+00	3.739589999999999748e+01	3.756320000000000192e+01	3.619973685493255289e+01
2.831499999999999773e+02	2.069999999999999840e+00	3.732869999999999777e+01	3.759250000000000114e+01	3.215736895153685282e+01
1.775900000000000034e+02	2.410000000000000142e+00	5.814150000000000063e+01	5.803629999999999711e+01	1.328073755349342946e+02
1.831500000000000057e+02	2.410000000000000142e+00	5.270329999999999870e+01	5.221710000000000207e+01	1.272500778860123205e+02
1.887100000000000080e+02	2.410000000000000142e+00	4.921220000000000283e+01	4.865370000000000061e+01	1.216927802370904033e+02
1.942599999999999909e+02	2.410000000000000142e+00	4.666089999999999804e+01	4.620889999999999986e+01	1.159496245029268664e+02
1.998199999999999932e+02	2.410000000000000142e+00	4.464679999999999893e+01	4.441360000000000241e+01	1.103494455166392925e+02
2.053700000000000045e+02	2.410000000000000142e+00	4.310260000000000247e+01	4.304760000000000275e+01	1.047426140775395424e+02
2.109300000000000068e+02	2.410000000000000142e+00	4.175979999999999848e+01	4.197740000000000293e+01	9.907394659845053297e+01
2.164799999999999898e+02	2.410000000000000142e+00	4.081989999999999696e+01	4.112769999999999726e+01	9.344764200080601313e+01
2.220399999999999920e+02	2.410000000000000142e+00	4.008140000000000214e+01	4.044290000000000163e+01	8.805818846296381253e+01
2.275900000000000034e+02	2.410000000000000142e+00	3.954429999999999978e+01	3.988929999999999865e+01	8.302610791487890651e+01
2.331500000000000057e+02	2.410000000000000142e+00	3.907430000000000092e+01	3.943910000000000338e+01	7.794651426683014961e+01
2.387100000000000080e+02	2.410000000000000142e+00	3.873859999999999815e+01	3.907430000000000092e+01	7.315722816427938824e+01
2.442599999999999909e+02	2.410000000000000142e+00	3.847010000000000218e+01	3.878110000000000213e+01	6.855813898777554982e+01
2.498199999999999932e+02	2.410000000000000142e+00	3.826870000000000260e+01	3.854760000000000275e+01	6.395050984842686148e+01
2.553700000000000045e+02	2.410000000000000142e+00	3.813439999999999941e+01	3.836610000000000298e+01	5.778775044472592981e+01
2.609300000000000068e+02	2.410000000000000142e+00	3.800010000000000332e+01	3.822910000000000252e+01	5.240870661259722851e+01
2.664800000000000182e+02	2.410000000000000142e+00	3.793299999999999983e+01	3.813179999999999836e+01	4.856498919617823162e+01
2.720400000000000205e+02	2.410000000000000142e+00	3.786580000000000013e+01	3.806929999999999836e+01	4.407926398420352143e+01
2.775899999999999750e+02	2.410000000000000142e+00	3.786580000000000013e+01	3.803820000000000334e+01	3.926134894118911234e+01
2.831499999999999773e+02	2.410000000000000142e+00	3.779869999999999663e+01	3.803529999999999944e+01	3.515472164357532847e+01
1.831500000000000057e+02	3.100000000000000089e+00	7.499309999999999832e+01	7.413429999999999609e+01	1.339511917750255634e+02
1.887100000000000080e+02	3.100000000000000089e+00	6.196840000000000259e+01	6.141389999999999816e+01	1.290396894510602408e+02
1.942599999999999909e+02	3.100000000000000089e+00	5.491890000000000072e+01	5.495389999999999731e+01	1.238221376608489379e+02
1.998199999999999932e+02	3.100000000000000089e+00	5.075630000000000308e+01	5.092960000000000065e+01	1.181103424813308038e+02
2.053700000000000045e+02	3.100000000000000089e+00	4.786939999999999884e+01	4.816129999999999711e+01	1.125474658511812436e+02
2.109300000000000068e+02	3.100000000000000089e+00	4.578810000000000002e+01	4.613170000000000215e+01	1.069745660198962582e+02
2.164799999999999898e+02	3.100000000000000089e+00	4.424389999999999645e+01	4.459109999999999729e+01	1.013006492820453275e+02
2.220399999999999920e+02	3.100000000000000089e+00	4.310260000000000247e+01	4.338669999999999760e+01	9.574239757669445794e+01
2.275900000000000034e+02	3.100000000000000089e+00	4.216270000000000095e+01	4.243189999999999884e+01	9.026248684137974010e+01
2.331500000000000057e+02	3.100000000000000089e+00	4.135699999999999932e+01	4.166320000000000334e+01	8.458564696029472429e+01
2.387100000000000080e+02	3.100000000000000089e+00	4.075280000000000058e+01	4.104099999999999682e+01	7.903182702040598429e+01
2.442599999999999909e+02	3.100000000000000089e+00	4.021569999999999823e+01	4.053670000000000329e+01	7.369188389476070711e+01
2.498199999999999932e+02	3.100000000000000089e+00	3.981280000000000285e+01	4.012680000000000291e+01	6.824592496478251746e+01
2.553700000000000045e+02	3.100000000000000089e+00	3.954429999999999978e+01	3.979659999999999798e+01	6.359610402060016554e+01
2.609300000000000068e+02	3.100000000000000089e+00	3.934290000000000020e+01	3.953260000000000218e+01	5.934892965774480444e+01
2.664800000000000182e+02	3.100000000000000089e+00	3.914150000000000063e+01	3.932609999999999673e+01	5.466310376830119822e+01
2.720400000000000205e+02	3.100000000000000089e+00	3.900719999999999743e+01	3.916850000000000165e+01	4.999536388585511304e+01
2.775899999999999750e+02	3.100000000000000089e+00	3.893999999999999773e+01	3.905429999999999779e+01	4.634128637258217509e+01
2.831499999999999773e+02	3.100000000000000089e+00	3.887290000000000134e+01	3.897809999999999775e+01	4.181425089842286980e+01
1.887100000000000080e+02	3.790000000000000036e+00	1.001698999999999984e+02	9.771469999999999345e+01	1.314109531197481431e+02
1.942599999999999909e+02	3.790000000000000036e+00	7.324760000000000559e+01	7.219110000000000582e+01	1.263512569064531590e+02
1.998199999999999932e+02	3.790000000000000036e+00	6.196840000000000259e+01	6.165740000000000265e+01	1.210905127021908925e+02
2.053700000000000045e+02	3.790000000000000036e+00	5.572449999999999903e+01	5.571959999999999980e+01	1.157306967791591035e+02
2.109300000000000068e+02	3.790000000000000036e+00	5.156199999999999761e+01	5.184250000000000114e+01	1.103174271298127280e+02
2.164799999999999898e+02	3.790000000000000036e+00	4.874219999999999686e+01	4.911030000000000229e+01	1.049107743576406619e+02
2.220399999999999920e+02	3.790000000000000036e+00	4.666089999999999804e+01	4.707900000000000063e+01	9.976173153034511643e+01
2.275900000000000034e+02	3.790000000000000036e+00	4.504959999999999809e+01	4.552360000000000184e+01	9.545126084350674489e+01
2.331500000000000057e+02	3.790000000000000036e+00	4.397540000000000049e+01	4.430049999999999955e+01	9.121141027549300873e+01
2.387100000000000080e+02	3.790000000000000036e+00	4.303549999999999898e+01	4.332529999999999859e+01	8.563891406788383165e+01
2.442599999999999909e+02	3.790000000000000036e+00	4.222979999999999734e+01	4.254070000000000107e+01	7.993690448939344151e+01
2.498199999999999932e+02	3.790000000000000036e+00	4.155839999999999890e+01	4.190310000000000201e+01	7.483219600644059710e+01
2.553700000000000045e+02	3.790000000000000036e+00	4.108850000000000335e+01	4.138559999999999661e+01	6.998888351842305156e+01
2.609300000000000068e+02	3.790000000000000036e+00	4.075280000000000058e+01	4.096479999999999677e+01	6.500397518500818705e+01
2.664800000000000182e+02	3.790000000000000036e+00	4.041709999999999781e+01	4.062579999999999814e+01	6.065888056630979008e+01
2.720400000000000205e+02	3.790000000000000036e+00	4.021569999999999823e+01	4.035470000000000113e+01	5.683059253900154317e+01
2.775899999999999750e+02	3.790000000000000036e+00	4.014849999999999852e+01	4.014280000000000115e+01	5.202950066843041554e+01
2.831499999999999773e+02	3.790000000000000036e+00	4.008140000000000214e+01	3.998129999999999740e+01	4.762451591360735392e+01
1.887100000000000080e+02	4.139999999999999680e+00	1.645552000000000135e+02	1.762400000000000091e+02	1.314916507958263594e+02
1.942599999999999909e+02	4.139999999999999680e+00	9.144199999999999307e+01	8.983509999999999707e+01	1.295250923527828490e+02
1.998199999999999932e+02	4.139999999999999680e+00	7.177049999999999841e+01	7.029269999999999641e+01	1.248136295084059668e+02
2.053700000000000045e+02	4.139999999999999680e+00	6.190120000000000289e+01	6.110349999999999682e+01	1.199809676078405971e+02
2.109300000000000068e+02	4.139999999999999680e+00	5.559029999999999916e+01	5.561899999999999977e+01	1.150301989346477569e+02
2.164799999999999898e+02	4.139999999999999680e+00	5.156199999999999761e+01	5.195329999999999870e+01	1.101015719818151410e+02
2.220399999999999920e+02	4.139999999999999680e+00	4.887650000000000006e+01	4.931969999999999743e+01	1.051640646200584683e+02
2.275900000000000034e+02	4.139999999999999680e+00	4.686229999999999762e+01	4.734949999999999903e+01	1.001551245143407414e+02
2.331500000000000057e+02	4.139999999999999680e+00	4.545239999999999725e+01	4.582529999999999859e+01	9.448441930803133459e+01
2.387100000000000080e+02	4.139999999999999680e+00	4.424389999999999645e+01	4.462360000000000326e+01	8.881975164784896037e+01
2.442599999999999909e+02	4.139999999999999680e+00	4.337109999999999843e+01	4.366380000000000194e+01	8.311038633927290675e+01
2.498199999999999932e+02	4.139999999999999680e+00	4.269980000000000331e+01	4.288689999999999714e+01	7.751025417555104013e+01
2.553700000000000045e+02	4.139999999999999680e+00	4.202839999999999776e+01	4.225699999999999790e+01	7.240253325697133846e+01
2.609300000000000068e+02	4.139999999999999680e+00	4.155839999999999890e+01	4.174349999999999739e+01	6.784931583978308822e+01
2.664800000000000182e+02	4.139999999999999680e+00	4.102129999999999654e+01	4.132719999999999771e+01	6.325749564600465646e+01
2.720400000000000205e+02	4.139999999999999680e+00	4.075280000000000058e+01	4.099090000000000344e+01	5.986785532688315925e+01
2.775899999999999750e+02	4.139999999999999680e+00	4.061849999999999739e+01	4.072319999999999851e+01	5.548212791489555684e+01
2.831499999999999773e+02	4.139999999999999680e+00	4.048420000000000130e+01	4.051359999999999673e+01	5.060618431125182326e+01
1.887100000000000080e+02	4.309999999999999609e+00	3.519374000000000251e+02	4.166030000000000086e+02	1.299244431851052752e+02
1.942599999999999909e+02	4.309999999999999609e+00	1.011098000000000070e+02	1.037669999999999959e+02	1.297092678148006826e+02
1.998199999999999932e+02	4.309999999999999609e+00	7.727580000000000382e+01	7.584499999999999886e+01	1.245703901378181513e+02
2.053700000000000045e+02	4.309999999999999609e+00	6.559380000000000166e+01	6.427589999999999293e+01	1.202443299959656287e+02
2.109300000000000068e+02	4.309999999999999609e+00	5.820859999999999701e+01	5.773930000000000007e+01	1.158422729435640690e+02
2.164799999999999898e+02	4.309999999999999609e+00	5.324040000000000106e+01	5.350169999999999959e+01	1.103627881938929818e+02
2.220399999999999920e+02	4.309999999999999609e+00	5.015209999999999724e+01	5.051469999999999771e+01	1.040395253812801286e+02
2.275900000000000034e+02	4.309999999999999609e+00	4.773510000000000275e+01	4.830859999999999843e+01	9.807323841820809207e+01
2.331500000000000057e+02	4.309999999999999609e+00	4.625809999999999889e+01	4.661690000000000111e+01	9.359457325406059169e+01
2.387100000000000080e+02	4.309999999999999609e+00	4.504959999999999809e+01	4.529140000000000299e+01	8.845477965473679660e+01
2.442599999999999909e+02	4.309999999999999609e+00	4.370680000000000121e+01	4.423709999999999809e+01	8.360470069758446243e+01
2.498199999999999932e+02	4.309999999999999609e+00	4.310260000000000247e+01	4.338609999999999900e+01	7.856193875241669389e+01
2.553700000000000045e+02	4.309999999999999609e+00	4.236410000000000053e+01	4.269689999999999941e+01	7.467927969722961734e+01
2.609300000000000068e+02	4.309999999999999609e+00	4.175979999999999848e+01	4.213479999999999848e+01	7.134765514728707103e+01
2.664800000000000182e+02	4.309999999999999609e+00	4.135699999999999932e+01	4.167840000000000344e+01	6.789512529372098015e+01
2.720400000000000205e+02	4.309999999999999609e+00	4.102129999999999654e+01	4.130830000000000268e+01	6.359091311470086794e+01
2.775899999999999750e+02	4.309999999999999609e+00	4.081989999999999696e+01	4.101209999999999667e+01	5.879806182526692737e+01
2.831499999999999773e+02	4.309999999999999609e+00	4.075280000000000058e+01	4.077779999999999916e+01	5.369312697363304210e+01
