# Temperature (K)	Pressure (MPa)	Experimental(J/mol*K)	NIST(J/mol*K)	Model(J/mol*K)
2.942599999999999909e+02	5.169999999999999929e+00	4.095420000000000016e+01	4.163810000000000144e+01	4.600365625611738807e+01
2.942599999999999909e+02	6.889999999999999680e+00	4.303549999999999898e+01	4.415690000000000026e+01	4.699029290456288521e+01
2.942599999999999909e+02	8.619999999999999218e+00	4.517040000000000077e+01	4.685040000000000049e+01	4.823436276478474838e+01
2.942599999999999909e+02	1.033999999999999986e+01	4.748669999999999902e+01	4.955080000000000240e+01	4.868252219251957058e+01
3.109300000000000068e+02	5.169999999999999929e+00	4.092060000000000031e+01	4.123169999999999646e+01	3.613062869730689641e+01
3.109300000000000068e+02	6.889999999999999680e+00	4.269310000000000116e+01	4.320000000000000284e+01	4.001858575894249981e+01
3.109300000000000068e+02	8.619999999999999218e+00	4.456620000000000203e+01	4.526180000000000092e+01	4.146273863114988956e+01
3.109300000000000068e+02	1.033999999999999986e+01	4.643939999999999912e+01	4.731560000000000343e+01	4.296614738877391915e+01
3.275899999999999750e+02	5.169999999999999929e+00	4.100119999999999720e+01	4.116170000000000329e+01	3.162120220663384629e+01
3.275899999999999750e+02	6.889999999999999680e+00	4.251180000000000092e+01	4.275469999999999970e+01	3.193310659193585721e+01
3.275899999999999750e+02	8.619999999999999218e+00	4.411639999999999873e+01	4.439840000000000231e+01	3.237283289438006761e+01
3.275899999999999750e+02	1.033999999999999986e+01	4.565379999999999683e+01	4.602579999999999671e+01	3.261076226839870884e+01
3.442599999999999909e+02	5.169999999999999929e+00	4.122270000000000323e+01	4.133229999999999649e+01	3.087083443629047963e+01
3.442599999999999909e+02	6.889999999999999680e+00	4.251850000000000307e+01	4.265540000000000020e+01	3.165758236358513855e+01
3.442599999999999909e+02	8.619999999999999218e+00	4.386800000000000210e+01	4.400520000000000209e+01	3.243783145817770475e+01
3.442599999999999909e+02	1.033999999999999986e+01	4.513689999999999714e+01	4.533460000000000178e+01	3.292798393674559065e+01
3.609300000000000068e+02	5.169999999999999929e+00	4.162559999999999860e+01	4.168189999999999884e+01	3.641206051721284354e+01
3.609300000000000068e+02	6.889999999999999680e+00	4.272659999999999769e+01	4.280310000000000059e+01	3.683389718937130652e+01
3.609300000000000068e+02	8.619999999999999218e+00	4.389479999999999649e+01	4.393690000000000140e+01	3.712810115517309129e+01
3.609300000000000068e+02	1.033999999999999986e+01	4.500260000000000105e+01	4.504890000000000327e+01	3.847621389769195588e+01
3.775899999999999750e+02	5.169999999999999929e+00	4.215599999999999881e+01	4.216770000000000351e+01	3.623995274329492844e+01
3.775899999999999750e+02	6.889999999999999680e+00	4.312270000000000181e+01	4.313300000000000267e+01	3.647511477157916460e+01
3.775899999999999750e+02	8.619999999999999218e+00	4.410969999999999658e+01	4.410260000000000247e+01	3.664161041839009414e+01
3.775899999999999750e+02	1.033999999999999986e+01	4.511670000000000158e+01	4.505019999999999669e+01	3.813740971609162500e+01
4.098199999999999932e+02	5.070000000000000284e+00	3.522930000000000206e+01	4.334250000000000114e+01	3.611229869676888882e+01
4.098199999999999932e+02	5.070000000000000284e+00	3.468540000000000134e+01	4.334250000000000114e+01	3.611229869676888882e+01
4.098199999999999932e+02	5.070000000000000284e+00	3.439249999999999829e+01	4.334250000000000114e+01	3.611229869676888882e+01
3.659300000000000068e+02	5.070000000000000284e+00	3.359749999999999659e+01	4.175319999999999965e+01	3.631649848932163849e+01
3.659300000000000068e+02	5.070000000000000284e+00	3.347200000000000131e+01	4.175319999999999965e+01	3.631649848932163849e+01
3.659300000000000068e+02	5.070000000000000284e+00	3.317909999999999826e+01	4.175319999999999965e+01	3.631649848932163849e+01
3.659300000000000068e+02	5.070000000000000284e+00	3.309539999999999793e+01	4.175319999999999965e+01	3.631649848932163849e+01
3.431499999999999773e+02	5.070000000000000284e+00	3.041769999999999996e+01	4.123819999999999908e+01	3.002019999999999911e+01
3.431499999999999773e+02	5.070000000000000284e+00	3.008299999999999841e+01	4.123819999999999908e+01	3.041769999999999996e+01
3.431499999999999773e+02	5.070000000000000284e+00	2.995739999999999981e+01	4.123819999999999908e+01	3.041769999999999996e+01
3.348199999999999932e+02	5.070000000000000284e+00	3.087790000000000035e+01	4.112669999999999959e+01	4.124870095719435170e+01
3.342599999999999909e+02	5.070000000000000284e+00	3.020850000000000080e+01	4.112100000000000222e+01	4.135771610040256263e+01
3.325899999999999750e+02	5.070000000000000284e+00	2.979009999999999891e+01	4.110520000000000351e+01	4.164299816565635126e+01
1.910000000000000000e+02	5.000000000000000000e+00	2.514071999999999889e+02	2.169619999999999891e+02	1.536609224879678663e+02
1.926999999999999886e+02	5.000000000000000000e+00	5.589894000000000460e+02	5.903849999999999909e+02	1.619781301204399142e+02
1.925999999999999943e+02	5.000000000000000000e+00	5.499211999999999989e+02	5.270259999999999536e+02	1.612333558194873149e+02
1.954000000000000057e+02	5.000000000000000000e+00	2.797835999999999785e+02	2.638439999999999941e+02	1.658385077709580457e+02
1.980000000000000000e+02	5.000000000000000000e+00	1.494737000000000080e+02	1.468930000000000007e+02	1.520365908499322529e+02
2.015000000000000000e+02	5.000000000000000000e+00	1.040040000000000049e+02	1.032279999999999944e+02	1.357212661069913509e+02
2.015000000000000000e+02	5.000000000000000000e+00	1.039719000000000051e+02	1.032279999999999944e+02	1.357212661069913509e+02
2.095000000000000000e+02	5.000000000000000000e+00	7.313989999999999725e+01	7.180819999999999936e+01	9.923588137096894002e+01
2.095000000000000000e+02	5.000000000000000000e+00	7.313989999999999725e+01	7.180819999999999936e+01	9.923588137096894002e+01
2.200000000000000000e+02	5.000000000000000000e+00	5.768370000000000175e+01	5.783319999999999794e+01	7.722610574410575168e+01
2.200000000000000000e+02	5.000000000000000000e+00	5.787630000000000052e+01	5.783319999999999794e+01	7.722610574410575168e+01
2.305000000000000000e+02	5.000000000000000000e+00	5.073409999999999798e+01	5.133379999999999654e+01	6.884693510998062038e+01
2.404000000000000057e+02	5.000000000000000000e+00	4.737960000000000349e+01	4.777499999999999858e+01	5.838505121000959264e+01
2.404000000000000057e+02	5.000000000000000000e+00	4.733140000000000214e+01	4.777499999999999858e+01	5.838505121000959264e+01
2.505999999999999943e+02	5.000000000000000000e+00	4.500419999999999732e+01	4.541429999999999723e+01	5.176890254735602781e+01
1.942599999999999909e+02	4.690000000000000391e+00	1.930888999999999953e+02	1.735720000000000027e+02	2.868833287665011085e+02
1.998199999999999932e+02	4.690000000000000391e+00	9.439600000000000080e+01	9.373850000000000193e+01	1.617237531388735476e+02
2.053700000000000045e+02	4.690000000000000391e+00	7.532880000000000109e+01	7.321689999999999543e+01	1.222946258851980872e+02
2.109300000000000068e+02	4.690000000000000391e+00	6.492239999999999611e+01	6.333709999999999951e+01	9.341556712081207081e+01
2.164799999999999898e+02	4.690000000000000391e+00	5.794010000000000105e+01	5.743529999999999802e+01	8.032575962970204841e+01
2.220399999999999920e+02	4.690000000000000391e+00	5.324040000000000106e+01	5.347449999999999903e+01	7.021152673559531365e+01
2.275900000000000034e+02	4.690000000000000391e+00	5.028640000000000043e+01	5.064170000000000016e+01	6.692394387281356671e+01
2.331500000000000057e+02	4.690000000000000391e+00	4.800370000000000203e+01	4.851689999999999969e+01	6.209256602154166416e+01
2.387100000000000080e+02	4.690000000000000391e+00	4.639240000000000208e+01	4.687769999999999726e+01	5.782327837628555045e+01
2.442599999999999909e+02	4.690000000000000391e+00	4.538530000000000086e+01	4.558800000000000097e+01	5.441008972459292892e+01
2.498199999999999932e+02	4.690000000000000391e+00	4.431110000000000326e+01	4.455429999999999779e+01	5.194256497521813287e+01
2.553700000000000045e+02	4.690000000000000391e+00	4.343829999999999814e+01	4.372050000000000125e+01	4.877696889800935764e+01
2.609300000000000068e+02	4.690000000000000391e+00	4.276689999999999969e+01	4.304120000000000346e+01	4.755269572349249074e+01
2.664800000000000182e+02	4.690000000000000391e+00	4.216270000000000095e+01	4.248870000000000147e+01	4.744659329665871894e+01
2.720400000000000205e+02	4.690000000000000391e+00	4.182699999999999818e+01	4.203810000000000002e+01	4.665871377695214761e+01
2.775899999999999750e+02	4.690000000000000391e+00	4.155839999999999890e+01	4.167410000000000281e+01	4.594446990947121634e+01
2.831499999999999773e+02	4.690000000000000391e+00	4.149130000000000251e+01	4.138190000000000168e+01	4.581630579173733508e+01
1.942599999999999909e+02	5.519999999999999574e+00	2.406896999999999878e+02	2.406610000000000014e+02	2.528480376661665616e+02
1.998199999999999932e+02	5.519999999999999574e+00	2.312904000000000053e+02	2.176150000000000091e+02	1.196497865277220711e+02
2.053700000000000045e+02	5.519999999999999574e+00	1.109791000000000025e+02	1.091830000000000069e+02	1.099031766520121636e+02
2.109300000000000068e+02	5.519999999999999574e+00	8.425820000000000221e+01	8.168470000000000653e+01	9.049896262570759120e+01
2.164799999999999898e+02	5.519999999999999574e+00	6.989069999999999538e+01	6.902079999999999416e+01	8.098730292267570974e+01
2.220399999999999920e+02	5.519999999999999574e+00	6.169980000000000331e+01	6.163709999999999667e+01	6.914760545553393456e+01
2.275900000000000034e+02	5.519999999999999574e+00	5.646309999999999718e+01	5.679650000000000176e+01	6.451198346389256244e+01
2.331500000000000057e+02	5.519999999999999574e+00	5.303900000000000148e+01	5.337089999999999890e+01	5.911121571436279964e+01
2.387100000000000080e+02	5.519999999999999574e+00	5.075630000000000308e+01	5.083319999999999794e+01	5.335795568451626991e+01
2.442599999999999909e+02	5.519999999999999574e+00	4.840650000000000119e+01	4.889320000000000022e+01	5.135312088269990483e+01
2.498199999999999932e+02	5.519999999999999574e+00	4.692949999999999733e+01	4.736930000000000263e+01	4.899782178230601204e+01
2.553700000000000045e+02	5.519999999999999574e+00	4.565379999999999683e+01	4.615630000000000166e+01	4.833081210286106710e+01
2.609300000000000068e+02	5.519999999999999574e+00	4.491530000000000200e+01	4.517580000000000240e+01	4.790338126673897534e+01
2.664800000000000182e+02	5.519999999999999574e+00	4.424389999999999645e+01	4.437989999999999924e+01	4.674032973526104939e+01
2.720400000000000205e+02	5.519999999999999574e+00	4.397540000000000049e+01	4.372890000000000299e+01	4.588883308231182667e+01
2.775899999999999750e+02	5.519999999999999574e+00	4.357260000000000133e+01	4.319780000000000086e+01	4.521631801477742840e+01
2.831499999999999773e+02	5.519999999999999574e+00	4.290120000000000289e+01	4.276420000000000243e+01	4.533267793478741936e+01
1.942599999999999909e+02	6.889999999999999680e+00	1.070180000000000007e+02	1.110660000000000025e+02	2.402088067548688173e+02
1.998199999999999932e+02	6.889999999999999680e+00	1.479721999999999866e+02	1.565200000000000102e+02	1.387460867601810151e+02
2.053700000000000045e+02	6.889999999999999680e+00	1.947001999999999953e+02	1.999389999999999930e+02	9.963164942071156815e+01
2.109300000000000068e+02	6.889999999999999680e+00	1.389085000000000036e+02	1.400989999999999895e+02	9.361864477275665308e+01
2.164799999999999898e+02	6.889999999999999680e+00	1.031911000000000058e+02	1.009899999999999949e+02	8.801180794784826844e+01
2.220399999999999920e+02	6.889999999999999680e+00	8.526529999999999632e+01	8.174020000000000152e+01	7.468787281390113719e+01
2.275900000000000034e+02	6.889999999999999680e+00	7.405320000000000391e+01	7.079470000000000596e+01	7.039219844751286814e+01
2.331500000000000057e+02	6.889999999999999680e+00	6.572809999999999775e+01	6.379370000000000118e+01	6.284465681422669547e+01
2.387100000000000080e+02	6.889999999999999680e+00	5.961849999999999739e+01	5.896900000000000119e+01	5.817316120645946853e+01
2.442599999999999909e+02	6.889999999999999680e+00	5.552309999999999945e+01	5.546909999999999741e+01	5.619537336221333135e+01
2.498199999999999932e+02	6.889999999999999680e+00	5.270329999999999870e+01	5.282359999999999900e+01	5.255157452614882629e+01
2.553700000000000045e+02	6.889999999999999680e+00	5.062210000000000321e+01	5.077570000000000050e+01	5.133009723328145668e+01
2.609300000000000068e+02	6.889999999999999680e+00	4.907789999999999964e+01	4.915240000000000009e+01	5.000263820339233689e+01
2.664800000000000182e+02	6.889999999999999680e+00	4.780230000000000246e+01	4.785099999999999909e+01	4.862316035809715231e+01
2.720400000000000205e+02	6.889999999999999680e+00	4.686229999999999762e+01	4.679270000000000351e+01	4.763845867178230264e+01
2.775899999999999750e+02	6.889999999999999680e+00	4.598949999999999960e+01	4.592889999999999873e+01	4.682744219105728689e+01
2.831499999999999773e+02	6.889999999999999680e+00	4.545239999999999725e+01	4.521849999999999881e+01	4.630320737557578781e+01
1.942599999999999909e+02	8.269999999999999574e+00	8.862220000000000653e+01	8.969979999999999620e+01	2.114470744731505079e+02
1.998199999999999932e+02	8.269999999999999574e+00	1.021839999999999975e+02	1.042060000000000031e+02	1.329348905833693948e+02
2.053700000000000045e+02	8.269999999999999574e+00	1.229296999999999969e+02	1.250210000000000008e+02	1.267183234100012328e+02
2.109300000000000068e+02	8.269999999999999574e+00	1.383713999999999942e+02	1.395680000000000121e+02	1.034588982358408060e+02
2.164799999999999898e+02	8.269999999999999574e+00	1.276293000000000006e+02	1.274330000000000069e+02	8.769451641271540154e+01
2.220399999999999920e+02	8.269999999999999574e+00	1.052724000000000046e+02	1.050319999999999965e+02	7.747085088315768076e+01
2.275900000000000034e+02	8.269999999999999574e+00	8.788360000000000127e+01	8.802559999999999718e+01	7.477006149823694159e+01
2.331500000000000057e+02	8.269999999999999574e+00	7.647020000000000550e+01	7.658920000000000528e+01	6.800687743365745064e+01
2.387100000000000080e+02	8.269999999999999574e+00	6.881650000000000489e+01	6.877830000000000155e+01	6.015976232890975695e+01
2.442599999999999909e+02	8.269999999999999574e+00	6.317690000000000339e+01	6.323680000000000234e+01	5.719211507417372076e+01
2.498199999999999932e+02	8.269999999999999574e+00	5.901429999999999865e+01	5.914269999999999783e+01	5.475408260060555676e+01
2.553700000000000045e+02	8.269999999999999574e+00	5.579169999999999874e+01	5.603620000000000090e+01	5.396455563776557085e+01
2.609300000000000068e+02	8.269999999999999574e+00	5.330760000000000076e+01	5.361280000000000001e+01	5.195819033521478048e+01
2.664800000000000182e+02	8.269999999999999574e+00	5.136059999999999803e+01	5.169350000000000023e+01	5.036098269433584562e+01
2.720400000000000205e+02	8.269999999999999574e+00	4.995069999999999766e+01	5.014549999999999841e+01	4.917438784772984661e+01
2.775899999999999750e+02	8.269999999999999574e+00	4.887650000000000006e+01	4.888779999999999859e+01	4.820182173366123379e+01
2.831499999999999773e+02	8.269999999999999574e+00	4.800370000000000203e+01	4.785410000000000252e+01	4.694975816356052434e+01
1.942599999999999909e+02	1.033999999999999986e+01	7.512739999999999441e+01	7.684709999999999752e+01	1.947348632583586152e+02
1.998199999999999932e+02	1.033999999999999986e+01	8.170690000000000452e+01	8.263269999999999982e+01	1.215785906788972994e+02
2.053700000000000045e+02	1.033999999999999986e+01	9.043489999999999895e+01	8.985680000000000689e+01	1.182129046510069799e+02
2.109300000000000068e+02	1.033999999999999986e+01	9.782009999999999650e+01	9.777400000000000091e+01	1.043354888476818871e+02
2.164799999999999898e+02	1.033999999999999986e+01	1.030567999999999955e+02	1.034699999999999989e+02	9.711459726141018223e+01
2.220399999999999920e+02	1.033999999999999986e+01	1.035939000000000050e+02	1.035019999999999953e+02	8.310735981643975379e+01
2.275900000000000034e+02	1.033999999999999986e+01	9.761870000000000402e+01	9.777320000000000277e+01	7.596950686573069333e+01
2.331500000000000057e+02	1.033999999999999986e+01	8.815219999999999345e+01	8.934180000000000632e+01	6.806790727382818318e+01
2.387100000000000080e+02	1.033999999999999986e+01	7.942430000000000234e+01	8.103650000000000375e+01	6.213419495328707143e+01
2.442599999999999909e+02	1.033999999999999986e+01	7.230759999999999366e+01	7.401560000000000628e+01	6.157226500060890828e+01
2.498199999999999932e+02	1.033999999999999986e+01	6.673520000000000607e+01	6.837489999999999668e+01	5.604421720214999425e+01
2.553700000000000045e+02	1.033999999999999986e+01	6.230409999999999826e+01	6.392139999999999844e+01	5.582175269417545138e+01
2.609300000000000068e+02	1.033999999999999986e+01	5.888000000000000256e+01	6.038320000000000221e+01	5.319840395567864277e+01
2.664800000000000182e+02	1.033999999999999986e+01	5.639589999999999748e+01	5.755819999999999936e+01	5.192866951160531386e+01
2.720400000000000205e+02	1.033999999999999986e+01	5.451610000000000156e+01	5.527159999999999940e+01	5.017327237145081398e+01
2.775899999999999750e+02	1.033999999999999986e+01	5.310620000000000118e+01	5.340979999999999706e+01	4.940865991587676831e+01
2.831499999999999773e+02	1.033999999999999986e+01	5.203199999999999648e+01	5.187570000000000192e+01	4.832093683747527280e+01
1.942599999999999909e+02	1.378999999999999915e+01	6.680230000000000246e+01	6.755649999999999977e+01	1.979122307202244428e+02
1.998199999999999932e+02	1.378999999999999915e+01	6.881650000000000489e+01	6.993670000000000186e+01	1.064094974533112605e+02
2.053700000000000045e+02	1.378999999999999915e+01	7.089770000000000039e+01	7.258310000000000173e+01	1.044996701374247294e+02
2.109300000000000068e+02	1.378999999999999915e+01	7.351609999999999445e+01	7.540789999999999793e+01	1.001754704532568638e+02
2.164799999999999898e+02	1.378999999999999915e+01	7.613450000000000273e+01	7.815609999999999502e+01	1.017526531395055827e+02
2.220399999999999920e+02	1.378999999999999915e+01	7.895430000000000348e+01	8.038530000000000086e+01	8.593528771624154672e+01
2.275900000000000034e+02	1.378999999999999915e+01	8.116979999999999507e+01	8.153860000000000241e+01	8.404393521468952599e+01
2.331500000000000057e+02	1.378999999999999915e+01	8.083419999999999561e+01	8.128480000000000416e+01	7.557542201199805731e+01
2.387100000000000080e+02	1.378999999999999915e+01	7.881999999999999318e+01	7.968590000000000373e+01	6.526958628645728311e+01
2.442599999999999909e+02	1.378999999999999915e+01	7.626879999999999882e+01	7.709359999999999502e+01	6.328106552184307532e+01
2.498199999999999932e+02	1.378999999999999915e+01	7.331470000000000198e+01	7.393129999999999313e+01	5.769445553007927430e+01
2.553700000000000045e+02	1.378999999999999915e+01	7.009210000000000207e+01	7.059980000000000189e+01	5.593630603725475225e+01
2.609300000000000068e+02	1.378999999999999915e+01	6.700369999999999493e+01	6.736709999999999354e+01	5.348291371276813067e+01
2.664800000000000182e+02	1.378999999999999915e+01	6.404970000000000141e+01	6.440359999999999729e+01	5.160619345951513282e+01
2.720400000000000205e+02	1.378999999999999915e+01	6.149839999999999662e+01	6.176370000000000005e+01	5.023613139053757948e+01
2.775899999999999750e+02	1.378999999999999915e+01	5.941709999999999781e+01	5.946419999999999817e+01	4.916236785029201428e+01
2.831499999999999773e+02	1.378999999999999915e+01	5.773870000000000147e+01	5.747489999999999810e+01	4.769406728465986589e+01
