# Temperature (K)	Pressure (MPa)	Experimental(J/mol*K)	NIST(J/mol*K)	Model(J/mol*K)
2.942599999999999909e+02	5.169999999999999929e+00	4.095420000000000016e+01	4.163810000000000144e+01	6.065860631788363122e+01
2.942599999999999909e+02	6.889999999999999680e+00	4.303549999999999898e+01	4.415690000000000026e+01	5.642656273453386007e+01
2.942599999999999909e+02	8.619999999999999218e+00	4.517040000000000077e+01	4.685040000000000049e+01	5.228744625811139457e+01
2.942599999999999909e+02	1.033999999999999986e+01	4.748669999999999902e+01	4.955080000000000240e+01	4.815554354325195163e+01
3.109300000000000068e+02	5.169999999999999929e+00	4.092060000000000031e+01	4.123169999999999646e+01	5.076106804291276831e+01
3.109300000000000068e+02	6.889999999999999680e+00	4.269310000000000116e+01	4.320000000000000284e+01	4.660043633154396758e+01
3.109300000000000068e+02	8.619999999999999218e+00	4.456620000000000203e+01	4.526180000000000092e+01	4.243622756252435124e+01
3.109300000000000068e+02	1.033999999999999986e+01	4.643939999999999912e+01	4.731560000000000343e+01	3.823930813118349903e+01
3.275899999999999750e+02	5.169999999999999929e+00	4.100119999999999720e+01	4.116170000000000329e+01	4.083943487329145228e+01
3.275899999999999750e+02	6.889999999999999680e+00	4.251180000000000092e+01	4.275469999999999970e+01	3.668041412696662462e+01
3.275899999999999750e+02	8.619999999999999218e+00	4.411639999999999873e+01	4.439840000000000231e+01	3.245066127081555862e+01
3.275899999999999750e+02	1.033999999999999986e+01	4.565379999999999683e+01	4.602579999999999671e+01	2.818709989811244654e+01
3.442599999999999909e+02	5.169999999999999929e+00	4.122270000000000323e+01	4.133229999999999649e+01	3.082097752112237998e+01
3.442599999999999909e+02	6.889999999999999680e+00	4.251850000000000307e+01	4.265540000000000020e+01	2.662967251998419371e+01
3.442599999999999909e+02	8.619999999999999218e+00	4.386800000000000210e+01	4.400520000000000209e+01	2.233761329593574274e+01
3.442599999999999909e+02	1.033999999999999986e+01	4.513689999999999714e+01	4.533460000000000178e+01	1.790248617346418314e+01
3.609300000000000068e+02	5.169999999999999929e+00	4.162559999999999860e+01	4.168189999999999884e+01	2.062240344356317578e+01
3.609300000000000068e+02	6.889999999999999680e+00	4.272659999999999769e+01	4.280310000000000059e+01	1.649446640223873572e+01
3.609300000000000068e+02	8.619999999999999218e+00	4.389479999999999649e+01	4.393690000000000140e+01	1.227065994153216621e+01
3.609300000000000068e+02	1.033999999999999986e+01	4.500260000000000105e+01	4.504890000000000327e+01	7.814209763225155925e+00
3.775899999999999750e+02	5.169999999999999929e+00	4.215599999999999881e+01	4.216770000000000351e+01	1.009869498566159329e+01
3.775899999999999750e+02	6.889999999999999680e+00	4.312270000000000181e+01	4.313300000000000267e+01	6.060598182548534218e+00
3.775899999999999750e+02	8.619999999999999218e+00	4.410969999999999658e+01	4.410260000000000247e+01	1.862732242414506967e+00
3.775899999999999750e+02	1.033999999999999986e+01	4.511670000000000158e+01	4.505019999999999669e+01	-2.587449876519893888e+00
4.098199999999999932e+02	5.070000000000000284e+00	3.522930000000000206e+01	4.334250000000000114e+01	-9.876822292407108961e+00
4.098199999999999932e+02	5.070000000000000284e+00	3.468540000000000134e+01	4.334250000000000114e+01	-9.844992609203259804e+00
4.098199999999999932e+02	5.070000000000000284e+00	3.439249999999999829e+01	4.334250000000000114e+01	-9.829388163168015780e+00
3.659300000000000068e+02	5.070000000000000284e+00	3.359749999999999659e+01	4.175319999999999965e+01	1.776422767997586050e+01
3.659300000000000068e+02	5.070000000000000284e+00	3.347200000000000131e+01	4.175319999999999965e+01	1.776877282063779617e+01
3.659300000000000068e+02	5.070000000000000284e+00	3.317909999999999826e+01	4.175319999999999965e+01	1.777967479316801303e+01
3.659300000000000068e+02	5.070000000000000284e+00	3.309539999999999793e+01	4.175319999999999965e+01	1.778263883267741363e+01
3.431499999999999773e+02	5.070000000000000284e+00	3.041769999999999996e+01	4.123819999999999908e+01	3.152890089316586852e+01
3.431499999999999773e+02	5.070000000000000284e+00	3.008299999999999841e+01	4.123819999999999908e+01	3.153660833793212248e+01
3.431499999999999773e+02	5.070000000000000284e+00	2.995739999999999981e+01	4.123819999999999908e+01	3.154000408450172088e+01
3.348199999999999932e+02	5.070000000000000284e+00	3.087790000000000035e+01	4.112669999999999959e+01	3.653948286409316637e+01
3.342599999999999909e+02	5.070000000000000284e+00	3.020850000000000080e+01	4.112100000000000222e+01	3.689202590664174863e+01
3.325899999999999750e+02	5.070000000000000284e+00	2.979009999999999891e+01	4.110520000000000351e+01	3.790525654059762672e+01
1.910000000000000000e+02	5.000000000000000000e+00	2.514071999999999889e+02	2.169619999999999891e+02	1.179455899839308017e+02
1.926999999999999886e+02	5.000000000000000000e+00	5.589894000000000460e+02	5.903849999999999909e+02	1.098470554272627879e+02
1.925999999999999943e+02	5.000000000000000000e+00	5.499211999999999989e+02	5.270259999999999536e+02	1.101024741483342808e+02
1.954000000000000057e+02	5.000000000000000000e+00	2.797835999999999785e+02	2.638439999999999941e+02	1.150580285221058858e+02
1.980000000000000000e+02	5.000000000000000000e+00	1.494737000000000080e+02	1.468930000000000007e+02	1.169253836238676172e+02
2.015000000000000000e+02	5.000000000000000000e+00	1.040040000000000049e+02	1.032279999999999944e+02	1.157372732687517214e+02
2.015000000000000000e+02	5.000000000000000000e+00	1.039719000000000051e+02	1.032279999999999944e+02	1.157380485252293880e+02
2.095000000000000000e+02	5.000000000000000000e+00	7.313989999999999725e+01	7.180819999999999936e+01	1.114159896322687615e+02
2.095000000000000000e+02	5.000000000000000000e+00	7.313989999999999725e+01	7.180819999999999936e+01	1.114159896322687615e+02
2.200000000000000000e+02	5.000000000000000000e+00	5.768370000000000175e+01	5.783319999999999794e+01	1.052646136077725885e+02
2.200000000000000000e+02	5.000000000000000000e+00	5.787630000000000052e+01	5.783319999999999794e+01	1.052616668274894636e+02
2.305000000000000000e+02	5.000000000000000000e+00	5.073409999999999798e+01	5.133379999999999654e+01	9.900343025333755520e+01
2.404000000000000057e+02	5.000000000000000000e+00	4.737960000000000349e+01	4.777499999999999858e+01	9.306688119634405609e+01
2.404000000000000057e+02	5.000000000000000000e+00	4.733140000000000214e+01	4.777499999999999858e+01	9.306752163954355694e+01
2.505999999999999943e+02	5.000000000000000000e+00	4.500419999999999732e+01	4.541429999999999723e+01	8.696439873463675951e+01
1.942599999999999909e+02	4.690000000000000391e+00	1.930888999999999953e+02	1.735720000000000027e+02	1.195408095856383852e+02
1.998199999999999932e+02	4.690000000000000391e+00	9.439600000000000080e+01	9.373850000000000193e+01	1.188054498647430535e+02
2.053700000000000045e+02	4.690000000000000391e+00	7.532880000000000109e+01	7.321689999999999543e+01	1.158001026512260268e+02
2.109300000000000068e+02	4.690000000000000391e+00	6.492239999999999611e+01	6.333709999999999951e+01	1.125738195001838164e+02
2.164799999999999898e+02	4.690000000000000391e+00	5.794010000000000105e+01	5.743529999999999802e+01	1.092627575778278270e+02
2.220399999999999920e+02	4.690000000000000391e+00	5.324040000000000106e+01	5.347449999999999903e+01	1.059114224002592834e+02
2.275900000000000034e+02	4.690000000000000391e+00	5.028640000000000043e+01	5.064170000000000016e+01	1.025351393710576815e+02
2.331500000000000057e+02	4.690000000000000391e+00	4.800370000000000203e+01	4.851689999999999969e+01	9.915040931505167521e+01
2.387100000000000080e+02	4.690000000000000391e+00	4.639240000000000208e+01	4.687769999999999726e+01	9.576791633067860232e+01
2.442599999999999909e+02	4.690000000000000391e+00	4.538530000000000086e+01	4.558800000000000097e+01	9.237673570736217243e+01
2.498199999999999932e+02	4.690000000000000391e+00	4.431110000000000326e+01	4.455429999999999779e+01	8.899658207999324588e+01
2.553700000000000045e+02	4.690000000000000391e+00	4.343829999999999814e+01	4.372050000000000125e+01	8.563270951448328105e+01
2.609300000000000068e+02	4.690000000000000391e+00	4.276689999999999969e+01	4.304120000000000346e+01	8.229028941141990572e+01
2.664800000000000182e+02	4.690000000000000391e+00	4.216270000000000095e+01	4.248870000000000147e+01	7.893739477423008566e+01
2.720400000000000205e+02	4.690000000000000391e+00	4.182699999999999818e+01	4.203810000000000002e+01	7.558914931737622567e+01
2.775899999999999750e+02	4.690000000000000391e+00	4.155839999999999890e+01	4.167410000000000281e+01	7.224439118916066604e+01
2.831499999999999773e+02	4.690000000000000391e+00	4.149130000000000251e+01	4.138190000000000168e+01	6.890347745359409259e+01
1.942599999999999909e+02	5.519999999999999574e+00	2.406896999999999878e+02	2.406610000000000014e+02	1.170246496810584347e+02
1.998199999999999932e+02	5.519999999999999574e+00	2.312904000000000053e+02	2.176150000000000091e+02	1.139702850990648102e+02
2.053700000000000045e+02	5.519999999999999574e+00	1.109791000000000025e+02	1.091830000000000069e+02	1.126916166886255866e+02
2.109300000000000068e+02	5.519999999999999574e+00	8.425820000000000221e+01	8.168470000000000653e+01	1.097770382283114969e+02
2.164799999999999898e+02	5.519999999999999574e+00	6.989069999999999538e+01	6.902079999999999416e+01	1.066066043256755052e+02
2.220399999999999920e+02	5.519999999999999574e+00	6.169980000000000331e+01	6.163709999999999667e+01	1.033279702453471174e+02
2.275900000000000034e+02	5.519999999999999574e+00	5.646309999999999718e+01	5.679650000000000176e+01	1.000165210240560896e+02
2.331500000000000057e+02	5.519999999999999574e+00	5.303900000000000148e+01	5.337089999999999890e+01	9.666950223451682689e+01
2.387100000000000080e+02	5.519999999999999574e+00	5.075630000000000308e+01	5.083319999999999794e+01	9.332273820176402523e+01
2.442599999999999909e+02	5.519999999999999574e+00	4.840650000000000119e+01	4.889320000000000022e+01	8.998285561516314601e+01
2.498199999999999932e+02	5.519999999999999574e+00	4.692949999999999733e+01	4.736930000000000263e+01	8.664106237805596322e+01
2.553700000000000045e+02	5.519999999999999574e+00	4.565379999999999683e+01	4.615630000000000166e+01	8.331055824207375338e+01
2.609300000000000068e+02	5.519999999999999574e+00	4.491530000000000200e+01	4.517580000000000240e+01	7.996685783562297445e+01
2.664800000000000182e+02	5.519999999999999574e+00	4.424389999999999645e+01	4.437989999999999924e+01	7.663589959727143253e+01
2.720400000000000205e+02	5.519999999999999574e+00	4.397540000000000049e+01	4.372890000000000299e+01	7.330528195627469756e+01
2.775899999999999750e+02	5.519999999999999574e+00	4.357260000000000133e+01	4.319780000000000086e+01	6.998157404325917241e+01
2.831499999999999773e+02	5.519999999999999574e+00	4.290120000000000289e+01	4.276420000000000243e+01	6.665804957226855265e+01
1.942599999999999909e+02	6.889999999999999680e+00	1.070180000000000007e+02	1.110660000000000025e+02	1.160588636649174816e+02
1.998199999999999932e+02	6.889999999999999680e+00	1.479721999999999866e+02	1.565200000000000102e+02	1.121240514307464196e+02
2.053700000000000045e+02	6.889999999999999680e+00	1.947001999999999953e+02	1.999389999999999930e+02	1.081021677466122100e+02
2.109300000000000068e+02	6.889999999999999680e+00	1.389085000000000036e+02	1.400989999999999895e+02	1.057020961491584359e+02
2.164799999999999898e+02	6.889999999999999680e+00	1.031911000000000058e+02	1.009899999999999949e+02	1.029021890425830321e+02
2.220399999999999920e+02	6.889999999999999680e+00	8.526529999999999632e+01	8.174020000000000152e+01	9.973557184241371942e+01
2.275900000000000034e+02	6.889999999999999680e+00	7.405320000000000391e+01	7.079470000000000596e+01	9.647868841744283941e+01
2.331500000000000057e+02	6.889999999999999680e+00	6.572809999999999775e+01	6.379370000000000118e+01	9.318555483613521062e+01
2.387100000000000080e+02	6.889999999999999680e+00	5.961849999999999739e+01	5.896900000000000119e+01	8.988000207752703830e+01
2.442599999999999909e+02	6.889999999999999680e+00	5.552309999999999945e+01	5.546909999999999741e+01	8.656849979460176314e+01
2.498199999999999932e+02	6.889999999999999680e+00	5.270329999999999870e+01	5.282359999999999900e+01	8.323964799815931315e+01
2.553700000000000045e+02	6.889999999999999680e+00	5.062210000000000321e+01	5.077570000000000050e+01	7.991856341525567586e+01
2.609300000000000068e+02	6.889999999999999680e+00	4.907789999999999964e+01	4.915240000000000009e+01	7.658821784686315937e+01
2.664800000000000182e+02	6.889999999999999680e+00	4.780230000000000246e+01	4.785099999999999909e+01	7.327421783115006804e+01
2.720400000000000205e+02	6.889999999999999680e+00	4.686229999999999762e+01	4.679270000000000351e+01	6.994504994155407473e+01
2.775899999999999750e+02	6.889999999999999680e+00	4.598949999999999960e+01	4.592889999999999873e+01	6.662885757179745383e+01
2.831499999999999773e+02	6.889999999999999680e+00	4.545239999999999725e+01	4.521849999999999881e+01	6.330084658198978786e+01
1.942599999999999909e+02	8.269999999999999574e+00	8.862220000000000653e+01	8.969979999999999620e+01	1.130578534924110130e+02
1.998199999999999932e+02	8.269999999999999574e+00	1.021839999999999975e+02	1.042060000000000031e+02	1.094731492262398262e+02
2.053700000000000045e+02	8.269999999999999574e+00	1.229296999999999969e+02	1.250210000000000008e+02	1.058055127593980416e+02
2.109300000000000068e+02	8.269999999999999574e+00	1.383713999999999942e+02	1.395680000000000121e+02	1.021983170120278572e+02
2.164799999999999898e+02	8.269999999999999574e+00	1.276293000000000006e+02	1.274330000000000069e+02	9.900508199826624889e+01
2.220399999999999920e+02	8.269999999999999574e+00	1.052724000000000046e+02	1.050319999999999965e+02	9.598344853355523298e+01
2.275900000000000034e+02	8.269999999999999574e+00	8.788360000000000127e+01	8.802559999999999718e+01	9.280807724759579003e+01
2.331500000000000057e+02	8.269999999999999574e+00	7.647020000000000550e+01	7.658920000000000528e+01	8.956864200781411967e+01
2.387100000000000080e+02	8.269999999999999574e+00	6.881650000000000489e+01	6.877830000000000155e+01	8.629109562016492418e+01
2.442599999999999909e+02	8.269999999999999574e+00	6.317690000000000339e+01	6.323680000000000234e+01	8.300571200776079195e+01
2.498199999999999932e+02	8.269999999999999574e+00	5.901429999999999865e+01	5.914269999999999783e+01	7.970425433294587947e+01
2.553700000000000045e+02	8.269999999999999574e+00	5.579169999999999874e+01	5.603620000000000090e+01	7.640533970536026231e+01
2.609300000000000068e+02	8.269999999999999574e+00	5.330760000000000076e+01	5.361280000000000001e+01	7.309391476902837326e+01
2.664800000000000182e+02	8.269999999999999574e+00	5.136059999999999803e+01	5.169350000000000023e+01	6.979136128972248798e+01
2.720400000000000205e+02	8.269999999999999574e+00	4.995069999999999766e+01	5.014549999999999841e+01	6.648515470118083215e+01
2.775899999999999750e+02	8.269999999999999574e+00	4.887650000000000006e+01	4.888779999999999859e+01	6.317800001349633732e+01
2.831499999999999773e+02	8.269999999999999574e+00	4.800370000000000203e+01	4.785410000000000252e+01	5.986534067181244723e+01
1.942599999999999909e+02	1.033999999999999986e+01	7.512739999999999441e+01	7.684709999999999752e+01	1.081809836597879837e+02
1.998199999999999932e+02	1.033999999999999986e+01	8.170690000000000452e+01	8.263269999999999982e+01	1.046178947828092731e+02
2.053700000000000045e+02	1.033999999999999986e+01	9.043489999999999895e+01	8.985680000000000689e+01	1.011354174935855781e+02
2.109300000000000068e+02	1.033999999999999986e+01	9.782009999999999650e+01	9.777400000000000091e+01	9.764460650908200989e+01
2.164799999999999898e+02	1.033999999999999986e+01	1.030567999999999955e+02	1.034699999999999989e+02	9.416453466237504699e+01
2.220399999999999920e+02	1.033999999999999986e+01	1.035939000000000050e+02	1.035019999999999953e+02	9.080808393611302165e+01
2.275900000000000034e+02	1.033999999999999986e+01	9.761870000000000402e+01	9.777320000000000277e+01	8.755982223235109529e+01
2.331500000000000057e+02	1.033999999999999986e+01	8.815219999999999345e+01	8.934180000000000632e+01	8.432768079804802142e+01
2.387100000000000080e+02	1.033999999999999986e+01	7.942430000000000234e+01	8.103650000000000375e+01	8.110855834532226538e+01
2.442599999999999909e+02	1.033999999999999986e+01	7.230759999999999366e+01	7.401560000000000628e+01	7.785280471600972874e+01
2.498199999999999932e+02	1.033999999999999986e+01	6.673520000000000607e+01	6.837489999999999668e+01	7.457908081436012537e+01
2.553700000000000045e+02	1.033999999999999986e+01	6.230409999999999826e+01	6.392139999999999844e+01	7.129724764284077310e+01
2.609300000000000068e+02	1.033999999999999986e+01	5.888000000000000256e+01	6.038320000000000221e+01	6.799574597284816946e+01
2.664800000000000182e+02	1.033999999999999986e+01	5.639589999999999748e+01	5.755819999999999936e+01	6.469040412093202974e+01
2.720400000000000205e+02	1.033999999999999986e+01	5.451610000000000156e+01	5.527159999999999940e+01	6.136713684861338436e+01
2.775899999999999750e+02	1.033999999999999986e+01	5.310620000000000118e+01	5.340979999999999706e+01	5.805620533608625777e+01
2.831499999999999773e+02	1.033999999999999986e+01	5.203199999999999648e+01	5.187570000000000192e+01	5.472843021062689672e+01
1.942599999999999909e+02	1.378999999999999915e+01	6.680230000000000246e+01	6.755649999999999977e+01	1.005367682531255440e+02
1.998199999999999932e+02	1.378999999999999915e+01	6.881650000000000489e+01	6.993670000000000186e+01	9.695677313483324156e+01
2.053700000000000045e+02	1.378999999999999915e+01	7.089770000000000039e+01	7.258310000000000173e+01	9.343288466146196924e+01
2.109300000000000068e+02	1.378999999999999915e+01	7.351609999999999445e+01	7.540789999999999793e+01	8.987391364087432066e+01
2.164799999999999898e+02	1.378999999999999915e+01	7.613450000000000273e+01	7.815609999999999502e+01	8.632923191874481006e+01
2.220399999999999920e+02	1.378999999999999915e+01	7.895430000000000348e+01	8.038530000000000086e+01	8.280831712276896894e+01
2.275900000000000034e+02	1.378999999999999915e+01	8.116979999999999507e+01	8.153860000000000241e+01	7.929553552993823473e+01
2.331500000000000057e+02	1.378999999999999915e+01	8.083419999999999561e+01	8.128480000000000416e+01	7.587683129400038240e+01
2.387100000000000080e+02	1.378999999999999915e+01	7.881999999999999318e+01	7.968590000000000373e+01	7.252853878196977178e+01
2.442599999999999909e+02	1.378999999999999915e+01	7.626879999999999882e+01	7.709359999999999502e+01	6.920096885100389272e+01
2.498199999999999932e+02	1.378999999999999915e+01	7.331470000000000198e+01	7.393129999999999313e+01	6.587828796019493893e+01
2.553700000000000045e+02	1.378999999999999915e+01	7.009210000000000207e+01	7.059980000000000189e+01	6.257893937611688528e+01
2.609300000000000068e+02	1.378999999999999915e+01	6.700369999999999493e+01	6.736709999999999354e+01	5.926457480548430112e+01
2.664800000000000182e+02	1.378999999999999915e+01	6.404970000000000141e+01	6.440359999999999729e+01	5.595651679181284521e+01
2.720400000000000205e+02	1.378999999999999915e+01	6.149839999999999662e+01	6.176370000000000005e+01	5.261567028796221734e+01
2.775899999999999750e+02	1.378999999999999915e+01	5.941709999999999781e+01	5.946419999999999817e+01	4.927375032915876574e+01
2.831499999999999773e+02	1.378999999999999915e+01	5.773870000000000147e+01	5.747489999999999810e+01	4.588806047570908220e+01
