# Temperature (K)	Pressure (MPa)	Experimental(m/s)	NIST(m/s)	Model(m/s)
2.981499999999999773e+02	2.379999999999999893e+00	4.419300000000000068e+02	4.420120000000000005e+02	4.311379919233003761e+02
1.930500000000000114e+02	7.800000000000000266e-01	3.531999999999999886e+02	3.532590000000000146e+02	5.837483780365070061e+02
1.930500000000000114e+02	1.560000000000000053e+00	3.406399999999999864e+02	3.407180000000000177e+02	5.330600877656695502e+02
1.930500000000000114e+02	2.240000000000000213e+00	3.286899999999999977e+02	3.288199999999999932e+02	4.892940769629406077e+02
1.930500000000000114e+02	2.819999999999999840e+00	3.177099999999999795e+02	3.177429999999999950e+02	4.521452578589569953e+02
1.930500000000000114e+02	3.310000000000000053e+00	3.075199999999999818e+02	3.074820000000000277e+02	4.208380646122183748e+02
1.930500000000000114e+02	3.700000000000000178e+00	2.982699999999999818e+02	2.984719999999999800e+02	3.959392470410501801e+02
1.930500000000000114e+02	4.030000000000000249e+00	2.899200000000000159e+02	2.899460000000000264e+02	3.748668415185337608e+02
1.930500000000000114e+02	4.280000000000000249e+00	2.823899999999999864e+02	2.825749999999999886e+02	3.589031443639278791e+02
1.930500000000000114e+02	4.480000000000000426e+00	2.756499999999999773e+02	2.756630000000000109e+02	3.461247944019664828e+02
1.908499999999999943e+02	4.530000000000000249e+00	2.561200000000000045e+02	2.568170000000000073e+02	3.442167604711196986e+02
1.906299999999999955e+02	4.509999999999999787e+00	2.552400000000000091e+02	2.560539999999999736e+02	3.456205551030272431e+02
1.905600000000000023e+02	4.509999999999999787e+00	2.549600000000000080e+02	2.551419999999999959e+02	3.456582721251798489e+02
1.905000000000000000e+02	7.700000000000000178e-01	3.505199999999999818e+02	3.505559999999999832e+02	5.853810274320949247e+02
1.905000000000000000e+02	1.540000000000000036e+00	3.376000000000000227e+02	3.375799999999999841e+02	5.354370906242570527e+02
1.905000000000000000e+02	2.200000000000000178e+00	3.252699999999999818e+02	3.253670000000000186e+02	4.930044194753261309e+02
1.905000000000000000e+02	2.759999999999999787e+00	3.138799999999999955e+02	3.139270000000000209e+02	4.571802307739901607e+02
1.905000000000000000e+02	3.229999999999999982e+00	3.032200000000000273e+02	3.032320000000000277e+02	4.271977262401493363e+02
1.905000000000000000e+02	3.600000000000000089e+00	2.935500000000000114e+02	2.937280000000000086e+02	4.036248574458867893e+02
1.905000000000000000e+02	3.899999999999999911e+00	2.846700000000000159e+02	2.848349999999999795e+02	3.845220415593830126e+02
1.905000000000000000e+02	4.129999999999999893e+00	2.765199999999999818e+02	2.766879999999999882e+02	3.698816311018213128e+02
1.905000000000000000e+02	4.299999999999999822e+00	2.690000000000000000e+02	2.691630000000000109e+02	3.590827621096248095e+02
1.905000000000000000e+02	4.419999999999999929e+00	2.617200000000000273e+02	2.621299999999999955e+02	3.514819457860799048e+02
1.905000000000000000e+02	4.500000000000000000e+00	2.546999999999999886e+02	2.554089999999999918e+02	3.464503372644857109e+02
1.904300000000000068e+02	4.490000000000000213e+00	2.544199999999999875e+02	2.555449999999999875e+02	3.471285446688931415e+02
1.904300000000000068e+02	4.540000000000000036e+00	2.461100000000000136e+02	2.487510000000000048e+02	3.440351417883188105e+02
1.902500000000000000e+02	4.290000000000000036e+00	2.683199999999999932e+02	2.681000000000000227e+02	3.598280531489619420e+02
1.902500000000000000e+02	4.400000000000000355e+00	2.609100000000000250e+02	2.613550000000000182e+02	3.528666181536634667e+02
1.902500000000000000e+02	4.480000000000000426e+00	2.536599999999999966e+02	2.542040000000000077e+02	3.478407852755054819e+02
1.902500000000000000e+02	4.519999999999999574e+00	2.449600000000000080e+02	2.483429999999999893e+02	3.453953403990397533e+02
1.896500000000000057e+02	3.859999999999999876e+00	2.828600000000000136e+02	2.829730000000000132e+02	3.874673063397718238e+02
1.896500000000000057e+02	4.080000000000000071e+00	2.745000000000000000e+02	2.746429999999999723e+02	3.734779825496375452e+02
1.896500000000000057e+02	4.250000000000000000e+00	2.666899999999999977e+02	2.663290000000000077e+02	3.626791163643816276e+02
1.896500000000000057e+02	4.360000000000000320e+00	2.589100000000000250e+02	2.588000000000000114e+02	3.557367158187522023e+02
1.896500000000000057e+02	4.419999999999999929e+00	2.510200000000000102e+02	2.526659999999999968e+02	3.519875360672872375e+02
1.896500000000000057e+02	4.459999999999999964e+00	2.405399999999999920e+02	2.455889999999999986e+02	3.495716939089951438e+02
1.881500000000000057e+02	7.600000000000000089e-01	3.480199999999999818e+02	3.480509999999999877e+02	5.872139243704796172e+02
1.881500000000000057e+02	1.510000000000000009e+00	3.347500000000000000e+02	3.348570000000000277e+02	5.384681506130547177e+02
1.881500000000000057e+02	2.160000000000000142e+00	3.220799999999999841e+02	3.221949999999999932e+02	4.966590578180767466e+02
1.881500000000000057e+02	2.709999999999999964e+00	3.103000000000000114e+02	3.102189999999999941e+02	4.614815570523209090e+02
1.881500000000000057e+02	3.149999999999999911e+00	2.992300000000000182e+02	2.993790000000000191e+02	4.334275173138448167e+02
1.881500000000000057e+02	3.509999999999999787e+00	2.890799999999999841e+02	2.891259999999999764e+02	4.105062529441348147e+02
1.881500000000000057e+02	3.790000000000000036e+00	2.796499999999999773e+02	2.795659999999999741e+02	3.926971464663089932e+02
1.881500000000000057e+02	3.990000000000000213e+00	2.708700000000000045e+02	2.709940000000000282e+02	3.799982027338899115e+02
1.881500000000000057e+02	4.139999999999999680e+00	2.623899999999999864e+02	2.623399999999999750e+02	3.705037729623774680e+02
1.881500000000000057e+02	4.230000000000000426e+00	2.534499999999999886e+02	2.546570000000000107e+02	3.648605873528277925e+02
1.831500000000000057e+02	7.399999999999999911e-01	3.426299999999999955e+02	3.426170000000000186e+02	5.908312834095893322e+02
1.831500000000000057e+02	1.459999999999999964e+00	3.286100000000000136e+02	3.286990000000000123e+02	5.440341144456757547e+02
1.831500000000000057e+02	2.080000000000000071e+00	3.151000000000000227e+02	3.151650000000000205e+02	5.041311117137328779e+02
1.831500000000000057e+02	2.589999999999999858e+00	3.024100000000000250e+02	3.023740000000000236e+02	4.715420206247900978e+02
1.831500000000000057e+02	2.990000000000000213e+00	2.903999999999999773e+02	2.905570000000000164e+02	4.460833356128561036e+02
1.831500000000000057e+02	3.310000000000000053e+00	2.791499999999999773e+02	2.789069999999999823e+02	4.257582253863276378e+02
1.831500000000000057e+02	3.540000000000000036e+00	2.683899999999999864e+02	2.678199999999999932e+02	4.111865915039603578e+02
1.731500000000000057e+02	6.899999999999999467e-01	3.315199999999999818e+02	3.315919999999999845e+02	5.989440385627044634e+02
1.731500000000000057e+02	1.360000000000000098e+00	3.158199999999999932e+02	3.158369999999999891e+02	5.552968069336526469e+02
1.731500000000000057e+02	1.909999999999999920e+00	3.004200000000000159e+02	3.005070000000000050e+02	5.198331130611837807e+02
1.731500000000000057e+02	2.339999999999999858e+00	2.857200000000000273e+02	2.856560000000000059e+02	4.923139042101976770e+02
1.631500000000000057e+02	6.500000000000000222e-01	3.198999999999999773e+02	3.198349999999999795e+02	6.064441410321021522e+02
1.631500000000000057e+02	1.260000000000000009e+00	3.022200000000000273e+02	3.020810000000000173e+02	5.666412765018488926e+02
1.631500000000000057e+02	1.739999999999999991e+00	2.846200000000000045e+02	2.842169999999999845e+02	5.356681425290197467e+02
1.531500000000000057e+02	5.999999999999999778e-01	3.077400000000000091e+02	3.077459999999999809e+02	6.146530321328665423e+02
1.431500000000000057e+02	5.600000000000000533e-01	2.948700000000000045e+02	2.945880000000000223e+02	6.223484862160299826e+02
1.900300000000000011e+02	4.519999999999999574e+00	2.297100000000000080e+02	2.400060000000000002e+02	3.460273275017334527e+02
1.899699999999999989e+02	4.519999999999999574e+00	2.300099999999999909e+02	2.600779999999999745e+02	3.460519603494392413e+02
1.896500000000000057e+02	4.469999999999999751e+00	2.359000000000000057e+02	2.683929999999999723e+02	3.493013229759790761e+02
1.896500000000000057e+02	4.469999999999999751e+00	2.359000000000000057e+02	2.683929999999999723e+02	3.493013229759790761e+02
1.886999999999999886e+02	4.339999999999999858e+00	2.461699999999999875e+02	3.039610000000000127e+02	3.579087121764408721e+02
1.885999999999999943e+02	4.330000000000000071e+00	2.459499999999999886e+02	3.087989999999999782e+02	3.585964844908888267e+02
1.875999999999999943e+02	4.190000000000000391e+00	2.512700000000000102e+02	2.521980000000000075e+02	3.679261783863858000e+02
1.874499999999999886e+02	4.169999999999999929e+00	2.512400000000000091e+02	2.526610000000000014e+02	3.692702842981457252e+02
1.860999999999999943e+02	3.990000000000000213e+00	2.561499999999999773e+02	2.565830000000000268e+02	3.813136800264983322e+02
1.841500000000000057e+02	3.750000000000000000e+00	2.605000000000000000e+02	2.602930000000000064e+02	3.974637929300639598e+02
1.839000000000000057e+02	3.729999999999999982e+00	2.603600000000000136e+02	4.222970000000000255e+02	3.988542220208984759e+02
1.831500000000000057e+02	3.640000000000000124e+00	2.617099999999999795e+02	4.374060000000000059e+02	4.049190848915173433e+02
1.742500000000000000e+02	2.700000000000000178e+00	2.736800000000000068e+02	2.730609999999999786e+02	4.688167753568180842e+02
1.739499999999999886e+02	2.680000000000000160e+00	2.736399999999999864e+02	5.979740000000000464e+02	4.702320919765274994e+02
1.731500000000000057e+02	2.600000000000000089e+00	2.744399999999999977e+02	2.740579999999999927e+02	4.757050235596075254e+02
1.691500000000000057e+02	2.240000000000000213e+00	2.786399999999999864e+02	2.782060000000000173e+02	5.005743907705736433e+02
1.550500000000000114e+02	1.169999999999999929e+00	2.905199999999999818e+02	2.903670000000000186e+02	5.763274878705213951e+02
1.431500000000000057e+02	7.500000000000000000e-01	2.866000000000000227e+02	2.863410000000000082e+02	6.097008468565318253e+02
1.381500000000000057e+02	5.300000000000000266e-01	2.881800000000000068e+02	2.880609999999999786e+02	6.266954388849050019e+02
1.331500000000000057e+02	4.400000000000000022e-01	2.845699999999999932e+02	2.843840000000000146e+02	6.352298157052497345e+02
1.231500000000000057e+02	2.399999999999999911e-01	2.798999999999999773e+02	1.220779999999999973e+03	6.537073915964335811e+02
1.131500000000000057e+02	1.100000000000000006e-01	2.728299999999999841e+02	2.729769999999999754e+02	6.677061214900926416e+02
1.896500000000000057e+02	4.469999999999999751e+00	2.590299999999999727e+02	2.683929999999999723e+02	3.488445195915686554e+02
1.896500000000000057e+02	4.469999999999999751e+00	2.597099999999999795e+02	2.683929999999999723e+02	3.488339654482663263e+02
1.831500000000000057e+02	3.640000000000000124e+00	4.349200000000000159e+02	4.374060000000000059e+02	4.034213283739236999e+02
1.831500000000000057e+02	3.640000000000000124e+00	4.350199999999999818e+02	4.374060000000000059e+02	4.034205039703949751e+02
1.731500000000000057e+02	2.609999999999999876e+00	6.100099999999999909e+02	6.105750000000000455e+02	4.734473581647445712e+02
1.554399999999999977e+02	1.320000000000000062e+00	8.543600000000000136e+02	8.538880000000000337e+02	5.630815211924787036e+02
1.431500000000000057e+02	7.500000000000000000e-01	1.001889999999999986e+03	2.863410000000000082e+02	6.034988177014676012e+02
1.400200000000000102e+02	6.400000000000000133e-01	1.037589999999999918e+03	2.860169999999999959e+02	6.113970164855186340e+02
1.331500000000000057e+02	4.400000000000000022e-01	1.113920000000000073e+03	2.843840000000000146e+02	6.259026236287452321e+02
1.231500000000000057e+02	2.399999999999999911e-01	1.220559999999999945e+03	1.220779999999999973e+03	6.410715255830176602e+02
1.131500000000000057e+02	1.199999999999999956e-01	1.322650000000000091e+03	1.323299999999999955e+03	6.508196844216287218e+02
1.500000000000000000e+02	9.499999999999999556e-01	9.187000000000000455e+02	2.899220000000000255e+02	5.886227318425968633e+02
1.500000000000000000e+02	8.699999999999999956e-01	9.171000000000000227e+02	2.932200000000000273e+02	5.936986203894689424e+02
1.500000000000000000e+02	7.600000000000000089e-01	9.143999999999999773e+02	2.974879999999999995e+02	6.006786198857263344e+02
1.500000000000000000e+02	6.800000000000000488e-01	9.127000000000000455e+02	3.004329999999999927e+02	6.057510063164769463e+02
1.500000000000000000e+02	5.600000000000000533e-01	9.100000000000000000e+02	3.046410000000000196e+02	6.133612244715581028e+02
1.500000000000000000e+02	4.799999999999999822e-01	9.082999999999999545e+02	3.073260000000000218e+02	6.184311102223502985e+02
1.500000000000000000e+02	2.899999999999999800e-01	9.037000000000000455e+02	3.133790000000000191e+02	6.304714897269832363e+02
1.500000000000000000e+02	1.700000000000000122e-01	9.007000000000000455e+02	3.169959999999999809e+02	6.380854905004051716e+02
1.500000000000000000e+02	1.000000000000000056e-01	8.992000000000000455e+02	3.190389999999999873e+02	6.425263113851915477e+02
1.500000000000000000e+02	1.000000000000000056e-01	8.991000000000000227e+02	3.190389999999999873e+02	6.425275809088170718e+02
1.550000000000000000e+02	1.149999999999999911e+00	8.555000000000000000e+02	2.910830000000000268e+02	5.742046440037294133e+02
1.550000000000000000e+02	1.070000000000000062e+00	8.533999999999999773e+02	2.942359999999999900e+02	5.793077128807015015e+02
1.550000000000000000e+02	9.499999999999999556e-01	8.502999999999999545e+02	2.986899999999999977e+02	5.869674539698161198e+02
1.550000000000000000e+02	8.699999999999999956e-01	8.482000000000000455e+02	3.015070000000000050e+02	5.920700270622716062e+02
1.550000000000000000e+02	7.600000000000000089e-01	8.451000000000000227e+02	3.052139999999999986e+02	5.990820139579161605e+02
1.550000000000000000e+02	6.800000000000000488e-01	8.430000000000000000e+02	3.078039999999999736e+02	6.041811100393773586e+02
1.550000000000000000e+02	4.799999999999999822e-01	8.372999999999999545e+02	3.139490000000000123e+02	6.169244393906233199e+02
1.600000000000000000e+02	1.639999999999999902e+00	7.972000000000000455e+02	7.968990000000000009e+02	5.410661816744567432e+02
1.600000000000000000e+02	1.540000000000000036e+00	7.937999999999999545e+02	2.853360000000000127e+02	5.474925336959842070e+02
1.600000000000000000e+02	1.540000000000000036e+00	7.937000000000000455e+02	2.853360000000000127e+02	5.474931272190846130e+02
1.600000000000000000e+02	1.459999999999999964e+00	7.915000000000000000e+02	2.887149999999999750e+02	5.526253489811514328e+02
1.600000000000000000e+02	1.459999999999999964e+00	7.912000000000000455e+02	2.887149999999999750e+02	5.526271624495656170e+02
1.600000000000000000e+02	1.439999999999999947e+00	7.907999999999999545e+02	2.895280000000000200e+02	5.539098729849619076e+02
1.600000000000000000e+02	1.340000000000000080e+00	7.877000000000000455e+02	2.934289999999999736e+02	5.603262623789206600e+02
1.600000000000000000e+02	1.270000000000000018e+00	7.852999999999999545e+02	2.960190000000000055e+02	5.648171173837031347e+02
1.600000000000000000e+02	1.260000000000000009e+00	7.851000000000000227e+02	2.963799999999999955e+02	5.654572285646040655e+02
1.600000000000000000e+02	1.189999999999999947e+00	7.826000000000000227e+02	2.988580000000000041e+02	5.699465641499002686e+02
1.600000000000000000e+02	1.149999999999999911e+00	7.812999999999999545e+02	3.002339999999999804e+02	5.725119378009984530e+02
1.600000000000000000e+02	1.070000000000000062e+00	7.783999999999999773e+02	3.029100000000000250e+02	5.776496498244522400e+02
1.600000000000000000e+02	1.000000000000000000e+00	7.762999999999999545e+02	3.051759999999999877e+02	5.821339141604549923e+02
1.600000000000000000e+02	9.499999999999999556e-01	7.747000000000000455e+02	3.067549999999999955e+02	5.853405802217158680e+02
1.600000000000000000e+02	8.699999999999999956e-01	7.721000000000000227e+02	3.092180000000000177e+02	5.904714550444292627e+02
1.600000000000000000e+02	8.699999999999999956e-01	7.717999999999999545e+02	3.092180000000000177e+02	5.904740316256269352e+02
1.600000000000000000e+02	7.900000000000000355e-01	7.697999999999999545e+02	3.116109999999999900e+02	5.956001690021995501e+02
1.630000000000000000e+02	1.739999999999999991e+00	7.538999999999999773e+02	2.838410000000000082e+02	5.335172282508511898e+02
1.630000000000000000e+02	1.739999999999999991e+00	7.537999999999999545e+02	2.838410000000000082e+02	5.335177227057309892e+02
1.630000000000000000e+02	1.659999999999999920e+00	7.511000000000000227e+02	2.872509999999999764e+02	5.386675681688871009e+02
1.630000000000000000e+02	1.590000000000000080e+00	7.486000000000000227e+02	2.900649999999999977e+02	5.431764039434393680e+02
1.630000000000000000e+02	1.540000000000000036e+00	7.467000000000000455e+02	2.919929999999999950e+02	5.463936712047051287e+02
1.630000000000000000e+02	1.459999999999999964e+00	7.437999999999999545e+02	2.949540000000000077e+02	5.515406832423202559e+02
1.630000000000000000e+02	1.399999999999999911e+00	7.416000000000000227e+02	2.970869999999999891e+02	5.554009898561313321e+02
1.630000000000000000e+02	1.340000000000000080e+00	7.397000000000000455e+02	2.991539999999999964e+02	5.592608056123862070e+02
1.630000000000000000e+02	1.260000000000000009e+00	7.371000000000000227e+02	3.018170000000000073e+02	5.644066190160719998e+02
1.670000000000000000e+02	1.439999999999999947e+00	7.148999999999999773e+02	3.032130000000000223e+02	5.511678448122678446e+02
1.670000000000000000e+02	2.040000000000000036e+00	6.988999999999999773e+02	2.811030000000000086e+02	5.126876129993966060e+02
1.670000000000000000e+02	2.040000000000000036e+00	6.987000000000000455e+02	2.811030000000000086e+02	5.126887872165943918e+02
1.670000000000000000e+02	1.969999999999999973e+00	6.957999999999999545e+02	2.841809999999999832e+02	5.172110055840994391e+02
1.670000000000000000e+02	1.889999999999999902e+00	6.925000000000000000e+02	2.874800000000000182e+02	5.223778775790567579e+02
1.670000000000000000e+02	1.850000000000000089e+00	6.907999999999999545e+02	2.890559999999999832e+02	5.249618965700832405e+02
1.670000000000000000e+02	1.780000000000000027e+00	6.877000000000000455e+02	2.917110000000000127e+02	5.294757644993189842e+02
1.670000000000000000e+02	1.620000000000000107e+00	6.803999999999999773e+02	2.973720000000000141e+02	5.398143581138787113e+02
1.670000000000000000e+02	1.550000000000000044e+00	6.772000000000000455e+02	2.997010000000000218e+02	5.443286421038006893e+02
1.670000000000000000e+02	1.530000000000000027e+00	6.765000000000000000e+02	3.003530000000000086e+02	5.456179094189519674e+02
1.670000000000000000e+02	1.520000000000000018e+00	6.757999999999999545e+02	3.006759999999999877e+02	5.462639745521364603e+02
1.670000000000000000e+02	1.459999999999999964e+00	6.731000000000000227e+02	3.025869999999999891e+02	5.501359999052282319e+02
1.700000000000000000e+02	2.350000000000000089e+00	6.586000000000000227e+02	6.585359999999999445e+02	4.915136408014025164e+02
1.700000000000000000e+02	2.279999999999999805e+00	6.550000000000000000e+02	2.789780000000000086e+02	4.960526752525469192e+02
1.700000000000000000e+02	2.240000000000000213e+00	6.532000000000000455e+02	2.808039999999999736e+02	4.986436414809604116e+02
1.700000000000000000e+02	2.200000000000000178e+00	6.510000000000000000e+02	2.825600000000000023e+02	5.012369097249231231e+02
1.700000000000000000e+02	2.169999999999999929e+00	6.492999999999999545e+02	2.838360000000000127e+02	5.031827635647977672e+02
1.700000000000000000e+02	2.160000000000000142e+00	6.491000000000000227e+02	2.842529999999999859e+02	5.038288985372094544e+02
1.700000000000000000e+02	2.049999999999999822e+00	6.433999999999999773e+02	2.886379999999999768e+02	5.109426548362646940e+02
1.700000000000000000e+02	1.939999999999999947e+00	6.375000000000000000e+02	2.926960000000000264e+02	5.180585445562529685e+02
1.730000000000000000e+02	2.549999999999999822e+00	6.096000000000000227e+02	2.760199999999999818e+02	4.774579226799752973e+02
1.730000000000000000e+02	2.509999999999999787e+00	6.072999999999999545e+02	2.779309999999999832e+02	4.800601761717020395e+02
1.730000000000000000e+02	2.479999999999999982e+00	6.050000000000000000e+02	2.793090000000000259e+02	4.820151086380938636e+02
1.730000000000000000e+02	2.439999999999999947e+00	6.026000000000000227e+02	2.810810000000000173e+02	4.846114275218519651e+02
1.730000000000000000e+02	2.379999999999999893e+00	5.995000000000000000e+02	2.836179999999999950e+02	4.885021079679787590e+02
1.730000000000000000e+02	2.359999999999999876e+00	5.978999999999999773e+02	2.844340000000000259e+02	4.897984124818662508e+02
1.730000000000000000e+02	2.319999999999999840e+00	5.956000000000000227e+02	2.860280000000000200e+02	4.923920354055044299e+02
1.730000000000000000e+02	2.279999999999999805e+00	5.937000000000000455e+02	2.875740000000000123e+02	4.949785238767354940e+02
1.730000000000000000e+02	2.259999999999999787e+00	5.923999999999999773e+02	2.883299999999999841e+02	4.962715910820772933e+02
1.770000000000000000e+02	2.939999999999999947e+00	5.448999999999999773e+02	2.715640000000000214e+02	4.507317169863381423e+02
1.770000000000000000e+02	2.939999999999999947e+00	5.447999999999999545e+02	2.715640000000000214e+02	4.507323503220809471e+02
1.770000000000000000e+02	2.899999999999999911e+00	5.417000000000000455e+02	2.736399999999999864e+02	4.533373459562779999e+02
1.770000000000000000e+02	2.859999999999999876e+00	5.387000000000000455e+02	2.756050000000000182e+02	4.559352218159118593e+02
1.770000000000000000e+02	2.830000000000000071e+00	5.361000000000000227e+02	2.770160000000000196e+02	4.578928571324385643e+02
1.770000000000000000e+02	2.500000000000000000e+00	5.336000000000000227e+02	2.901519999999999868e+02	4.792319128622319795e+02
1.770000000000000000e+02	2.770000000000000018e+00	5.311000000000000227e+02	2.796999999999999886e+02	4.618075115407384601e+02
1.800000000000000000e+02	3.250000000000000000e+00	4.916000000000000227e+02	2.681580000000000155e+02	4.295900356975495242e+02
1.800000000000000000e+02	3.229999999999999982e+00	4.888000000000000114e+02	2.692980000000000018e+02	4.309014634040476608e+02
1.800000000000000000e+02	3.220000000000000195e+00	4.881000000000000227e+02	2.698539999999999850e+02	4.315534283575302652e+02
1.800000000000000000e+02	3.180000000000000160e+00	4.836999999999999886e+02	2.719839999999999804e+02	4.341722023800780335e+02
1.800000000000000000e+02	3.149999999999999911e+00	4.801000000000000227e+02	2.734990000000000236e+02	4.361341120719773130e+02
1.830000000000000000e+02	3.609999999999999876e+00	4.363000000000000114e+02	2.624820000000000277e+02	4.052640201487340050e+02
1.830000000000000000e+02	3.609999999999999876e+00	4.358000000000000114e+02	2.624820000000000277e+02	4.052680004460866030e+02
1.830000000000000000e+02	3.600000000000000089e+00	4.341999999999999886e+02	2.631770000000000209e+02	4.059304511816046102e+02
1.830000000000000000e+02	3.580000000000000071e+00	4.320000000000000000e+02	2.645129999999999768e+02	4.072412591888441398e+02
1.830000000000000000e+02	3.580000000000000071e+00	4.305000000000000000e+02	2.645129999999999768e+02	4.072532799317126546e+02
1.830000000000000000e+02	3.560000000000000053e+00	4.276999999999999886e+02	2.657819999999999823e+02	4.085741077572716904e+02
1.830000000000000000e+02	3.540000000000000036e+00	4.243999999999999773e+02	2.669950000000000045e+02	4.098919468624951037e+02
2.525399999999999920e+02	1.000000000000000056e-01	4.108299999999999841e+02	4.149680000000000177e+02	6.005432961737826645e+02
2.528499999999999943e+02	1.000000000000000056e-01	4.108299999999999841e+02	4.152119999999999891e+02	6.004006195439294515e+02
2.530999999999999943e+02	1.000000000000000056e-01	4.107599999999999909e+02	4.154080000000000155e+02	6.002863614949750399e+02
2.260900000000000034e+02	1.000000000000000056e-01	3.894499999999999886e+02	3.932719999999999914e+02	6.129961050660590445e+02
2.257400000000000091e+02	1.000000000000000056e-01	3.893500000000000227e+02	3.929730000000000132e+02	6.131601220432368109e+02
2.264699999999999989e+02	1.000000000000000056e-01	3.893500000000000227e+02	3.935969999999999800e+02	6.128208536774915274e+02
2.260500000000000114e+02	1.000000000000000056e-01	3.893700000000000045e+02	3.932379999999999995e+02	6.130157376153779296e+02
2.035300000000000011e+02	1.000000000000000056e-01	3.700199999999999818e+02	3.732509999999999764e+02	6.237916127821110877e+02
1.866200000000000045e+02	1.000000000000000056e-01	3.525299999999999727e+02	3.572330000000000041e+02	6.320304305795987148e+02
1.863000000000000114e+02	1.000000000000000056e-01	3.525500000000000114e+02	3.569209999999999923e+02	6.321829273335234802e+02
1.848000000000000114e+02	1.000000000000000056e-01	3.524900000000000091e+02	3.554529999999999745e+02	6.329015673592704161e+02
1.703400000000000034e+02	1.000000000000000056e-01	3.365899999999999750e+02	3.408999999999999773e+02	6.400528706691977732e+02
1.686200000000000045e+02	1.000000000000000056e-01	3.365500000000000114e+02	3.391179999999999950e+02	6.408895475817328133e+02
1.547700000000000102e+02	1.000000000000000056e-01	3.219700000000000273e+02	3.243279999999999745e+02	6.478463092683855393e+02
1.441800000000000068e+02	1.000000000000000056e-01	3.086100000000000136e+02	3.124370000000000118e+02	6.533028760442795146e+02
1.442599999999999909e+02	1.000000000000000056e-01	3.085600000000000023e+02	3.125289999999999964e+02	6.532635420975739180e+02
1.335500000000000114e+02	1.000000000000000056e-01	2.962900000000000205e+02	2.999019999999999868e+02	6.587745258079240784e+02
1.242099999999999937e+02	1.000000000000000056e-01	2.849100000000000250e+02	2.882909999999999968e+02	6.637171487883629197e+02
1.155799999999999983e+02	1.000000000000000056e-01	2.743999999999999773e+02	2.769440000000000168e+02	6.683835994039192201e+02
1.400300000000000011e+02	6.500000000000000222e-01	1.038500000000000000e+03	1.037460000000000036e+03	6.115104121757601661e+02
2.741499999999999773e+02	1.000000000000000056e-01	4.291999999999999886e+02	4.314110000000000014e+02	5.910359135298098181e+02
3.741499999999999773e+02	1.000000000000000056e-01	4.873999999999999773e+02	4.960380000000000109e+02	5.434900502115298195e+02
4.741499999999999773e+02	1.000000000000000056e-01	5.400000000000000000e+02	5.491939999999999600e+02	4.925952674211970361e+02
5.741499999999999773e+02	1.000000000000000056e-01	5.872999999999999545e+02	5.964719999999999800e+02	4.348706959970887169e+02
3.001499999999999773e+02	1.300000000000000044e+00	4.110000000000000000e+02	4.463100000000000023e+02	4.997193605887367198e+02
3.001499999999999773e+02	1.550000000000000044e+00	4.170000000000000000e+02	4.456410000000000196e+02	4.834147695931390558e+02
3.001499999999999773e+02	1.790000000000000036e+00	4.170000000000000000e+02	4.450219999999999914e+02	4.678219104309555973e+02
3.001499999999999773e+02	2.029999999999999805e+00	4.170000000000000000e+02	4.444270000000000209e+02	4.522586902582045809e+02
3.001499999999999773e+02	2.279999999999999805e+00	4.170000000000000000e+02	4.438340000000000032e+02	4.360413691077820886e+02
3.001499999999999773e+02	2.520000000000000018e+00	4.230000000000000000e+02	4.432909999999999968e+02	4.204006793541473144e+02
3.001499999999999773e+02	2.899999999999999911e+00	4.240000000000000000e+02	4.424839999999999804e+02	3.957035264939763692e+02
3.001499999999999773e+02	3.000000000000000000e+00	4.200000000000000000e+02	4.422839999999999918e+02	3.892332309079279185e+02
3.001499999999999773e+02	4.139999999999999680e+00	4.090000000000000000e+02	4.403580000000000041e+02	3.148344042390597224e+02
3.000000000000000000e+02	2.459999999999999964e+00	4.476999999999999886e+02	4.433039999999999736e+02	4.241428763487721767e+02
2.400000000000000000e+02	3.529999999999999805e+00	3.803000000000000114e+02	3.807470000000000141e+02	3.838708538041439624e+02
2.400000000000000000e+02	3.419999999999999929e+00	3.803000000000000114e+02	3.814429999999999836e+02	3.909902157643417695e+02
2.400000000000000000e+02	2.120000000000000107e+00	3.896999999999999886e+02	3.901859999999999786e+02	4.749502104244991756e+02
2.400000000000000000e+02	1.820000000000000062e+00	3.935000000000000000e+02	3.923079999999999927e+02	4.943443298346360280e+02
2.100000000000000000e+02	4.419999999999999929e+00	3.260000000000000000e+02	3.263319999999999936e+02	3.410008699474316245e+02
2.100000000000000000e+02	2.299999999999999822e+00	3.521999999999999886e+02	3.530040000000000191e+02	4.777641534977107085e+02
2.550000000000000000e+02	4.379999999999999893e+00	3.944700000000000273e+02	3.944879999999999995e+02	3.212820296487171845e+02
2.550000000000000000e+02	3.609999999999999876e+00	3.977400000000000091e+02	3.977629999999999768e+02	3.714911151920339876e+02
2.550000000000000000e+02	2.700000000000000178e+00	4.022200000000000273e+02	4.021770000000000209e+02	4.304828899088864773e+02
2.550000000000000000e+02	1.750000000000000000e+00	4.072599999999999909e+02	4.072610000000000241e+02	4.918642202135808930e+02
2.550000000000000000e+02	9.599999999999999645e-01	4.117400000000000091e+02	4.117679999999999723e+02	5.431694799076216214e+02
2.550000000000000000e+02	2.300000000000000100e-01	4.160699999999999932e+02	4.161080000000000041e+02	5.910134035717621828e+02
2.550000000000000000e+02	1.700000000000000122e-01	4.164599999999999795e+02	4.164710000000000036e+02	5.949718588389699789e+02
2.550000000000000000e+02	1.000000000000000056e-01	4.158899999999999864e+02	4.168949999999999818e+02	5.996101614201149914e+02
2.550000000000000000e+02	5.000000000000000278e-02	4.189599999999999795e+02	4.171990000000000123e+02	6.028880885296158567e+02
2.731600000000000250e+02	4.370000000000000107e+00	4.144300000000000068e+02	4.144329999999999927e+02	3.128853861554264313e+02
2.731600000000000250e+02	3.669999999999999929e+00	4.163999999999999773e+02	4.164209999999999923e+02	3.587826360679354707e+02
2.731600000000000250e+02	3.020000000000000018e+00	4.185299999999999727e+02	4.185539999999999736e+02	4.009925812878532270e+02
2.731600000000000250e+02	2.069999999999999840e+00	4.221000000000000227e+02	4.220939999999999941e+02	4.624900485698687476e+02
2.731600000000000250e+02	1.580000000000000071e+00	4.240899999999999750e+02	4.240889999999999986e+02	4.942026662616312365e+02
2.731600000000000250e+02	1.550000000000000044e+00	4.241899999999999977e+02	4.242149999999999750e+02	4.961472146648575858e+02
2.731600000000000250e+02	1.000000000000000000e+00	4.266000000000000227e+02	4.265779999999999745e+02	5.319326356016542832e+02
2.731600000000000250e+02	5.999999999999999778e-01	4.283700000000000045e+02	4.283679999999999950e+02	5.581511505592458207e+02
2.731600000000000250e+02	2.200000000000000011e-01	4.300899999999999750e+02	4.301179999999999950e+02	5.831249837403527181e+02
3.000000000000000000e+02	4.089999999999999858e+00	4.402900000000000205e+02	4.402970000000000255e+02	3.179211300050548630e+02
3.000000000000000000e+02	3.390000000000000124e+00	4.414200000000000159e+02	4.414220000000000255e+02	3.639269316305424695e+02
3.000000000000000000e+02	2.629999999999999893e+00	4.429300000000000068e+02	4.429289999999999736e+02	4.134306237115187059e+02
3.000000000000000000e+02	1.850000000000000089e+00	4.447500000000000000e+02	4.447559999999999718e+02	4.640801058425245742e+02
3.000000000000000000e+02	1.139999999999999902e+00	4.666499999999999773e+02	4.466410000000000196e+02	5.100492237601287115e+02
3.000000000000000000e+02	2.399999999999999911e-01	4.492799999999999727e+02	4.493020000000000209e+02	5.691665184775798707e+02
3.000000000000000000e+02	1.700000000000000122e-01	4.494900000000000091e+02	4.495210000000000150e+02	5.737988987937195589e+02
3.000000000000000000e+02	1.000000000000000056e-01	4.496899999999999977e+02	4.497420000000000186e+02	5.784203101164613372e+02
3.500000000000000000e+02	4.139999999999999680e+00	4.792099999999999795e+02	4.793389999999999986e+02	2.886914351674377599e+02
3.500000000000000000e+02	3.160000000000000142e+00	4.792900000000000205e+02	4.794209999999999923e+02	3.538293847943990045e+02
3.500000000000000000e+02	3.160000000000000142e+00	4.792900000000000205e+02	4.794209999999999923e+02	3.538293847943990045e+02
3.500000000000000000e+02	2.080000000000000071e+00	4.797799999999999727e+02	4.799119999999999777e+02	4.246086204744379984e+02
3.500000000000000000e+02	1.260000000000000009e+00	4.803899999999999864e+02	4.805480000000000018e+02	4.782209060406634649e+02
3.500000000000000000e+02	6.600000000000000311e-01	4.809900000000000091e+02	4.811499999999999773e+02	5.176550791832928553e+02
3.500000000000000000e+02	2.099999999999999922e-01	4.814700000000000273e+02	4.816739999999999782e+02	5.473021666439121873e+02
2.931499999999999773e+02	1.000000000000000056e-01	4.461999999999999886e+02	4.450149999999999864e+02	5.818670001300595231e+02
2.931499999999999773e+02	9.799999999999999822e-01	4.440000000000000000e+02	4.420590000000000259e+02	5.241168954889512861e+02
2.931499999999999773e+02	1.959999999999999964e+00	4.413000000000000114e+02	4.391100000000000136e+02	4.604077056786404682e+02
2.931499999999999773e+02	2.939999999999999947e+00	4.391999999999999886e+02	4.365799999999999841e+02	3.967739551613003073e+02
2.931499999999999773e+02	3.919999999999999929e+00	4.370000000000000000e+02	4.345350000000000250e+02	3.327006079480412950e+02
3.231499999999999773e+02	1.000000000000000056e-01	4.660000000000000000e+02	4.650849999999999795e+02	5.677803011652890746e+02
3.231499999999999773e+02	9.799999999999999822e-01	4.643000000000000114e+02	4.633120000000000118e+02	5.099227875749317036e+02
3.231499999999999773e+02	1.959999999999999964e+00	4.620000000000000000e+02	4.616560000000000059e+02	4.461219404942593201e+02
3.231499999999999773e+02	2.939999999999999947e+00	4.603999999999999773e+02	4.603679999999999950e+02	3.823421733719869167e+02
3.231499999999999773e+02	3.919999999999999929e+00	4.598000000000000114e+02	4.594859999999999900e+02	3.178282280374306197e+02
3.481499999999999773e+02	1.000000000000000056e-01	4.820000000000000000e+02	4.806909999999999741e+02	5.562319525423663436e+02
3.481499999999999773e+02	9.799999999999999822e-01	4.806999999999999886e+02	4.796480000000000246e+02	4.983900832047120844e+02
3.481499999999999773e+02	1.959999999999999964e+00	4.795000000000000000e+02	4.787749999999999773e+02	4.343140062648599837e+02
3.481499999999999773e+02	2.939999999999999947e+00	4.788999999999999773e+02	4.782239999999999895e+02	3.701503697253936593e+02
3.481499999999999773e+02	3.919999999999999929e+00	4.783000000000000114e+02	4.780199999999999818e+02	3.052871055723889526e+02
3.731499999999999773e+02	1.000000000000000056e-01	4.968000000000000114e+02	4.954619999999999891e+02	5.439276200105589396e+02
3.731499999999999773e+02	9.799999999999999822e-01	4.958000000000000114e+02	4.949900000000000091e+02	4.859303605117431744e+02
3.731499999999999773e+02	1.959999999999999964e+00	4.948000000000000114e+02	4.947180000000000177e+02	4.215596004180471823e+02
3.731499999999999773e+02	2.939999999999999947e+00	4.945000000000000000e+02	4.947280000000000086e+02	3.568326363591024233e+02
3.731499999999999773e+02	3.919999999999999929e+00	4.948000000000000114e+02	4.950350000000000250e+02	2.916677525328431102e+02
3.981499999999999773e+02	1.000000000000000056e-01	5.108999999999999773e+02	5.095430000000000064e+02	5.310239059594140372e+02
3.981499999999999773e+02	9.799999999999999822e-01	5.096999999999999886e+02	5.095230000000000246e+02	4.727505943427688067e+02
3.981499999999999773e+02	1.959999999999999964e+00	5.091000000000000227e+02	5.097250000000000227e+02	4.078370227048880565e+02
3.981499999999999773e+02	2.939999999999999947e+00	5.091999999999999886e+02	5.101720000000000255e+02	3.427151932442743600e+02
3.981499999999999773e+02	3.919999999999999929e+00	5.100000000000000000e+02	5.108750000000000000e+02	2.767138821959296706e+02
4.231499999999999773e+02	1.000000000000000056e-01	5.233999999999999773e+02	5.230510000000000446e+02	5.174982369809667944e+02
4.231499999999999773e+02	9.799999999999999822e-01	5.228999999999999773e+02	5.233949999999999818e+02	4.589708695090792503e+02
4.231499999999999773e+02	1.959999999999999964e+00	5.228999999999999773e+02	5.239759999999999991e+02	3.931447024354883411e+02
4.231499999999999773e+02	2.939999999999999947e+00	5.232000000000000455e+02	5.247720000000000482e+02	3.271600298770839572e+02
4.231499999999999773e+02	3.919999999999999929e+00	5.238999999999999773e+02	5.257880000000000109e+02	2.608075804964573194e+02
