# Temperature (K)	Pressure (MPa)	Experimental(uPas)	NIST(uPas)	Model(uPas)
2.600000000000000000e+02	4.750000000000000000e+00	1.089600000000000080e+01	1.089070000000000071e+01	1.888830939498720340e+01
2.600000000000000000e+02	5.000000000000000000e+00	1.098799999999999955e+01	1.098070000000000057e+01	1.894591897232597688e+01
2.600000000000000000e+02	5.500000000000000000e+00	1.118200000000000038e+01	1.117329999999999934e+01	1.906113812700353094e+01
2.600000000000000000e+02	6.000000000000000000e+00	1.139400000000000013e+01	1.138330000000000020e+01	1.917635728168108145e+01
2.600000000000000000e+02	6.500000000000000000e+00	1.162299999999999933e+01	1.161180000000000057e+01	1.929157643635862485e+01
2.600000000000000000e+02	7.000000000000000000e+00	1.187100000000000044e+01	1.185989999999999966e+01	1.940679559103617535e+01
2.600000000000000000e+02	7.500000000000000000e+00	1.214100000000000001e+01	1.212829999999999941e+01	1.952201474571371165e+01
2.600000000000000000e+02	7.990000000000000213e+00	1.242800000000000082e+01	1.241189999999999927e+01	1.963492951729772429e+01
2.600000000000000000e+02	8.480000000000000426e+00	1.272600000000000087e+01	1.271630000000000038e+01	1.974784428888171206e+01
2.600000000000000000e+02	9.009999999999999787e+00	1.307199999999999918e+01	1.306930000000000014e+01	1.986997659283992235e+01
2.600000000000000000e+02	9.460000000000000853e+00	1.338899999999999935e+01	1.338819999999999943e+01	1.997367383204970182e+01
2.600000000000000000e+02	9.990000000000000213e+00	1.379100000000000037e+01	1.378589999999999982e+01	2.009580613600791210e+01
2.600000000000000000e+02	1.050000000000000000e+01	1.418500000000000050e+01	1.419030000000000058e+01	2.021332967377901113e+01
2.600000000000000000e+02	1.100999999999999979e+01	1.459699999999999953e+01	1.461430000000000007e+01	2.033085321155011371e+01
2.600000000000000000e+02	1.148000000000000043e+01	1.500399999999999956e+01	1.502089999999999925e+01	2.043915921694700799e+01
2.600000000000000000e+02	1.200999999999999979e+01	1.548199999999999932e+01	1.549510000000000076e+01	2.056129152090520051e+01
2.600000000000000000e+02	1.248000000000000043e+01	1.590300000000000047e+01	1.592719999999999914e+01	2.066959752630209834e+01
2.600000000000000000e+02	1.301999999999999957e+01	1.639600000000000080e+01	1.643430000000000035e+01	2.079403421335385715e+01
2.600000000000000000e+02	1.350000000000000000e+01	1.684600000000000009e+01	1.689179999999999993e+01	2.090464460184429640e+01
2.600000000000000000e+02	1.399000000000000021e+01	1.732600000000000051e+01	1.736289999999999978e+01	2.101755937342830904e+01
2.600000000000000000e+02	1.450000000000000000e+01	1.780000000000000071e+01	1.785529999999999973e+01	2.113508291119940452e+01
2.600000000000000000e+02	1.500999999999999979e+01	1.829200000000000159e+01	1.834740000000000038e+01	2.125260644897049644e+01
2.600000000000000000e+02	1.552999999999999936e+01	1.878600000000000136e+01	1.884690000000000154e+01	2.137243436983514755e+01
2.600000000000000000e+02	1.601000000000000156e+01	1.923999999999999844e+01	1.930450000000000088e+01	2.148304475832559035e+01
2.600000000000000000e+02	1.653999999999999915e+01	1.973499999999999943e+01	1.980460000000000065e+01	2.160517706228379353e+01
2.600000000000000000e+02	1.701999999999999957e+01	2.019200000000000017e+01	2.025199999999999889e+01	2.171578745077423633e+01
2.600000000000000000e+02	1.739000000000000057e+01	2.053200000000000003e+01	2.059280000000000044e+01	2.180104962523563117e+01
2.600000000000000000e+02	1.798999999999999844e+01	2.106200000000000117e+01	2.113759999999999906e+01	2.193931261084867401e+01
2.600000000000000000e+02	1.846999999999999886e+01	2.149599999999999866e+01	2.156599999999999895e+01	2.204992299933913813e+01
2.600000000000000000e+02	1.898999999999999844e+01	2.194300000000000139e+01	2.202260000000000062e+01	2.216975092020377858e+01
2.600000000000000000e+02	1.946999999999999886e+01	2.235900000000000176e+01	2.243680000000000163e+01	2.228036130869422493e+01
2.600000000000000000e+02	1.982000000000000028e+01	2.265200000000000102e+01	2.273460000000000036e+01	2.236101471696851206e+01
2.800000000000000000e+02	1.048000000000000043e+01	1.110699999999999932e+01	1.387749999999999950e+01	1.878173734825907459e+01
2.800000000000000000e+02	1.050000000000000000e+01	1.116200000000000081e+01	1.388879999999999981e+01	1.878634611444616098e+01
2.800000000000000000e+02	1.051999999999999957e+01	1.123499999999999943e+01	1.390019999999999989e+01	1.879095488063327579e+01
2.800000000000000000e+02	1.053999999999999915e+01	1.129499999999999993e+01	1.391150000000000020e+01	1.879556364682037284e+01
2.800000000000000000e+02	1.055000000000000071e+01	1.136800000000000033e+01	1.391719999999999935e+01	1.879786802991392136e+01
2.800000000000000000e+02	1.056000000000000050e+01	1.143999999999999950e+01	1.392290000000000028e+01	1.880017241300747344e+01
2.800000000000000000e+02	1.057000000000000028e+01	1.151399999999999935e+01	1.392859999999999943e+01	1.880247679610102196e+01
2.800000000000000000e+02	1.058999999999999986e+01	1.167600000000000016e+01	1.393999999999999950e+01	1.880708556228812611e+01
2.800000000000000000e+02	1.059999999999999964e+01	1.184500000000000064e+01	1.394570000000000043e+01	1.880938994538167819e+01
2.800000000000000000e+02	1.061999999999999922e+01	1.202699999999999925e+01	1.395710000000000051e+01	1.881399871156878234e+01
2.800000000000000000e+02	1.066000000000000014e+01	1.221799999999999997e+01	1.398000000000000043e+01	1.882321624394298709e+01
2.800000000000000000e+02	1.069999999999999929e+01	1.242099999999999937e+01	1.400300000000000011e+01	1.883243377631718829e+01
2.800000000000000000e+02	1.074000000000000021e+01	1.262700000000000067e+01	1.402599999999999980e+01	1.884165130869139659e+01
2.800000000000000000e+02	1.078999999999999915e+01	1.287500000000000000e+01	1.405499999999999972e+01	1.851840728465799302e+01
2.800000000000000000e+02	1.083000000000000007e+01	1.310500000000000043e+01	1.407820000000000071e+01	1.852772488550729335e+01
2.800000000000000000e+02	1.089000000000000057e+01	1.336100000000000065e+01	1.411320000000000086e+01	1.854170128678124030e+01
2.800000000000000000e+02	1.093999999999999950e+01	1.362500000000000000e+01	1.414240000000000030e+01	1.855334828784286216e+01
2.800000000000000000e+02	1.099000000000000021e+01	1.390199999999999925e+01	1.417179999999999929e+01	1.856499528890448403e+01
2.800000000000000000e+02	1.105000000000000071e+01	1.418999999999999950e+01	1.420720000000000027e+01	1.857897169017842387e+01
2.800000000000000000e+02	1.150000000000000000e+01	1.448199999999999932e+01	1.447770000000000046e+01	1.868379469973303486e+01
2.800000000000000000e+02	1.200000000000000000e+01	1.479499999999999993e+01	1.478829999999999956e+01	1.880026471034926772e+01
2.800000000000000000e+02	1.248000000000000043e+01	1.509800000000000075e+01	1.509580000000000055e+01	1.891207592054084685e+01
2.800000000000000000e+02	1.300000000000000000e+01	1.543999999999999950e+01	1.543820000000000014e+01	1.903320473158172632e+01
2.800000000000000000e+02	1.350000000000000000e+01	1.576600000000000001e+01	1.577560000000000073e+01	1.914967474219795207e+01
2.800000000000000000e+02	1.392999999999999972e+01	1.605900000000000105e+01	1.607150000000000034e+01	1.924983895132790579e+01
2.800000000000000000e+02	1.447000000000000064e+01	1.643100000000000094e+01	1.644940000000000069e+01	1.937562656279343187e+01
2.800000000000000000e+02	1.500000000000000000e+01	1.680699999999999861e+01	1.682600000000000051e+01	1.949908477404663287e+01
2.800000000000000000e+02	1.550000000000000000e+01	1.716700000000000159e+01	1.718540000000000134e+01	1.961555478466286218e+01
2.800000000000000000e+02	1.600000000000000000e+01	1.752299999999999969e+01	1.754769999999999897e+01	1.973202479527908793e+01
2.800000000000000000e+02	1.651000000000000156e+01	1.787699999999999889e+01	1.791929999999999978e+01	1.985082420610764231e+01
2.800000000000000000e+02	1.700000000000000000e+01	1.824699999999999989e+01	1.827740000000000009e+01	1.996496481651153942e+01
2.800000000000000000e+02	1.750000000000000000e+01	1.859600000000000009e+01	1.864310000000000045e+01	2.008143482712777583e+01
2.800000000000000000e+02	1.798999999999999844e+01	1.896099999999999852e+01	1.900110000000000099e+01	2.019557543753168005e+01
2.800000000000000000e+02	1.851000000000000156e+01	1.933099999999999952e+01	1.937989999999999924e+01	2.031670424857255952e+01
2.800000000000000000e+02	1.901000000000000156e+01	1.968599999999999994e+01	1.974249999999999972e+01	2.043317425918878172e+01
2.800000000000000000e+02	1.946999999999999886e+01	2.000600000000000023e+01	2.007430000000000092e+01	2.054032666895571424e+01
2.800000000000000000e+02	1.983999999999999986e+01	2.026800000000000068e+01	2.033970000000000056e+01	2.062651447681173167e+01
3.000000000000000000e+02	4.750000000000000000e+00	1.200099999999999945e+01	1.200370000000000026e+01	1.577430364485067038e+01
3.000000000000000000e+02	4.990000000000000213e+00	1.206400000000000006e+01	1.206460000000000043e+01	1.583020924994646350e+01
3.000000000000000000e+02	5.490000000000000213e+00	1.219699999999999918e+01	1.219710000000000072e+01	1.594667926056268215e+01
3.000000000000000000e+02	5.969999999999999751e+00	1.233200000000000074e+01	1.233159999999999989e+01	1.605849047075425773e+01
3.000000000000000000e+02	6.469999999999999751e+00	1.248199999999999932e+01	1.247940000000000005e+01	1.617496048137048703e+01
3.000000000000000000e+02	7.000000000000000000e+00	1.264799999999999969e+01	1.264470000000000027e+01	1.629841869262368803e+01
3.000000000000000000e+02	7.500000000000000000e+00	1.281300000000000061e+01	1.280910000000000082e+01	1.641488870323992089e+01
3.000000000000000000e+02	7.980000000000000426e+00	1.297899999999999920e+01	1.297450000000000081e+01	1.652669991343150357e+01
3.000000000000000000e+02	8.460000000000000853e+00	1.315499999999999936e+01	1.314760000000000062e+01	1.663851112362308271e+01
3.000000000000000000e+02	9.000000000000000000e+00	1.335699999999999932e+01	1.335120000000000040e+01	1.676429873508860524e+01
3.000000000000000000e+02	9.500000000000000000e+00	1.355400000000000027e+01	1.354829999999999934e+01	1.688076874570483099e+01
3.000000000000000000e+02	9.990000000000000213e+00	1.375500000000000078e+01	1.374920000000000009e+01	1.699490935610873876e+01
3.000000000000000000e+02	1.049000000000000021e+01	1.396799999999999997e+01	1.396209999999999951e+01	1.711137936672496807e+01
3.000000000000000000e+02	1.094999999999999929e+01	1.417200000000000060e+01	1.416479999999999961e+01	1.721853177649188993e+01
3.000000000000000000e+02	1.150999999999999979e+01	1.442600000000000016e+01	1.442019999999999946e+01	1.734897818838206973e+01
3.000000000000000000e+02	1.200000000000000000e+01	1.465799999999999947e+01	1.465109999999999957e+01	1.746311879878597040e+01
3.000000000000000000e+02	1.250000000000000000e+01	1.489799999999999969e+01	1.489370000000000083e+01	1.757958880940220325e+01
3.000000000000000000e+02	1.298000000000000043e+01	1.513499999999999979e+01	1.513269999999999982e+01	1.769140001959377884e+01
3.000000000000000000e+02	1.346000000000000085e+01	1.538000000000000078e+01	1.537739999999999974e+01	1.780321122978536152e+01
3.000000000000000000e+02	1.401999999999999957e+01	1.567200000000000060e+01	1.566960000000000086e+01	1.793365764167553777e+01
3.000000000000000000e+02	1.451999999999999957e+01	1.593900000000000006e+01	1.593619999999999948e+01	1.805012765229175997e+01
3.000000000000000000e+02	1.497000000000000064e+01	1.617800000000000082e+01	1.618019999999999925e+01	1.788538700370333956e+01
3.000000000000000000e+02	1.548000000000000043e+01	1.645700000000000074e+01	1.646109999999999829e+01	1.800558615720116507e+01
3.000000000000000000e+02	1.596000000000000085e+01	1.671799999999999997e+01	1.672909999999999897e+01	1.811871477225795246e+01
3.000000000000000000e+02	1.646999999999999886e+01	1.700300000000000011e+01	1.701729999999999876e+01	1.823891392575577441e+01
3.000000000000000000e+02	1.698000000000000043e+01	1.729599999999999937e+01	1.730849999999999866e+01	1.835911307925360703e+01
3.000000000000000000e+02	1.748000000000000043e+01	1.757999999999999829e+01	1.759639999999999915e+01	1.847695538660441272e+01
3.000000000000000000e+02	1.796000000000000085e+01	1.785999999999999943e+01	1.787460000000000093e+01	1.859008400166119301e+01
3.000000000000000000e+02	1.846999999999999886e+01	1.815099999999999980e+01	1.817170000000000130e+01	1.871028315515902563e+01
3.000000000000000000e+02	1.894000000000000128e+01	1.842000000000000171e+01	1.844650000000000034e+01	1.882105492406878966e+01
3.000000000000000000e+02	1.951999999999999957e+01	1.875499999999999901e+01	1.878640000000000043e+01	1.895775200059573606e+01
3.000000000000000000e+02	2.003000000000000114e+01	1.904799999999999827e+01	1.908559999999999945e+01	1.907795115409356512e+01
3.200000000000000000e+02	4.750000000000000000e+00	1.256400000000000006e+01	1.256930000000000014e+01	1.416521324401772119e+01
3.200000000000000000e+02	5.000000000000000000e+00	1.261999999999999922e+01	1.262509999999999977e+01	1.422413439769312227e+01
3.200000000000000000e+02	5.490000000000000213e+00	1.273399999999999999e+01	1.273859999999999992e+01	1.433961985889692414e+01
3.200000000000000000e+02	6.000000000000000000e+00	1.285899999999999999e+01	1.286250000000000071e+01	1.445981901239474610e+01
3.200000000000000000e+02	6.490000000000000213e+00	1.298700000000000010e+01	1.298719999999999963e+01	1.457530447359854620e+01
3.200000000000000000e+02	7.000000000000000000e+00	1.312500000000000000e+01	1.312289999999999957e+01	1.469550362709637525e+01
3.200000000000000000e+02	7.480000000000000426e+00	1.325699999999999967e+01	1.325619999999999976e+01	1.480863224215315022e+01
3.200000000000000000e+02	8.009999999999999787e+00	1.341000000000000014e+01	1.340949999999999953e+01	1.493354508794501889e+01
3.200000000000000000e+02	8.490000000000000213e+00	1.356000000000000050e+01	1.355410000000000004e+01	1.504667370300179918e+01
3.200000000000000000e+02	8.990000000000000213e+00	1.371499999999999986e+01	1.371039999999999992e+01	1.516451601035261376e+01
3.200000000000000000e+02	9.500000000000000000e+00	1.388000000000000078e+01	1.387570000000000014e+01	1.528471516385043749e+01
3.200000000000000000e+02	1.000000000000000000e+01	1.405100000000000016e+01	1.404349999999999987e+01	1.540255747120125029e+01
3.200000000000000000e+02	1.049000000000000021e+01	1.422100000000000009e+01	1.421340000000000003e+01	1.551804293240504684e+01
3.200000000000000000e+02	1.100000000000000000e+01	1.440099999999999980e+01	1.439579999999999949e+01	1.563824208590288123e+01
3.200000000000000000e+02	1.150000000000000000e+01	1.458600000000000030e+01	1.458009999999999984e+01	1.575608439325369403e+01
3.200000000000000000e+02	1.186999999999999922e+01	1.473300000000000054e+01	1.471979999999999933e+01	1.584328770069329551e+01
3.200000000000000000e+02	1.248000000000000043e+01	1.496599999999999930e+01	1.495620000000000083e+01	1.598705531566128180e+01
3.200000000000000000e+02	1.298000000000000043e+01	1.516799999999999926e+01	1.515540000000000020e+01	1.610489762301209637e+01
3.200000000000000000e+02	1.350000000000000000e+01	1.537899999999999956e+01	1.536739999999999995e+01	1.622745362265694524e+01
3.200000000000000000e+02	1.400000000000000000e+01	1.558900000000000041e+01	1.557579999999999920e+01	1.634529593000776160e+01
3.200000000000000000e+02	1.450000000000000000e+01	1.580199999999999960e+01	1.578839999999999932e+01	1.646313823735856730e+01
3.200000000000000000e+02	1.500000000000000000e+01	1.601000000000000156e+01	1.600499999999999901e+01	1.658098054470938010e+01
3.200000000000000000e+02	1.550000000000000000e+01	1.623199999999999932e+01	1.622510000000000119e+01	1.669882285206019645e+01
3.200000000000000000e+02	1.601999999999999957e+01	1.646399999999999864e+01	1.645779999999999887e+01	1.682137885170503822e+01
3.200000000000000000e+02	1.653000000000000114e+01	1.670400000000000063e+01	1.668919999999999959e+01	1.694157800520287438e+01
3.200000000000000000e+02	1.703999999999999915e+01	1.692800000000000082e+01	1.692360000000000042e+01	1.706177715870069633e+01
3.200000000000000000e+02	1.753999999999999915e+01	1.715899999999999892e+01	1.715599999999999881e+01	1.717961946605150558e+01
3.200000000000000000e+02	1.801000000000000156e+01	1.738400000000000034e+01	1.737650000000000006e+01	1.729039123496127672e+01
3.200000000000000000e+02	1.851999999999999957e+01	1.762199999999999989e+01	1.761789999999999878e+01	1.741059038845910578e+01
3.200000000000000000e+02	1.901999999999999957e+01	1.785999999999999943e+01	1.785630000000000095e+01	1.752843269580991858e+01
3.200000000000000000e+02	1.950000000000000000e+01	1.809199999999999875e+01	1.808660000000000068e+01	1.764156131086670598e+01
3.200000000000000000e+02	1.992999999999999972e+01	1.829299999999999926e+01	1.829400000000000048e+01	1.774290569518839789e+01
3.400000000000000000e+02	4.740000000000000213e+00	1.312100000000000044e+01	1.313059999999999938e+01	1.285137940043569493e+01
3.400000000000000000e+02	4.919999999999999929e+00	1.315700000000000003e+01	1.316649999999999920e+01	1.289380263108198932e+01
3.400000000000000000e+02	5.500000000000000000e+00	1.327500000000000036e+01	1.328580000000000005e+01	1.252454033719080329e+01
3.400000000000000000e+02	5.990000000000000213e+00	1.338000000000000078e+01	1.339119999999999955e+01	1.264153769263915628e+01
3.400000000000000000e+02	6.469999999999999751e+00	1.349200000000000088e+01	1.349849999999999994e+01	1.275614734695590613e+01
3.400000000000000000e+02	7.009999999999999787e+00	1.361800000000000033e+01	1.362410000000000032e+01	1.288508320806226060e+01
3.400000000000000000e+02	7.480000000000000426e+00	1.373700000000000010e+01	1.373760000000000048e+01	1.299730516124741087e+01
3.400000000000000000e+02	7.940000000000000391e+00	1.384999999999999964e+01	1.385239999999999938e+01	1.310713941330097221e+01
3.400000000000000000e+02	8.009999999999999787e+00	1.386899999999999977e+01	1.387020000000000053e+01	1.312385332122216219e+01
3.400000000000000000e+02	8.490000000000000213e+00	1.399600000000000044e+01	1.399460000000000015e+01	1.323846297553891915e+01
3.400000000000000000e+02	9.000000000000000000e+00	1.413199999999999967e+01	1.413109999999999999e+01	1.336023573325046598e+01
3.400000000000000000e+02	9.500000000000000000e+00	1.427200000000000024e+01	1.426919999999999966e+01	1.347962078983041323e+01
3.400000000000000000e+02	9.990000000000000213e+00	1.441399999999999970e+01	1.440869999999999962e+01	1.359661814527877155e+01
3.400000000000000000e+02	1.047000000000000064e+01	1.455700000000000038e+01	1.454920000000000080e+01	1.371122779959552140e+01
3.400000000000000000e+02	1.099000000000000021e+01	1.471499999999999986e+01	1.470570000000000022e+01	1.383538825843866960e+01
3.400000000000000000e+02	1.149000000000000021e+01	1.487299999999999933e+01	1.486020000000000074e+01	1.395477331501862572e+01
3.400000000000000000e+02	1.188000000000000078e+01	1.499399999999999977e+01	1.498349999999999937e+01	1.404789365915098642e+01
3.400000000000000000e+02	1.250000000000000000e+01	1.519699999999999918e+01	1.518420000000000059e+01	1.419593112931012513e+01
3.400000000000000000e+02	1.297000000000000064e+01	1.535599999999999987e+01	1.534009999999999962e+01	1.430815308249527718e+01
3.400000000000000000e+02	1.350000000000000000e+01	1.553700000000000081e+01	1.551970000000000027e+01	1.443470124247002317e+01
3.400000000000000000e+02	1.400999999999999979e+01	1.572199999999999953e+01	1.569619999999999926e+01	1.455647400018157889e+01
3.400000000000000000e+02	1.450000000000000000e+01	1.589499999999999957e+01	1.586890000000000001e+01	1.467347135562993365e+01
3.400000000000000000e+02	1.500999999999999979e+01	1.607600000000000051e+01	1.605189999999999984e+01	1.479524411334148404e+01
3.400000000000000000e+02	1.600000000000000000e+01	1.644000000000000128e+01	1.641580000000000084e+01	1.503162652536979138e+01
3.400000000000000000e+02	1.701999999999999957e+01	1.682600000000000051e+01	1.680150000000000077e+01	1.527517204079289215e+01
3.400000000000000000e+02	1.798999999999999844e+01	1.720200000000000173e+01	1.717729999999999890e+01	1.550677905055799854e+01
3.400000000000000000e+02	1.901999999999999957e+01	1.761100000000000065e+01	1.758449999999999847e+01	1.575271226711269712e+01
3.400000000000000000e+02	2.008999999999999986e+01	1.803900000000000148e+01	1.801490000000000080e+01	1.600819628819379759e+01
3.400000000000000000e+02	2.098999999999999844e+01	1.840899999999999892e+01	1.838159999999999883e+01	1.622308939003771044e+01
3.400000000000000000e+02	2.198999999999999844e+01	1.882000000000000028e+01	1.879289999999999949e+01	1.646185950319760494e+01
3.400000000000000000e+02	2.294999999999999929e+01	1.921900000000000119e+01	1.919059999999999988e+01	1.669107881183111530e+01
3.400000000000000000e+02	2.387999999999999901e+01	1.960300000000000153e+01	1.957770000000000010e+01	1.691313501706981981e+01
3.400000000000000000e+02	2.496000000000000085e+01	2.005399999999999849e+01	2.002840000000000131e+01	1.717100673928252164e+01
3.400000000000000000e+02	2.596000000000000085e+01	2.047899999999999920e+01	2.044600000000000151e+01	1.740977685244242679e+01
3.400000000000000000e+02	2.694999999999999929e+01	2.088800000000000168e+01	2.085889999999999844e+01	1.764615926447072880e+01
3.400000000000000000e+02	2.780000000000000071e+01	2.124399999999999977e+01	2.121249999999999858e+01	1.784911386065665084e+01
3.400000000000000000e+02	2.876999999999999957e+01	2.164699999999999847e+01	2.161469999999999914e+01	1.808072087042175724e+01
3.600000000000000000e+02	4.750000000000000000e+00	1.367200000000000060e+01	1.369079999999999941e+01	1.095356375971375051e+01
3.600000000000000000e+02	5.000000000000000000e+00	1.371499999999999986e+01	1.373620000000000019e+01	1.101325628800372947e+01
3.600000000000000000e+02	5.500000000000000000e+00	1.380599999999999916e+01	1.382949999999999946e+01	1.113264134458367849e+01
3.600000000000000000e+02	6.009999999999999787e+00	1.390600000000000058e+01	1.392830000000000013e+01	1.125441410229523242e+01
3.600000000000000000e+02	6.500000000000000000e+00	1.400399999999999956e+01	1.402660000000000018e+01	1.137141145774358186e+01
3.600000000000000000e+02	7.000000000000000000e+00	1.411299999999999955e+01	1.413030000000000008e+01	1.149079651432353621e+01
3.600000000000000000e+02	7.500000000000000000e+00	1.421700000000000053e+01	1.423739999999999917e+01	1.161018157090348524e+01
3.600000000000000000e+02	8.019999999999999574e+00	1.433300000000000018e+01	1.435239999999999938e+01	1.173434202974663343e+01
3.600000000000000000e+02	8.509999999999999787e+00	1.444999999999999929e+01	1.446419999999999995e+01	1.185133938519498820e+01
3.600000000000000000e+02	8.980000000000000426e+00	1.456099999999999994e+01	1.457440000000000069e+01	1.196356133838013847e+01
3.600000000000000000e+02	9.480000000000000426e+00	1.468399999999999928e+01	1.469490000000000052e+01	1.205401349299213898e+01
3.600000000000000000e+02	1.000000000000000000e+01	1.481400000000000006e+01	1.482370000000000054e+01	1.217888267853153828e+01
3.600000000000000000e+02	1.048000000000000043e+01	1.494100000000000072e+01	1.494560000000000066e+01	1.229414654210637714e+01
3.600000000000000000e+02	1.099000000000000021e+01	1.507600000000000051e+01	1.507840000000000025e+01	1.241661439715463899e+01
3.600000000000000000e+02	1.150000000000000000e+01	1.521299999999999919e+01	1.521439999999999948e+01	1.253908225220290262e+01
3.600000000000000000e+02	1.198000000000000043e+01	1.534600000000000009e+01	1.534529999999999994e+01	1.265434611577773261e+01
3.600000000000000000e+02	1.249000000000000021e+01	1.548700000000000010e+01	1.548729999999999940e+01	1.277681397082599446e+01
3.600000000000000000e+02	1.299000000000000021e+01	1.563199999999999967e+01	1.562950000000000017e+01	1.289688049538311354e+01
3.600000000000000000e+02	1.348000000000000043e+01	1.577800000000000047e+01	1.577149999999999963e+01	1.301454568944909163e+01
3.600000000000000000e+02	1.398000000000000043e+01	1.592699999999999960e+01	1.591910000000000025e+01	1.313461221400621604e+01
3.600000000000000000e+02	1.449000000000000021e+01	1.608200000000000074e+01	1.607239999999999824e+01	1.325708006905447256e+01
3.600000000000000000e+02	1.499000000000000021e+01	1.624099999999999966e+01	1.622510000000000119e+01	1.337714659361159342e+01
3.600000000000000000e+02	1.600000000000000000e+01	1.656200000000000117e+01	1.654090000000000060e+01	1.361968097321697080e+01
3.600000000000000000e+02	1.703999999999999915e+01	1.689699999999999847e+01	1.687539999999999907e+01	1.386941934429578005e+01
3.600000000000000000e+02	1.801999999999999957e+01	1.722200000000000131e+01	1.719849999999999923e+01	1.410474973242773267e+01
3.600000000000000000e+02	1.898999999999999844e+01	1.755000000000000071e+01	1.752479999999999905e+01	1.433767879006854606e+01
3.600000000000000000e+02	1.994000000000000128e+01	1.788200000000000145e+01	1.785010000000000119e+01	1.456580518672707214e+01
3.600000000000000000e+02	2.098000000000000043e+01	1.824800000000000111e+01	1.821160000000000068e+01	1.481554355780587606e+01
3.600000000000000000e+02	2.198000000000000043e+01	1.860500000000000043e+01	1.856390000000000029e+01	1.505567660692011955e+01
3.600000000000000000e+02	2.287999999999999901e+01	1.892999999999999972e+01	1.888400000000000034e+01	1.527179635112292821e+01
3.600000000000000000e+02	2.401999999999999957e+01	1.932799999999999940e+01	1.929289999999999949e+01	1.554554802711316519e+01
3.600000000000000000e+02	2.498999999999999844e+01	1.968900000000000006e+01	1.964320000000000022e+01	1.577847708475397681e+01
3.600000000000000000e+02	2.598000000000000043e+01	2.005199999999999960e+01	2.000209999999999866e+01	1.601620880337706865e+01
3.600000000000000000e+02	2.689999999999999858e+01	2.037999999999999901e+01	2.033650000000000091e+01	1.623713120856216818e+01
3.600000000000000000e+02	2.803000000000000114e+01	2.080000000000000071e+01	2.074769999999999825e+01	1.650848155406126239e+01
3.600000000000000000e+02	2.917999999999999972e+01	2.122500000000000142e+01	2.116610000000000014e+01	1.678463456054264213e+01
2.931499999999999773e+02	1.182000000000000028e+02	1.091999999999999993e+01	5.701370000000000005e+01	4.299725244388398693e+01
2.331500000000000057e+02	5.509999999999999787e+00	1.088000000000000078e+01	1.064509999999999934e+01	2.027709939457093213e+01
2.331500000000000057e+02	7.339999999999999858e+00	1.236100000000000065e+01	1.213690000000000069e+01	2.071654287444998488e+01
2.331500000000000057e+02	8.839999999999999858e+00	1.419699999999999918e+01	1.398969999999999914e+01	2.107674244812134035e+01
2.331500000000000057e+02	1.034999999999999964e+01	1.658099999999999952e+01	1.636510000000000176e+01	2.143934335228383503e+01
2.331500000000000057e+02	1.200999999999999979e+01	1.933200000000000074e+01	1.909390000000000143e+01	2.183796421381347841e+01
2.331500000000000057e+02	1.430000000000000071e+01	2.267899999999999849e+01	2.242549999999999955e+01	2.238786889628508092e+01
2.331500000000000057e+02	1.776000000000000156e+01	2.663100000000000023e+01	2.645370000000000132e+01	2.321872924622033807e+01
2.331500000000000057e+02	2.323000000000000043e+01	3.127799999999999869e+01	3.135480000000000089e+01	2.453225702487522497e+01
2.631499999999999773e+02	6.719999999999999751e+00	1.193999999999999950e+01	1.177069999999999972e+01	1.839744025631393853e+01
2.631499999999999773e+02	9.349999999999999645e+00	1.342200000000000060e+01	1.327420000000000044e+01	1.902899017548438820e+01
2.631499999999999773e+02	1.176999999999999957e+01	1.525000000000000000e+01	1.511989999999999945e+01	1.961011215434084676e+01
2.631499999999999773e+02	1.434999999999999964e+01	1.754599999999999937e+01	1.741339999999999932e+01	2.022965542105557546e+01
2.631499999999999773e+02	1.737999999999999901e+01	2.030799999999999983e+01	2.017099999999999937e+01	2.095725855987171471e+01
2.631499999999999773e+02	2.130000000000000071e+01	2.354700000000000060e+01	2.346059999999999945e+01	2.189858011239953584e+01
2.631499999999999773e+02	2.564000000000000057e+01	2.656800000000000139e+01	2.665530000000000044e+01	2.294075754555532853e+01
2.931499999999999773e+02	7.910000000000000142e+00	1.296599999999999930e+01	1.281559999999999988e+01	1.651297845707467005e+01
2.931499999999999773e+02	1.130000000000000071e+01	1.442800000000000082e+01	1.430240000000000045e+01	1.732702949357194555e+01
2.931499999999999773e+02	1.131000000000000050e+01	1.444200000000000017e+01	1.430739999999999945e+01	1.732943082406308477e+01
2.931499999999999773e+02	1.469999999999999929e+01	1.629299999999999926e+01	1.616939999999999955e+01	1.785518644383833475e+01
2.931499999999999773e+02	1.835000000000000142e+01	1.853500000000000014e+01	1.841479999999999961e+01	1.866322151201010371e+01
2.931499999999999773e+02	2.267999999999999972e+01	2.121099999999999852e+01	2.111820000000000164e+01	1.962179462027962984e+01
2.931499999999999773e+02	2.810999999999999943e+01	2.430399999999999849e+01	2.430580000000000140e+01	2.082388514635433552e+01
2.931499999999999773e+02	2.825000000000000000e+01	2.438200000000000145e+01	2.438410000000000011e+01	2.085487827225681912e+01
3.331499999999999773e+02	4.910000000000000142e+00	1.310599999999999987e+01	1.297320000000000029e+01	1.201659517008632960e+01
3.331499999999999773e+02	9.470000000000000639e+00	1.427899999999999991e+01	1.412030000000000030e+01	1.302608555662421175e+01
3.331499999999999773e+02	1.391000000000000014e+01	1.576800000000000068e+01	1.560319999999999929e+01	1.400901040667425157e+01
3.331499999999999773e+02	1.851999999999999957e+01	1.760800000000000054e+01	1.743609999999999971e+01	1.502956976674873246e+01
3.331499999999999773e+02	2.364999999999999858e+01	1.982900000000000063e+01	1.965520000000000067e+01	1.616524645160385276e+01
3.331499999999999773e+02	2.967000000000000171e+01	2.242800000000000082e+01	2.228280000000000172e+01	1.749795086541043077e+01
3.731499999999999773e+02	5.599999999999999645e+00	1.434600000000000009e+01	1.420299999999999940e+01	8.498060749605594211e+00
3.731499999999999773e+02	1.098000000000000043e+01	1.553100000000000058e+01	1.534140000000000015e+01	9.689082302143704695e+00
3.731499999999999773e+02	1.644000000000000128e+01	1.702799999999999869e+01	1.680679999999999907e+01	1.089781421234037673e+01
3.731499999999999773e+02	1.648000000000000043e+01	1.704700000000000060e+01	1.681850000000000023e+01	1.090666939116965750e+01
3.731499999999999773e+02	2.223000000000000043e+01	1.885399999999999920e+01	1.859990000000000165e+01	1.217960134787860937e+01
3.731499999999999773e+02	2.885000000000000142e+01	2.106700000000000017e+01	2.079309999999999903e+01	1.364513344412439011e+01
3.731499999999999773e+02	2.887999999999999901e+01	2.107900000000000063e+01	2.080310000000000059e+01	1.365177482824633870e+01
4.231499999999999773e+02	6.459999999999999964e+00	1.581199999999999939e+01	1.565859999999999985e+01	4.099339275327841925e+00
4.231499999999999773e+02	1.290000000000000036e+01	1.702299999999999969e+01	1.679530000000000101e+01	5.525023066841865393e+00
4.231499999999999773e+02	2.696000000000000085e+01	2.038400000000000034e+01	2.001490000000000080e+01	8.637618425333663197e+00
4.231499999999999773e+02	1.960000000000000142e+01	1.853399999999999892e+01	1.823620000000000019e+01	7.008265520746204125e+00
4.731499999999999773e+02	1.480000000000000071e+01	1.837900000000000134e+01	1.816809999999999903e+01	1.356536242125383707e+00
4.731499999999999773e+02	2.278999999999999915e+01	1.987199999999999989e+01	1.959840000000000160e+01	3.125358213273992547e+00
4.731499999999999773e+02	7.309999999999999609e+00	1.716499999999999915e+01	1.703559999999999874e+01	-3.015959936572299438e-01
5.231499999999999773e+02	8.289999999999999147e+00	1.848199999999999932e+01	1.836199999999999832e+01	-4.673751931447145402e+00
5.231499999999999773e+02	1.660999999999999943e+01	1.965599999999999881e+01	1.946239999999999881e+01	-2.831874734956977058e+00
5.231499999999999773e+02	2.585999999999999943e+01	2.115399999999999991e+01	2.087659999999999982e+01	-7.841146306860597992e-01
5.231499999999999773e+02	2.596000000000000085e+01	2.117699999999999960e+01	2.089270000000000138e+01	-7.619766836128608611e-01
2.731000000000000227e+02	9.026000000000000512e+01	5.335000000000000142e+01	5.271320000000000050e+01	3.642285148780958792e+01
2.731000000000000227e+02	1.005999999999999943e+02	5.675000000000000000e+01	5.608469999999999800e+01	3.871191521517837941e+01
2.731000000000000227e+02	1.192000000000000028e+02	6.297999999999999687e+01	6.190899999999999892e+01	4.282957337079339766e+01
2.731000000000000227e+02	1.403000000000000114e+02	7.031999999999999318e+01	6.826670000000000016e+01	4.750068020323841722e+01
2.731000000000000227e+02	1.609000000000000057e+02	7.645999999999999375e+01	7.432189999999999941e+01	5.206109730031744931e+01
2.731000000000000227e+02	1.805000000000000000e+02	8.298000000000000398e+01	8.000960000000000605e+01	5.640013492666447092e+01
2.731000000000000227e+02	4.620000000000000107e+00	1.124000000000000021e+01	1.120899999999999963e+01	1.746391361432187139e+01
2.731000000000000227e+02	5.120000000000000107e+00	1.150999999999999979e+01	1.136660000000000004e+01	1.757460334968787663e+01
2.731000000000000227e+02	5.419999999999999929e+00	1.177999999999999936e+01	1.146710000000000029e+01	1.764101719090745846e+01
2.731000000000000227e+02	5.750000000000000000e+00	1.175000000000000000e+01	1.158290000000000042e+01	1.771407241624903151e+01
2.731000000000000227e+02	6.129999999999999893e+00	1.196000000000000085e+01	1.172330000000000005e+01	1.779819661512718199e+01
2.731000000000000227e+02	6.400000000000000355e+00	1.216999999999999993e+01	1.182779999999999987e+01	1.785796907222482233e+01
2.731000000000000227e+02	6.750000000000000000e+00	1.226999999999999957e+01	1.196920000000000073e+01	1.793545188698101711e+01
2.731000000000000227e+02	7.129999999999999893e+00	1.242999999999999972e+01	1.213049999999999962e+01	1.801957608585917825e+01
2.731000000000000227e+02	7.469999999999999751e+00	1.267999999999999972e+01	1.228190000000000026e+01	1.809484510590805328e+01
2.731000000000000227e+02	7.959999999999999964e+00	1.274000000000000021e+01	1.251190000000000069e+01	1.763533228163088395e+01
2.731000000000000227e+02	8.500000000000000000e+00	1.308999999999999986e+01	1.278190000000000026e+01	1.773493317468899377e+01
2.731000000000000227e+02	9.000000000000000000e+00	1.325999999999999979e+01	1.304729999999999990e+01	1.782715622381686771e+01
2.731000000000000227e+02	9.539999999999999147e+00	1.351999999999999957e+01	1.335079999999999956e+01	1.792675711687497753e+01
2.731000000000000227e+02	1.002999999999999936e+01	1.391999999999999993e+01	1.364090000000000025e+01	1.801713570502029782e+01
2.731000000000000227e+02	1.075000000000000000e+01	1.433000000000000007e+01	1.409210000000000029e+01	1.814993689576443714e+01
2.731000000000000227e+02	1.150000000000000000e+01	1.471000000000000085e+01	1.459140000000000015e+01	1.828827146945625515e+01
2.731000000000000227e+02	1.246000000000000085e+01	1.544999999999999929e+01	1.526970000000000027e+01	1.846533972378178134e+01
2.731000000000000227e+02	1.349000000000000021e+01	1.607000000000000028e+01	1.603750000000000142e+01	1.865531920498520435e+01
2.731000000000000227e+02	1.456000000000000050e+01	1.703999999999999915e+01	1.686659999999999826e+01	1.885267653011886679e+01
2.731000000000000227e+02	1.547000000000000064e+01	1.764999999999999858e+01	1.758689999999999998e+01	1.902052247953159991e+01
2.731000000000000227e+02	1.714000000000000057e+01	1.896999999999999886e+01	1.891920000000000002e+01	1.932854746361870824e+01
2.731000000000000227e+02	1.851999999999999957e+01	2.014999999999999858e+01	2.000900000000000034e+01	1.958308307921164726e+01
2.731000000000000227e+02	2.005000000000000071e+01	2.119999999999999929e+01	2.118840000000000146e+01	1.986528560954295131e+01
2.731000000000000227e+02	2.146999999999999886e+01	2.233999999999999986e+01	2.224820000000000064e+01	2.012719906906612266e+01
2.731000000000000227e+02	2.276999999999999957e+01	2.323000000000000043e+01	2.318629999999999924e+01	2.036697899679860768e+01
2.731000000000000227e+02	2.450000000000000000e+01	2.453000000000000114e+01	2.438670000000000115e+01	2.068607074678105917e+01
2.731000000000000227e+02	2.607000000000000028e+01	2.551000000000000156e+01	2.543009999999999948e+01	2.097565112104259200e+01
2.731000000000000227e+02	2.798000000000000043e+01	2.669000000000000128e+01	2.664430000000000121e+01	2.132794316871108720e+01
2.731000000000000227e+02	3.000000000000000000e+01	2.794999999999999929e+01	2.786840000000000117e+01	2.170052428718770798e+01
2.731000000000000227e+02	3.256000000000000227e+01	2.928000000000000114e+01	2.934120000000000061e+01	2.217270629872243148e+01
2.731000000000000227e+02	3.539999999999999858e+01	3.107999999999999829e+01	3.088629999999999853e+01	2.269653321776877775e+01
2.731000000000000227e+02	3.865999999999999659e+01	3.275999999999999801e+01	3.256269999999999953e+01	2.329782749808254749e+01
2.731000000000000227e+02	4.052000000000000313e+01	3.367000000000000171e+01	3.347930000000000206e+01	2.364089724083824251e+01
2.731000000000000227e+02	4.418999999999999773e+01	3.554999999999999716e+01	3.521540000000000248e+01	2.431781442143686434e+01
2.731000000000000227e+02	4.699000000000000199e+01	3.657000000000000028e+01	3.648369999999999891e+01	2.483426349655297471e+01
2.731000000000000227e+02	5.010999999999999943e+01	3.829999999999999716e+01	3.784779999999999944e+01	2.540973532311092598e+01
2.731000000000000227e+02	5.527000000000000313e+01	3.996999999999999886e+01	4.000750000000000028e+01	2.636147719011062307e+01
2.731000000000000227e+02	6.021999999999999886e+01	4.209000000000000341e+01	4.198490000000000322e+01	2.727448537647659421e+01
2.731499999999999773e+02	6.523999999999999488e+01	4.415999999999999659e+01	4.390279999999999916e+01	2.819773413657254935e+01
2.731499999999999773e+02	7.023999999999999488e+01	4.621000000000000085e+01	4.575730000000000075e+01	2.911996462785131357e+01
2.731499999999999773e+02	7.529999999999999716e+01	4.806000000000000227e+01	4.757780000000000342e+01	3.005326188502544582e+01
2.731499999999999773e+02	8.056999999999999318e+01	4.985999999999999943e+01	4.942260000000000275e+01	3.102529282283326495e+01
2.731499999999999773e+02	8.056999999999999318e+01	4.975000000000000000e+01	4.942260000000000275e+01	3.102529282283326495e+01
2.731499999999999773e+02	8.525000000000000000e+01	5.182000000000000028e+01	5.102300000000000324e+01	3.188850056267019539e+01
2.731499999999999773e+02	9.026999999999999602e+01	5.372999999999999687e+01	5.270530000000000115e+01	3.281441997591407755e+01
2.731499999999999773e+02	9.506000000000000227e+01	5.600000000000000000e+01	5.428130000000000166e+01	3.369791678655914069e+01
2.731499999999999773e+02	1.005900000000000034e+02	5.707999999999999829e+01	5.606980000000000075e+01	3.471790370991345753e+01
2.731499999999999773e+02	1.099899999999999949e+02	6.071999999999999886e+01	5.904540000000000077e+01	3.645169703351754720e+01
2.731499999999999773e+02	1.200900000000000034e+02	6.339000000000000057e+01	6.216899999999999693e+01	3.831460262590067600e+01
2.731499999999999773e+02	1.298700000000000045e+02	6.757999999999999829e+01	6.513649999999999807e+01	4.011848546684193906e+01
2.731499999999999773e+02	1.403300000000000125e+02	7.081999999999999318e+01	6.826210000000000377e+01	4.204779165459713397e+01
2.731499999999999773e+02	1.501200000000000045e+02	7.443000000000000682e+01	7.115290000000000248e+01	4.385351895652096488e+01
2.731499999999999773e+02	1.609399999999999977e+02	7.779000000000000625e+01	7.431910000000000593e+01	4.584922573964822590e+01
2.731499999999999773e+02	1.805099999999999909e+02	8.396999999999999886e+01	7.999720000000000653e+01	5.226888744529136943e+01
2.981499999999999773e+02	4.990000000000000213e+00	1.200999999999999979e+01	1.201309999999999967e+01	1.580996818283923133e+01
3.231499999999999773e+02	4.719999999999999751e+00	1.275000000000000000e+01	1.265179999999999971e+01	1.424327187321814847e+01
3.481499999999999773e+02	4.740000000000000213e+00	1.344999999999999929e+01	1.335890000000000022e+01	1.273431447747050527e+01
3.731499999999999773e+02	4.940000000000000391e+00	1.414000000000000057e+01	1.408670000000000044e+01	1.126119502826499996e+01
2.981499999999999773e+02	5.219999999999999751e+00	1.231000000000000050e+01	1.207390000000000008e+01	1.585576111453196724e+01
2.981499999999999773e+02	7.469999999999999751e+00	1.326999999999999957e+01	1.275910000000000011e+01	1.630373544630868210e+01
2.981499999999999773e+02	9.539999999999999147e+00	1.403999999999999915e+01	1.353950000000000031e+01	1.671587183154325729e+01
2.981499999999999773e+02	1.222000000000000064e+01	1.524000000000000021e+01	1.475869999999999926e+01	1.724945903561508231e+01
2.981499999999999773e+02	1.516999999999999993e+01	1.691000000000000014e+01	1.632740000000000080e+01	1.783680315950011419e+01
2.981499999999999773e+02	1.767000000000000171e+01	1.835000000000000142e+01	1.777530000000000143e+01	1.833455241702980487e+01
2.981499999999999773e+02	2.048999999999999844e+01	2.014999999999999858e+01	1.945680000000000121e+01	1.889601357952328442e+01
2.981499999999999773e+02	2.505999999999999872e+01	2.298000000000000043e+01	2.213449999999999918e+01	1.980589922228756095e+01
2.981499999999999773e+02	3.046999999999999886e+01	2.607000000000000028e+01	2.509329999999999927e+01	2.088302861558180368e+01
2.981499999999999773e+02	3.400999999999999801e+01	2.798000000000000043e+01	2.689089999999999847e+01	2.158784156424383127e+01
2.981499999999999773e+02	4.024000000000000199e+01	3.121999999999999886e+01	2.981899999999999906e+01	2.282823271400781451e+01
2.981499999999999773e+02	5.045000000000000284e+01	3.567999999999999972e+01	3.411399999999999721e+01	2.486104068175906079e+01
2.981499999999999773e+02	5.995000000000000284e+01	3.985000000000000142e+01	3.771410000000000196e+01	2.675248786037187188e+01
2.981499999999999773e+02	6.992000000000000171e+01	4.410000000000000142e+01	4.120969999999999800e+01	2.873751189940025697e+01
2.981499999999999773e+02	8.101999999999999602e+01	4.800999999999999801e+01	4.485949999999999704e+01	3.094751860283206213e+01
2.981499999999999773e+02	9.206000000000000227e+01	5.182000000000000028e+01	4.830680000000000263e+01	3.314557932408316532e+01
2.981499999999999773e+02	1.031500000000000057e+02	5.560999999999999943e+01	5.163510000000000133e+01	3.535359503048485408e+01
2.981499999999999773e+02	1.243499999999999943e+02	6.288000000000000256e+01	5.773910000000000053e+01	3.957450873433659666e+01
2.981499999999999773e+02	1.501200000000000045e+02	7.123000000000000398e+01	6.487800000000000011e+01	4.470530808095261222e+01
2.981499999999999773e+02	1.758799999999999955e+02	7.876000000000000512e+01	7.185890000000000555e+01	4.983411643053850071e+01
3.000000000000000000e+02	2.751999999999999957e+01	2.307999999999999829e+01	2.335269999999999868e+01	2.018372697685098416e+01
3.000000000000000000e+02	2.460999999999999943e+01	2.162999999999999901e+01	2.173809999999999931e+01	1.960434684108642500e+01
3.000000000000000000e+02	2.198000000000000043e+01	2.010999999999999943e+01	2.022640000000000171e+01	1.908071462216519620e+01
3.000000000000000000e+02	1.985999999999999943e+01	1.889000000000000057e+01	1.898590000000000089e+01	1.865862325178002834e+01
3.000000000000000000e+02	1.758999999999999986e+01	1.760000000000000142e+01	1.766000000000000014e+01	1.820666692594306468e+01
3.000000000000000000e+02	1.422000000000000064e+01	1.617000000000000171e+01	1.577570000000000050e+01	1.753570092679305503e+01
3.000000000000000000e+02	1.066000000000000014e+01	1.409999999999999964e+01	1.403630000000000067e+01	1.682690598407077331e+01
3.000000000000000000e+02	8.589999999999999858e+00	1.342999999999999972e+01	1.319570000000000043e+01	1.641476959883619102e+01
3.000000000000000000e+02	6.580000000000000071e+00	1.257000000000000028e+01	1.251290000000000013e+01	1.601457919578232492e+01
2.500000000000000000e+02	3.310999999999999943e+01	3.390999999999999659e+01	3.394069999999999965e+01	2.432257309630312037e+01
2.500000000000000000e+02	3.021000000000000085e+01	3.211999999999999744e+01	3.217759999999999820e+01	2.374518395756868827e+01
2.500000000000000000e+02	2.626000000000000156e+01	2.955999999999999872e+01	2.955949999999999989e+01	2.295874013067177799e+01
2.500000000000000000e+02	2.342999999999999972e+01	2.744000000000000128e+01	2.748079999999999856e+01	2.239528797114817138e+01
2.500000000000000000e+02	1.991000000000000014e+01	2.455000000000000071e+01	2.456940000000000168e+01	2.169445701654637659e+01
2.500000000000000000e+02	1.564000000000000057e+01	2.032999999999999829e+01	2.038090000000000046e+01	2.084430128468566679e+01
2.500000000000000000e+02	1.422000000000000064e+01	1.930000000000000071e+01	1.881240000000000023e+01	2.056157970640880350e+01
2.500000000000000000e+02	1.283000000000000007e+01	1.723999999999999844e+01	1.722500000000000142e+01	2.028483111922230009e+01
2.500000000000000000e+02	1.149000000000000021e+01	1.586999999999999922e+01	1.570909999999999940e+01	2.001803751718639290e+01
2.500000000000000000e+02	1.009999999999999964e+01	1.456000000000000050e+01	1.424629999999999974e+01	1.974128892999988594e+01
2.500000000000000000e+02	8.689999999999999503e+00	1.311999999999999922e+01	1.296560000000000024e+01	1.826603932736186309e+01
2.500000000000000000e+02	7.250000000000000000e+00	1.231000000000000050e+01	1.190930000000000000e+01	1.789884980846769835e+01
2.500000000000000000e+02	5.799999999999999822e+00	1.135999999999999943e+01	1.108970000000000056e+01	1.752911036235899189e+01
2.000000000000000000e+02	2.607000000000000028e+01	4.554999999999999716e+01	4.526389999999999958e+01	2.513352297230251153e+01
2.000000000000000000e+02	2.278999999999999915e+01	4.325999999999999801e+01	4.279449999999999932e+01	2.429714684593247043e+01
2.000000000000000000e+02	1.714999999999999858e+01	3.846999999999999886e+01	3.797549999999999670e+01	2.285898789693032995e+01
2.000000000000000000e+02	1.349000000000000021e+01	3.449000000000000199e+01	3.419839999999999947e+01	2.192571453640766777e+01
2.000000000000000000e+02	1.075000000000000000e+01	3.117999999999999972e+01	3.069660000000000011e+01	2.122703447962294732e+01
2.000000000000000000e+02	8.980000000000000426e+00	2.810999999999999943e+01	2.777929999999999922e+01	2.077569736264887368e+01
2.000000000000000000e+02	7.929999999999999716e+00	2.603000000000000114e+01	2.550240000000000151e+01	2.050795500512187886e+01
2.000000000000000000e+02	7.099999999999999645e+00	2.325000000000000000e+01	2.302070000000000149e+01	2.029631104631483396e+01
2.000000000000000000e+02	6.089999999999999858e+00	1.773000000000000043e+01	1.714389999999999858e+01	2.003876839764600959e+01
2.000000000000000000e+02	5.719999999999999751e+00	1.397000000000000064e+01	1.367660000000000053e+01	1.994442109070792313e+01
2.000000000000000000e+02	5.339999999999999858e+00	1.227999999999999936e+01	1.153180000000000049e+01	1.984752385655529849e+01
2.000000000000000000e+02	5.059999999999999609e+00	1.143999999999999950e+01	1.066189999999999927e+01	1.977612589454810177e+01
2.000000000000000000e+02	4.690000000000000391e+00	1.071000000000000085e+01	9.922000000000000597e+00	1.968177858761002952e+01
2.731499999999999773e+02	6.059999999999999609e+00	1.159699999999999953e+01	1.169800000000000040e+01	1.646767467230887760e+01
2.731499999999999773e+02	1.011999999999999922e+01	1.330799999999999983e+01	1.369539999999999935e+01	1.750294512141325143e+01
2.731499999999999773e+02	1.416999999999999993e+01	1.638100000000000023e+01	1.655880000000000152e+01	1.853566564330307642e+01
2.731499999999999773e+02	2.023999999999999844e+01	2.103999999999999915e+01	2.132659999999999911e+01	2.008347146253055726e+01
2.731499999999999773e+02	3.032000000000000028e+01	2.766300000000000026e+01	2.804960000000000164e+01	2.265379809478968554e+01
2.731499999999999773e+02	4.047999999999999687e+01	3.308599999999999852e+01	3.345150000000000290e+01	2.524452414476515827e+01
2.731499999999999773e+02	5.057000000000000028e+01	3.767999999999999972e+01	3.803589999999999804e+01	2.781740070423883182e+01
2.231500000000000057e+02	8.099999999999999645e+00	1.376500000000000057e+01	1.405160000000000053e+01	1.942356997014088904e+01
2.231500000000000057e+02	1.011999999999999922e+01	1.817500000000000071e+01	1.848440000000000083e+01	1.993865526747852712e+01
2.231500000000000057e+02	1.416999999999999993e+01	2.484799999999999898e+01	2.535470000000000113e+01	2.097137578936835922e+01
2.231500000000000057e+02	2.023000000000000043e+01	3.120299999999999940e+01	3.181230000000000047e+01	2.251663168138128768e+01
2.231500000000000057e+02	3.033999999999999986e+01	3.856799999999999784e+01	3.938060000000000116e+01	2.509460809528405534e+01
2.231500000000000057e+02	4.047999999999999687e+01	4.458299999999999841e+01	4.541129999999999711e+01	2.768023429083043396e+01
2.231500000000000057e+02	5.057999999999999829e+01	4.987500000000000000e+01	5.063750000000000284e+01	3.025566077751865635e+01
1.981500000000000057e+02	6.080000000000000071e+00	1.950600000000000023e+01	1.990980000000000061e+01	2.012633974583588525e+01
1.981500000000000057e+02	7.099999999999999645e+00	2.436199999999999832e+01	2.462419999999999831e+01	2.038643232171924780e+01
1.981500000000000057e+02	1.010999999999999943e+01	3.067899999999999849e+01	3.076139999999999830e+01	2.115396041329662680e+01
1.981500000000000057e+02	1.408000000000000007e+01	3.574199999999999733e+01	3.575930000000000319e+01	2.216628151747011444e+01
1.981500000000000057e+02	2.023000000000000043e+01	4.111500000000000199e+01	4.156629999999999825e+01	2.373448675441392552e+01
1.981500000000000057e+02	3.033999999999999986e+01	4.850500000000000256e+01	4.908279999999999887e+01	2.631246316831669319e+01
1.981500000000000057e+02	4.046000000000000085e+01	5.477300000000000324e+01	5.537469999999999715e+01	2.889298950943400257e+01
1.981500000000000057e+02	5.020000000000000284e+01	6.075500000000000256e+01	6.075469999999999970e+01	3.137661861639866956e+01
2.775899999999999750e+02	1.024099999999999966e+02	1.243800000000000061e+01	5.562599999999999767e+01	4.081993232345804756e+01
2.775899999999999750e+02	1.024099999999999966e+02	1.245899999999999963e+01	5.562599999999999767e+01	4.081993232345804756e+01
2.775899999999999750e+02	1.024099999999999966e+02	1.244500000000000028e+01	5.562599999999999767e+01	4.081993232345804756e+01
3.109300000000000068e+02	9.234999999999999432e+01	1.282300000000000040e+01	4.628110000000000213e+01	3.663057402023167697e+01
3.109300000000000068e+02	9.234999999999999432e+01	1.283500000000000085e+01	4.628110000000000213e+01	3.663057402023167697e+01
3.109300000000000068e+02	1.500099999999999909e+02	1.428700000000000081e+01	6.211730000000000018e+01	5.133345433928539592e+01
3.109300000000000068e+02	1.500099999999999909e+02	1.424900000000000055e+01	6.211730000000000018e+01	6.629374161927175635e+01
3.109300000000000068e+02	1.500000000000000000e+02	1.432799999999999940e+01	6.211460000000000292e+01	6.629011458530800383e+01
3.109300000000000068e+02	1.969799999999999898e+02	1.553599999999999959e+01	7.434329999999999927e+01	8.332992014703435757e+01
3.109300000000000068e+02	1.969799999999999898e+02	1.553599999999999959e+01	7.434329999999999927e+01	8.332992014703435757e+01
3.109300000000000068e+02	1.969799999999999898e+02	1.563400000000000034e+01	7.434329999999999927e+01	8.332992014703435757e+01
3.109300000000000068e+02	1.969799999999999898e+02	1.564199999999999946e+01	7.434329999999999927e+01	8.332992014703435757e+01
3.775899999999999750e+02	1.036700000000000017e+02	1.463899999999999935e+01	4.127859999999999729e+01	4.659926819506163298e+01
3.775899999999999750e+02	1.036800000000000068e+02	1.465799999999999947e+01	4.128090000000000259e+01	4.660289522902539261e+01
3.775899999999999750e+02	1.036800000000000068e+02	1.465600000000000058e+01	4.128090000000000259e+01	4.660289522902539261e+01
4.442599999999999909e+02	1.027399999999999949e+02	1.637699999999999889e+01	3.651180000000000092e+01	4.337472293725640071e+01
4.442599999999999909e+02	1.027699999999999960e+02	1.635699999999999932e+01	3.651760000000000161e+01	4.338560403914766539e+01
4.442599999999999909e+02	1.028100000000000023e+02	1.635800000000000054e+01	3.652530000000000143e+01	4.340011217500269680e+01
4.775899999999999750e+02	1.040400000000000063e+02	1.724200000000000088e+01	3.529950000000000188e+01	4.240283833446260076e+01
4.775899999999999750e+02	1.040799999999999983e+02	1.725300000000000011e+01	3.530649999999999977e+01	4.241734647031762506e+01
4.775899999999999750e+02	1.041299999999999955e+02	1.721399999999999864e+01	3.531539999999999679e+01	4.243548164013641610e+01
2.275900000000000034e+02	6.080000000000000071e+00	1.087500000000000000e+01	1.103040000000000020e+01	1.769898891865247137e+01
2.275900000000000034e+02	8.109999999999999432e+00	1.352800000000000047e+01	1.346950000000000003e+01	1.843527681329495493e+01
2.275900000000000034e+02	1.216000000000000014e+01	2.164099999999999824e+01	2.088670000000000115e+01	1.990422556861619441e+01
2.275900000000000034e+02	1.418999999999999950e+01	2.501300000000000168e+01	2.391169999999999973e+01	2.064051346325869574e+01
2.414799999999999898e+02	6.080000000000000071e+00	1.111700000000000088e+01	1.110469999999999935e+01	1.709746439536532847e+01
2.414799999999999898e+02	8.109999999999999432e+00	1.239000000000000057e+01	1.265639999999999965e+01	1.783375229000782980e+01
2.414799999999999898e+02	1.013000000000000078e+01	1.414400000000000013e+01	1.489959999999999951e+01	1.856641315068656439e+01
2.414799999999999898e+02	1.418999999999999950e+01	1.869200000000000017e+01	2.028760000000000119e+01	2.003898893997154929e+01
2.414799999999999898e+02	1.621000000000000085e+01	2.086499999999999844e+01	2.268609999999999971e+01	2.077164980065029809e+01
2.553700000000000045e+02	4.940000000000000391e+00	1.126399999999999935e+01	1.083880000000000088e+01	1.608245800020998928e+01
2.553700000000000045e+02	7.009999999999999787e+00	1.200999999999999979e+01	1.180749999999999922e+01	1.683325403070751847e+01
2.553700000000000045e+02	9.890000000000000568e+00	1.345400000000000063e+01	1.383120000000000083e+01	1.787783981226927210e+01
2.553700000000000045e+02	1.334999999999999964e+01	1.579899999999999949e+01	1.718370000000000175e+01	1.913279356372890305e+01
2.553700000000000045e+02	1.689000000000000057e+01	1.848699999999999832e+01	2.079429999999999978e+01	2.041676358689857906e+01
2.692599999999999909e+02	5.549999999999999822e+00	1.212299999999999933e+01	1.141639999999999944e+01	1.570218254871198482e+01
2.692599999999999909e+02	7.980000000000000426e+00	1.292300000000000004e+01	1.247729999999999961e+01	1.658355180190472211e+01
2.692599999999999909e+02	1.150000000000000000e+01	1.438400000000000034e+01	1.468570000000000064e+01	1.786026775714688242e+01
2.692599999999999909e+02	1.593999999999999950e+01	1.673100000000000165e+01	1.827400000000000091e+01	1.947067083705460888e+01
2.692599999999999909e+02	1.776000000000000156e+01	1.770899999999999963e+01	1.979380000000000095e+01	2.013079101845822549e+01
2.970400000000000205e+02	5.559999999999999609e+00	1.350399999999999956e+01	1.213729999999999976e+01	1.450276053610147109e+01
2.970400000000000205e+02	8.140000000000000568e+00	1.411899999999999977e+01	1.297470000000000034e+01	1.543853529875054420e+01
2.970400000000000205e+02	1.211999999999999922e+01	1.522199999999999953e+01	1.471069999999999922e+01	1.688209481632548403e+01
2.970400000000000205e+02	1.467999999999999972e+01	1.606599999999999895e+01	1.607450000000000045e+01	1.781061551104705742e+01
2.970400000000000205e+02	1.764999999999999858e+01	1.710000000000000142e+01	1.780720000000000169e+01	1.888784459828262996e+01
3.387099999999999795e+02	5.679999999999999716e+00	1.561999999999999922e+01	1.328919999999999924e+01	1.274171137380512597e+01
3.387099999999999795e+02	8.509999999999999787e+00	1.605499999999999972e+01	1.397059999999999924e+01	1.376816198554811166e+01
3.387099999999999795e+02	1.272000000000000064e+01	1.683099999999999952e+01	1.524029999999999951e+01	1.529514328428945014e+01
3.387099999999999795e+02	1.577999999999999936e+01	1.749599999999999866e+01	1.632959999999999923e+01	1.640501567719881848e+01
3.387099999999999795e+02	1.723000000000000043e+01	1.782700000000000173e+01	1.688400000000000034e+01	1.693093560194347091e+01
