# Temperature (K)	Pressure (MPa)	Experimental(uPas)	NIST(uPas)	Model(uPas)
2.929599999999999795e+02	3.400000000000000244e-01	1.092600000000000016e+01	1.093950000000000067e+01	1.291393988470308329e+01
2.970799999999999841e+02	3.400000000000000244e-01	1.106199999999999939e+01	1.107300000000000040e+01	1.287555392117919695e+01
3.238600000000000136e+02	3.400000000000000244e-01	1.191399999999999970e+01	1.192430000000000057e+01	1.262604515827393747e+01
3.505500000000000114e+02	3.400000000000000244e-01	1.273499999999999943e+01	1.274559999999999960e+01	1.237737492369807768e+01
3.781499999999999773e+02	3.400000000000000244e-01	1.356199999999999939e+01	1.356850000000000023e+01	1.212022623601379756e+01
4.058799999999999955e+02	3.400000000000000244e-01	1.436500000000000021e+01	1.437010000000000076e+01	1.186186634074259416e+01
4.338299999999999841e+02	3.400000000000000244e-01	1.514899999999999913e+01	1.515450000000000053e+01	1.160145670955506780e+01
4.618500000000000227e+02	3.400000000000000244e-01	1.591200000000000081e+01	1.591869999999999941e+01	1.134039488966689113e+01
4.901299999999999955e+02	3.400000000000000244e-01	1.666300000000000026e+01	1.666929999999999978e+01	1.107691065460487145e+01
5.188300000000000409e+02	3.400000000000000244e-01	1.739799999999999969e+01	1.741130000000000067e+01	1.080951328733896588e+01
5.426000000000000227e+02	3.400000000000000244e-01	1.799599999999999866e+01	1.801180000000000092e+01	1.058804863856159351e+01
5.653799999999999955e+02	3.400000000000000244e-01	1.856400000000000006e+01	1.857620000000000005e+01	1.037580780140768155e+01
5.940800000000000409e+02	3.400000000000000244e-01	1.926099999999999923e+01	1.927260000000000062e+01	1.010841043414177243e+01
6.233300000000000409e+02	3.400000000000000244e-01	1.995299999999999940e+01	1.996679999999999922e+01	9.835888727085061234e+00
2.919300000000000068e+02	3.400000000000000244e-01	1.089100000000000001e+01	1.090600000000000058e+01	1.292353637558405666e+01
2.964300000000000068e+02	3.400000000000000244e-01	1.102899999999999991e+01	1.105199999999999960e+01	1.288160995911378848e+01
2.890500000000000114e+02	3.400000000000000244e-01	1.081300000000000061e+01	1.081209999999999916e+01	1.295036928212503113e+01
2.965699999999999932e+02	3.400000000000000244e-01	1.104800000000000004e+01	1.105649999999999977e+01	1.288030558171249673e+01
3.234300000000000068e+02	3.400000000000000244e-01	1.188599999999999923e+01	1.191080000000000005e+01	1.263005146029220249e+01
3.506399999999999864e+02	3.400000000000000244e-01	1.272499999999999964e+01	1.274830000000000041e+01	1.237653639536868688e+01
3.782500000000000000e+02	3.400000000000000244e-01	1.355199999999999960e+01	1.357140000000000057e+01	1.211929453787001343e+01
4.060299999999999727e+02	3.400000000000000244e-01	1.435999999999999943e+01	1.437439999999999962e+01	1.186046879352691619e+01
4.340199999999999818e+02	3.400000000000000244e-01	1.514100000000000001e+01	1.515970000000000084e+01	1.159968648308188399e+01
4.617500000000000000e+02	3.400000000000000244e-01	1.590099999999999980e+01	1.591600000000000037e+01	1.134132658781067171e+01
4.901499999999999773e+02	3.400000000000000244e-01	1.664900000000000091e+01	1.666979999999999862e+01	1.107672431497611854e+01
5.187999999999999545e+02	3.400000000000000244e-01	1.740299999999999869e+01	1.741049999999999898e+01	1.080979279678210148e+01
5.423600000000000136e+02	3.400000000000000244e-01	1.798100000000000165e+01	1.800580000000000069e+01	1.059028471410666938e+01
5.651000000000000227e+02	3.400000000000000244e-01	1.854400000000000048e+01	1.856929999999999836e+01	1.037841655621026860e+01
5.938400000000000318e+02	3.400000000000000244e-01	1.923900000000000077e+01	1.926689999999999969e+01	1.011064650968685719e+01
6.230499999999999545e+02	3.400000000000000244e-01	1.993400000000000105e+01	1.996020000000000039e+01	9.838497481887650054e+00
2.904100000000000250e+02	3.400000000000000244e-01	1.083300000000000018e+01	1.085650000000000048e+01	1.293769818736957156e+01
2.107599999999999909e+02	0.000000000000000000e+00	8.080000000000000071e+00	8.075350000000000250e+00	1.360926068249883159e+01
2.258100000000000023e+02	0.000000000000000000e+00	8.621999999999999886e+00	8.613369999999999749e+00	1.357909307973226909e+01
2.482500000000000000e+02	0.000000000000000000e+00	9.407999999999999474e+00	9.397270000000000678e+00	1.353411228198596739e+01
2.731600000000000250e+02	0.000000000000000000e+00	1.025399999999999956e+01	1.024189999999999934e+01	1.348418038930057783e+01
2.981399999999999864e+02	0.000000000000000000e+00	1.107499999999999929e+01	1.106259999999999977e+01	1.343410818218372071e+01
2.981499999999999773e+02	0.000000000000000000e+00	1.107300000000000040e+01	1.106290000000000084e+01	1.343408813726493989e+01
2.981499999999999773e+02	0.000000000000000000e+00	1.107499999999999929e+01	1.106290000000000084e+01	1.343408813726493989e+01
3.132200000000000273e+02	0.000000000000000000e+00	1.155700000000000038e+01	1.154579999999999984e+01	1.340388044466081041e+01
3.315500000000000114e+02	0.000000000000000000e+00	1.213199999999999967e+01	1.212139999999999951e+01	1.336713810853382434e+01
3.525699999999999932e+02	0.000000000000000000e+00	1.277500000000000036e+01	1.276600000000000001e+01	1.332500368925454559e+01
3.711899999999999977e+02	0.000000000000000000e+00	1.332900000000000063e+01	1.332399999999999984e+01	1.328768005048288181e+01
3.915400000000000205e+02	0.000000000000000000e+00	1.392300000000000004e+01	1.392050000000000054e+01	1.324688864076198591e+01
3.915500000000000114e+02	0.000000000000000000e+00	1.392300000000000004e+01	1.392079999999999984e+01	1.324686859584320864e+01
2.107599999999999909e+02	1.000000000000000056e-01	8.067000000000000171e+00	8.088309999999999889e+00	1.359247846109944469e+01
2.258100000000000023e+02	1.000000000000000056e-01	8.608999999999999986e+00	8.626689999999999969e+00	1.356231085833288219e+01
2.482500000000000000e+02	1.000000000000000056e-01	9.394999999999999574e+00	9.410709999999999908e+00	1.351733006058658049e+01
2.731600000000000250e+02	1.000000000000000056e-01	1.024200000000000088e+01	1.025510000000000055e+01	1.346739816790119271e+01
2.981399999999999864e+02	1.000000000000000056e-01	1.106400000000000006e+01	1.107549999999999990e+01	1.341732596078433204e+01
2.981499999999999773e+02	1.000000000000000056e-01	1.106099999999999994e+01	1.107579999999999920e+01	1.341730591586554944e+01
2.981499999999999773e+02	1.000000000000000056e-01	1.106400000000000006e+01	1.107579999999999920e+01	1.341730591586554944e+01
3.132200000000000273e+02	1.000000000000000056e-01	1.154599999999999937e+01	1.155840000000000067e+01	1.338709822326142351e+01
3.315500000000000114e+02	1.000000000000000056e-01	1.212100000000000044e+01	1.213359999999999950e+01	1.335035588713443566e+01
3.525699999999999932e+02	1.000000000000000056e-01	1.276399999999999935e+01	1.277779999999999916e+01	1.330822146785515336e+01
3.711899999999999977e+02	1.000000000000000056e-01	1.331900000000000084e+01	1.333539999999999992e+01	1.327089782908348958e+01
3.915400000000000205e+02	1.000000000000000056e-01	1.391399999999999970e+01	1.393159999999999954e+01	1.323010641936259546e+01
3.915500000000000114e+02	1.000000000000000056e-01	1.391399999999999970e+01	1.393190000000000062e+01	1.323008637444382174e+01
2.600000000000000000e+02	1.000000000000000056e-01	9.814999999999999503e+00	9.812369999999999592e+00	1.349377728101801033e+01
2.600000000000000000e+02	2.000000000000000111e-01	9.836000000000000298e+00	9.826060000000000016e+00	1.347699505961862698e+01
2.600000000000000000e+02	2.999999999999999889e-01	9.851000000000000867e+00	9.840099999999999625e+00	1.346021283821924186e+01
2.600000000000000000e+02	4.000000000000000222e-01	9.865000000000000213e+00	9.854469999999999175e+00	1.344343061681985851e+01
2.600000000000000000e+02	5.000000000000000000e-01	9.878999999999999559e+00	9.869180000000000064e+00	1.342664839542046806e+01
2.600000000000000000e+02	5.999999999999999778e-01	9.896000000000000796e+00	9.884249999999999758e+00	1.342439868565244510e+01
2.600000000000000000e+02	6.999999999999999556e-01	9.906000000000000583e+00	9.899660000000000792e+00	1.341376824659334410e+01
2.600000000000000000e+02	8.000000000000000444e-01	9.923999999999999488e+00	9.915440000000000254e+00	1.340313780753423778e+01
2.600000000000000000e+02	9.000000000000000222e-01	9.939000000000000057e+00	9.931580000000000297e+00	1.339250736847513323e+01
2.600000000000000000e+02	1.000000000000000000e+00	9.954000000000000625e+00	9.948090000000000543e+00	1.338187692941603046e+01
2.600000000000000000e+02	1.250000000000000000e+00	1.000000000000000000e+01	9.990999999999999659e+00	1.335530083176826999e+01
2.600000000000000000e+02	1.500000000000000000e+00	1.004199999999999982e+01	1.003630000000000067e+01	1.332872473412051306e+01
2.600000000000000000e+02	1.750000000000000000e+00	1.008799999999999919e+01	1.008419999999999916e+01	1.330214863647275081e+01
2.600000000000000000e+02	2.000000000000000000e+00	1.013499999999999979e+01	1.013460000000000072e+01	1.327557253882499744e+01
2.600000000000000000e+02	2.259999999999999787e+00	1.019599999999999973e+01	1.018989999999999974e+01	1.324793339727132668e+01
2.600000000000000000e+02	2.500000000000000000e+00	1.024900000000000055e+01	1.024370000000000047e+01	1.322242034352947293e+01
2.600000000000000000e+02	2.729999999999999982e+00	1.030199999999999960e+01	1.029770000000000074e+01	1.319797033369353834e+01
2.600000000000000000e+02	2.990000000000000213e+00	1.036200000000000010e+01	1.036180000000000057e+01	1.317033119213986225e+01
2.600000000000000000e+02	3.250000000000000000e+00	1.042900000000000027e+01	1.042919999999999980e+01	1.314269205058619683e+01
2.600000000000000000e+02	3.479999999999999982e+00	1.049900000000000055e+01	1.049179999999999957e+01	1.311824204075025335e+01
2.600000000000000000e+02	3.740000000000000213e+00	1.056799999999999962e+01	1.056589999999999918e+01	1.309060289919658615e+01
2.600000000000000000e+02	3.990000000000000213e+00	1.064199999999999946e+01	1.064080000000000048e+01	1.306402680154882390e+01
2.600000000000000000e+02	4.259999999999999787e+00	1.073300000000000054e+01	1.072560000000000002e+01	1.303532461608924464e+01
2.600000000000000000e+02	4.480000000000000426e+00	1.080700000000000038e+01	1.079790000000000028e+01	1.301193765015921322e+01
2.800000000000000000e+02	1.000000000000000056e-01	1.048399999999999999e+01	1.048230000000000040e+01	1.343460623244671837e+01
2.800000000000000000e+02	2.000000000000000111e-01	1.050399999999999956e+01	1.049569999999999936e+01	1.342397579338761560e+01
2.800000000000000000e+02	2.999999999999999889e-01	1.051900000000000013e+01	1.050939999999999941e+01	1.341334535432850750e+01
2.800000000000000000e+02	4.000000000000000222e-01	1.053599999999999959e+01	1.052330000000000076e+01	1.340271491526941006e+01
2.800000000000000000e+02	5.000000000000000000e-01	1.054700000000000060e+01	1.053759999999999941e+01	1.339208447621030196e+01
2.800000000000000000e+02	5.999999999999999778e-01	1.056400000000000006e+01	1.055209999999999937e+01	1.338145403715119919e+01
2.800000000000000000e+02	6.999999999999999556e-01	1.057399999999999984e+01	1.056690000000000040e+01	1.337082359809209642e+01
2.800000000000000000e+02	8.000000000000000444e-01	1.058900000000000041e+01	1.058200000000000074e+01	1.336019315903299187e+01
2.800000000000000000e+02	9.000000000000000222e-01	1.060399999999999920e+01	1.059730000000000061e+01	1.334956271997388733e+01
2.800000000000000000e+02	1.000000000000000000e+00	1.061899999999999977e+01	1.061299999999999955e+01	1.333893228091478456e+01
2.800000000000000000e+02	1.239999999999999991e+00	1.065600000000000058e+01	1.065179999999999971e+01	1.331341922717293258e+01
2.800000000000000000e+02	1.500000000000000000e+00	1.069899999999999984e+01	1.069570000000000043e+01	1.328578008561926715e+01
2.800000000000000000e+02	1.750000000000000000e+00	1.074200000000000088e+01	1.074000000000000021e+01	1.310822929979477891e+01
2.800000000000000000e+02	1.989999999999999991e+00	1.078899999999999970e+01	1.078439999999999976e+01	1.308400995733020444e+01
2.800000000000000000e+02	2.229999999999999982e+00	1.083200000000000074e+01	1.083060000000000045e+01	1.305979061486562642e+01
2.800000000000000000e+02	2.500000000000000000e+00	1.088700000000000045e+01	1.088490000000000002e+01	1.303254385459297815e+01
2.800000000000000000e+02	2.740000000000000213e+00	1.093900000000000006e+01	1.093529999999999980e+01	1.300832451212840013e+01
2.800000000000000000e+02	3.000000000000000000e+00	1.099000000000000021e+01	1.099210000000000065e+01	1.298208689112511394e+01
2.800000000000000000e+02	3.250000000000000000e+00	1.104800000000000004e+01	1.104909999999999926e+01	1.295685840939117917e+01
3.000000000000000000e+02	1.000000000000000056e-01	1.114199999999999946e+01	1.113550000000000040e+01	1.325007217332784393e+01
3.000000000000000000e+02	2.000000000000000111e-01	1.116099999999999959e+01	1.114860000000000007e+01	1.323998078063427641e+01
3.000000000000000000e+02	2.999999999999999889e-01	1.117300000000000004e+01	1.116179999999999950e+01	1.322988938794070002e+01
3.000000000000000000e+02	4.000000000000000222e-01	1.118999999999999950e+01	1.117530000000000001e+01	1.321979799524712718e+01
3.000000000000000000e+02	5.000000000000000000e-01	1.120400000000000063e+01	1.118900000000000006e+01	1.320970660255354900e+01
3.000000000000000000e+02	5.999999999999999778e-01	1.121599999999999930e+01	1.120289999999999964e+01	1.319961520985997616e+01
3.000000000000000000e+02	6.999999999999999556e-01	1.122799999999999976e+01	1.121710000000000029e+01	1.318952381716640510e+01
3.000000000000000000e+02	8.000000000000000444e-01	1.123799999999999955e+01	1.123150000000000048e+01	1.317943242447283403e+01
3.000000000000000000e+02	9.000000000000000222e-01	1.125300000000000011e+01	1.124610000000000021e+01	1.316934103177925941e+01
3.000000000000000000e+02	1.000000000000000000e+00	1.126800000000000068e+01	1.126099999999999923e+01	1.315924963908568301e+01
3.000000000000000000e+02	1.250000000000000000e+00	1.130599999999999916e+01	1.129920000000000080e+01	1.313402115735174824e+01
3.000000000000000000e+02	1.489999999999999991e+00	1.134200000000000053e+01	1.133719999999999928e+01	1.310980181488718088e+01
3.000000000000000000e+02	1.750000000000000000e+00	1.138299999999999912e+01	1.138010000000000055e+01	1.308356419388388758e+01
3.000000000000000000e+02	2.000000000000000000e+00	1.142399999999999949e+01	1.142290000000000028e+01	1.305833571214995104e+01
3.000000000000000000e+02	2.250000000000000000e+00	1.146799999999999997e+01	1.146720000000000006e+01	1.303310723041602337e+01
3.000000000000000000e+02	2.490000000000000213e+00	1.151099999999999923e+01	1.151130000000000031e+01	1.300888788795144535e+01
3.000000000000000000e+02	2.740000000000000213e+00	1.155799999999999983e+01	1.155889999999999951e+01	1.298365940621750880e+01
3.000000000000000000e+02	2.990000000000000213e+00	1.160500000000000043e+01	1.160810000000000031e+01	1.295843092448357226e+01
3.000000000000000000e+02	3.250000000000000000e+00	1.165700000000000003e+01	1.166099999999999959e+01	1.293219330348028784e+01
3.000000000000000000e+02	3.500000000000000000e+00	1.171100000000000030e+01	1.171369999999999933e+01	1.290696482174635307e+01
3.000000000000000000e+02	3.750000000000000000e+00	1.176699999999999946e+01	1.176810000000000045e+01	1.288173634001242185e+01
3.000000000000000000e+02	3.990000000000000213e+00	1.182000000000000028e+01	1.182199999999999918e+01	1.285751699754784738e+01
3.000000000000000000e+02	4.250000000000000000e+00	1.187899999999999956e+01	1.188219999999999921e+01	1.283127937654455764e+01
3.000000000000000000e+02	4.500000000000000000e+00	1.193900000000000006e+01	1.194200000000000017e+01	1.280605089481062819e+01
3.200000000000000000e+02	1.000000000000000056e-01	1.177299999999999969e+01	1.177270000000000039e+01	1.315944849144661788e+01
3.200000000000000000e+02	2.000000000000000111e-01	1.179499999999999993e+01	1.178529999999999944e+01	1.314756016676212802e+01
3.200000000000000000e+02	2.999999999999999889e-01	1.180899999999999928e+01	1.179809999999999981e+01	1.313567184207763816e+01
3.200000000000000000e+02	4.000000000000000222e-01	1.182099999999999973e+01	1.181109999999999971e+01	1.312378351739315185e+01
3.200000000000000000e+02	5.000000000000000000e-01	1.183500000000000085e+01	1.182429999999999914e+01	1.311189519270866199e+01
3.200000000000000000e+02	5.999999999999999778e-01	1.184600000000000009e+01	1.183760000000000012e+01	1.310000686802417036e+01
3.200000000000000000e+02	6.999999999999999556e-01	1.185899999999999999e+01	1.185120000000000040e+01	1.308811854333968583e+01
3.200000000000000000e+02	8.000000000000000444e-01	1.187100000000000044e+01	1.186500000000000021e+01	1.307623021865519064e+01
3.200000000000000000e+02	9.000000000000000222e-01	1.188199999999999967e+01	1.187889999999999979e+01	1.306434189397070256e+01
3.200000000000000000e+02	1.000000000000000000e+00	1.189799999999999969e+01	1.189300000000000068e+01	1.305245356928621447e+01
3.200000000000000000e+02	1.250000000000000000e+00	1.193200000000000038e+01	1.192919999999999980e+01	1.302273275757498894e+01
3.200000000000000000e+02	1.500000000000000000e+00	1.196700000000000053e+01	1.196659999999999968e+01	1.299301194586376340e+01
3.200000000000000000e+02	1.750000000000000000e+00	1.200300000000000011e+01	1.200520000000000032e+01	1.296329113415253964e+01
3.200000000000000000e+02	2.000000000000000000e+00	1.204400000000000048e+01	1.204499999999999993e+01	1.293357032244131943e+01
3.200000000000000000e+02	2.250000000000000000e+00	1.208399999999999963e+01	1.208610000000000007e+01	1.290384951073009034e+01
3.200000000000000000e+02	2.490000000000000213e+00	1.212299999999999933e+01	1.212679999999999936e+01	1.287531753148731717e+01
3.200000000000000000e+02	2.740000000000000213e+00	1.216699999999999982e+01	1.217040000000000077e+01	1.284559671977609518e+01
3.200000000000000000e+02	3.000000000000000000e+00	1.221000000000000085e+01	1.221710000000000029e+01	1.281468707559642262e+01
3.200000000000000000e+02	3.259999999999999787e+00	1.225999999999999979e+01	1.226529999999999987e+01	1.278377743141674472e+01
3.200000000000000000e+02	3.490000000000000213e+00	1.230300000000000082e+01	1.230899999999999928e+01	1.275643428464242035e+01
3.200000000000000000e+02	3.759999999999999787e+00	1.235299999999999976e+01	1.236190000000000033e+01	1.272433580799430430e+01
3.200000000000000000e+02	4.009999999999999787e+00	1.240600000000000058e+01	1.241220000000000034e+01	1.269461499628307521e+01
3.200000000000000000e+02	4.250000000000000000e+00	1.245500000000000007e+01	1.246189999999999998e+01	1.266608301704029849e+01
3.200000000000000000e+02	4.509999999999999787e+00	1.251299999999999990e+01	1.251699999999999946e+01	1.263517337286062414e+01
3.400000000000000000e+02	1.000000000000000056e-01	1.240199999999999925e+01	1.239450000000000074e+01	1.314176931276701765e+01
3.400000000000000000e+02	2.000000000000000111e-01	1.242099999999999937e+01	1.240670000000000073e+01	1.312988098808252779e+01
3.400000000000000000e+02	2.999999999999999889e-01	1.243900000000000006e+01	1.241910000000000025e+01	1.311799266339803793e+01
3.400000000000000000e+02	4.000000000000000222e-01	1.245199999999999996e+01	1.243159999999999954e+01	1.310610433871355163e+01
3.400000000000000000e+02	5.000000000000000000e-01	1.246100000000000030e+01	1.244430000000000014e+01	1.309421601402906177e+01
3.400000000000000000e+02	5.999999999999999778e-01	1.247199999999999953e+01	1.245710000000000051e+01	1.308232768934457013e+01
3.400000000000000000e+02	6.999999999999999556e-01	1.248399999999999999e+01	1.247010000000000041e+01	1.307043936466008738e+01
3.400000000000000000e+02	8.000000000000000444e-01	1.249600000000000044e+01	1.248320000000000007e+01	1.296388695746082043e+01
3.400000000000000000e+02	9.100000000000000311e-01	1.250900000000000034e+01	1.249779999999999980e+01	1.295141276980789513e+01
3.400000000000000000e+02	1.000000000000000000e+00	1.252100000000000080e+01	1.250999999999999979e+01	1.294120661627368030e+01
3.400000000000000000e+02	1.260000000000000009e+00	1.255799999999999983e+01	1.254570000000000007e+01	1.291172217273040523e+01
3.400000000000000000e+02	1.489999999999999991e+00	1.258399999999999963e+01	1.257820000000000071e+01	1.288563978036520474e+01
3.400000000000000000e+02	1.750000000000000000e+00	1.261599999999999966e+01	1.261589999999999989e+01	1.285615533682192613e+01
3.400000000000000000e+02	1.989999999999999991e+00	1.265399999999999991e+01	1.265179999999999971e+01	1.282893892739736508e+01
3.400000000000000000e+02	2.250000000000000000e+00	1.268999999999999950e+01	1.269159999999999933e+01	1.279945448385409001e+01
3.400000000000000000e+02	2.500000000000000000e+00	1.272799999999999976e+01	1.273099999999999987e+01	1.277110405737017196e+01
3.400000000000000000e+02	2.750000000000000000e+00	1.276299999999999990e+01	1.277139999999999986e+01	1.274275363088625035e+01
3.400000000000000000e+02	3.000000000000000000e+00	1.280400000000000027e+01	1.281290000000000084e+01	1.271440320440232874e+01
3.400000000000000000e+02	3.240000000000000213e+00	1.284399999999999942e+01	1.285360000000000014e+01	1.268718679497776769e+01
3.400000000000000000e+02	3.509999999999999787e+00	1.289000000000000057e+01	1.290070000000000050e+01	1.265656833437513384e+01
3.400000000000000000e+02	3.750000000000000000e+00	1.293200000000000038e+01	1.294350000000000023e+01	1.262935192495057457e+01
3.400000000000000000e+02	4.000000000000000000e+00	1.297799999999999976e+01	1.298920000000000030e+01	1.260100149846665474e+01
3.400000000000000000e+02	4.250000000000000000e+00	1.302599999999999980e+01	1.303589999999999982e+01	1.257265107198273668e+01
3.400000000000000000e+02	4.490000000000000213e+00	1.306900000000000084e+01	1.308179999999999943e+01	1.254543466255817208e+01
3.600000000000000000e+02	1.000000000000000056e-01	1.299499999999999922e+01	1.300169999999999959e+01	1.302411235288419178e+01
3.600000000000000000e+02	2.000000000000000111e-01	1.301800000000000068e+01	1.301350000000000051e+01	1.301277218229061816e+01
3.600000000000000000e+02	2.999999999999999889e-01	1.303200000000000003e+01	1.302549999999999919e+01	1.300143201169705165e+01
3.600000000000000000e+02	4.000000000000000222e-01	1.304400000000000048e+01	1.303749999999999964e+01	1.299009184110348514e+01
3.600000000000000000e+02	5.000000000000000000e-01	1.305799999999999983e+01	1.304969999999999963e+01	1.297875167050991685e+01
3.600000000000000000e+02	5.999999999999999778e-01	1.306700000000000017e+01	1.306199999999999939e+01	1.296741149991635211e+01
3.600000000000000000e+02	6.999999999999999556e-01	1.307900000000000063e+01	1.307450000000000045e+01	1.295607132932278382e+01
3.600000000000000000e+02	8.000000000000000444e-01	1.309200000000000053e+01	1.308709999999999951e+01	1.294473115872921909e+01
3.600000000000000000e+02	9.000000000000000222e-01	1.309999999999999964e+01	1.309980000000000011e+01	1.293339098813564902e+01
3.600000000000000000e+02	1.000000000000000000e+00	1.311400000000000077e+01	1.311260000000000048e+01	1.292205081754207718e+01
3.600000000000000000e+02	1.250000000000000000e+00	1.314499999999999957e+01	1.314530000000000065e+01	1.289370039105816268e+01
3.600000000000000000e+02	1.500000000000000000e+00	1.317600000000000016e+01	1.317880000000000074e+01	1.286534996457423929e+01
3.600000000000000000e+02	1.750000000000000000e+00	1.320700000000000074e+01	1.321310000000000073e+01	1.283699953809031946e+01
3.600000000000000000e+02	2.000000000000000000e+00	1.323799999999999955e+01	1.324830000000000041e+01	1.280864911160640141e+01
3.600000000000000000e+02	2.250000000000000000e+00	1.327500000000000036e+01	1.328420000000000023e+01	1.276795821670248188e+01
3.600000000000000000e+02	2.500000000000000000e+00	1.331000000000000050e+01	1.332109999999999950e+01	1.274054217237088693e+01
3.600000000000000000e+02	2.740000000000000213e+00	1.333999999999999986e+01	1.335720000000000063e+01	1.271422276981255450e+01
3.600000000000000000e+02	3.000000000000000000e+00	1.337700000000000067e+01	1.339729999999999954e+01	1.268571008370769526e+01
3.600000000000000000e+02	3.250000000000000000e+00	1.341600000000000037e+01	1.343660000000000032e+01	1.265829403937610387e+01
3.600000000000000000e+02	3.500000000000000000e+00	1.345400000000000063e+01	1.347690000000000055e+01	1.263087799504451070e+01
3.600000000000000000e+02	3.750000000000000000e+00	1.349600000000000044e+01	1.351789999999999914e+01	1.260346195071291575e+01
3.600000000000000000e+02	4.000000000000000000e+00	1.353899999999999970e+01	1.355990000000000073e+01	1.257604590638131903e+01
3.600000000000000000e+02	4.250000000000000000e+00	1.358000000000000007e+01	1.360260000000000069e+01	1.254862986204972231e+01
3.600000000000000000e+02	4.500000000000000000e+00	1.362400000000000055e+01	1.364630000000000010e+01	1.252121381771813091e+01
2.331500000000000057e+02	1.300000000000000044e-01	8.941000000000000725e+00	8.889709999999999113e+00	1.328445380652575558e+01
2.331500000000000057e+02	3.149999999999999911e+00	9.743000000000000327e+00	9.557660000000000267e+00	1.295326799100010007e+01
2.631499999999999773e+02	1.300000000000000044e-01	9.968999999999999417e+00	9.923090000000000188e+00	1.321728608073354927e+01
2.631499999999999773e+02	3.689999999999999947e+00	1.079800000000000004e+01	1.064649999999999963e+01	1.282688160945164846e+01
2.931499999999999773e+02	1.499999999999999944e-01	1.097899999999999920e+01	1.092019999999999946e+01	1.314792507139483035e+01
2.931499999999999773e+02	1.600000000000000033e-01	1.097700000000000031e+01	1.092149999999999999e+01	1.314682842962156428e+01
2.931499999999999773e+02	4.219999999999999751e+00	1.180700000000000038e+01	1.167559999999999931e+01	1.270159186967647713e+01
3.331499999999999773e+02	1.700000000000000122e-01	1.226099999999999923e+01	1.219180000000000064e+01	1.305617482012536179e+01
3.731499999999999773e+02	1.900000000000000022e-01	1.347899999999999920e+01	1.340380000000000038e+01	1.296442456885589678e+01
3.731499999999999773e+02	2.000000000000000111e-01	1.348199999999999932e+01	1.340499999999999936e+01	1.296332792708263426e+01
4.231499999999999773e+02	2.099999999999999922e-01	1.490099999999999980e+01	1.484350000000000058e+01	1.285028507565571765e+01
4.731499999999999773e+02	2.300000000000000100e-01	1.628000000000000114e+01	1.621020000000000039e+01	1.273614558245551898e+01
5.231499999999999773e+02	2.600000000000000089e-01	1.757700000000000173e+01	1.751409999999999911e+01	1.262090944748206311e+01
5.231499999999999773e+02	2.700000000000000178e-01	1.758999999999999986e+01	1.751500000000000057e+01	1.261981280570879704e+01
2.731000000000000227e+02	1.060000000000000053e+00	1.052999999999999936e+01	1.039530000000000065e+01	1.309302110009895337e+01
2.731000000000000227e+02	1.429999999999999938e+00	1.058000000000000007e+01	1.045780000000000065e+01	1.305244535448819221e+01
2.731000000000000227e+02	1.810000000000000053e+00	1.058999999999999986e+01	1.052679999999999971e+01	1.301077296710416675e+01
2.731000000000000227e+02	2.609999999999999876e+00	1.082000000000000028e+01	1.068880000000000052e+01	1.292304162524306399e+01
2.731000000000000227e+02	3.009999999999999787e+00	1.078999999999999915e+01	1.077890000000000015e+01	1.287917595431251172e+01
2.731000000000000227e+02	3.569999999999999840e+00	1.100000000000000000e+01	1.091580000000000084e+01	1.281776401500974139e+01
2.731000000000000227e+02	4.240000000000000213e+00	1.116000000000000014e+01	1.109720000000000084e+01	1.274428901620106913e+01
2.981499999999999773e+02	1.000000000000000056e-01	1.117999999999999972e+01	1.107579999999999920e+01	1.317203084272833102e+01
2.981499999999999773e+02	1.199999999999999956e-01	1.118999999999999950e+01	1.107840000000000025e+01	1.316968251845994331e+01
2.981499999999999773e+02	1.700000000000000122e-01	1.118999999999999950e+01	1.108489999999999931e+01	1.316381170778896070e+01
2.981499999999999773e+02	2.899999999999999800e-01	1.118999999999999950e+01	1.110079999999999956e+01	1.314972176217860600e+01
2.981499999999999773e+02	5.000000000000000000e-01	1.123000000000000043e+01	1.112940000000000040e+01	1.312506435736048083e+01
2.981499999999999773e+02	1.020000000000000018e+00	1.130000000000000071e+01	1.120470000000000077e+01	1.306400792638226882e+01
2.981499999999999773e+02	1.510000000000000009e+00	1.133000000000000007e+01	1.128170000000000073e+01	1.300647398180664815e+01
2.981499999999999773e+02	2.029999999999999805e+00	1.141000000000000014e+01	1.136989999999999945e+01	1.294541755082843970e+01
2.981499999999999773e+02	2.520000000000000018e+00	1.152999999999999936e+01	1.145940000000000047e+01	1.288788360625281726e+01
2.981499999999999773e+02	3.000000000000000000e+00	1.158999999999999986e+01	1.155330000000000013e+01	1.283152382381138601e+01
2.981499999999999773e+02	3.529999999999999805e+00	1.171000000000000085e+01	1.166450000000000031e+01	1.276929323069898103e+01
2.981499999999999773e+02	4.019999999999999574e+00	1.182000000000000028e+01	1.177439999999999998e+01	1.271175928612335859e+01
3.231499999999999773e+02	1.000000000000000056e-01	1.198000000000000043e+01	1.187160000000000082e+01	1.314473434166992050e+01
3.231499999999999773e+02	5.200000000000000178e-01	1.202999999999999936e+01	1.192559999999999931e+01	1.309541953203367548e+01
3.231499999999999773e+02	9.699999999999999734e-01	1.208000000000000007e+01	1.198690000000000033e+01	1.304258223599483735e+01
3.231499999999999773e+02	1.969999999999999973e+00	1.223000000000000043e+01	1.213690000000000069e+01	1.292516602257519409e+01
3.231499999999999773e+02	3.520000000000000018e+00	1.250999999999999979e+01	1.240799999999999947e+01	1.274317089177475992e+01
3.481499999999999773e+02	1.000000000000000056e-01	1.278999999999999915e+01	1.264370000000000083e+01	1.311743784061152240e+01
3.481499999999999773e+02	5.200000000000000178e-01	1.283000000000000007e+01	1.269519999999999982e+01	1.306812303097527561e+01
3.481499999999999773e+02	1.540000000000000036e+00	1.293999999999999950e+01	1.283099999999999952e+01	1.294835849328724642e+01
3.481499999999999773e+02	2.600000000000000089e+00	1.309999999999999964e+01	1.298850000000000016e+01	1.282389730706242936e+01
3.481499999999999773e+02	3.580000000000000071e+00	1.326999999999999957e+01	1.314930000000000021e+01	1.270882941791118625e+01
3.731499999999999773e+02	1.000000000000000056e-01	1.350999999999999979e+01	1.339339999999999975e+01	1.309014133955312253e+01
3.731499999999999773e+02	5.200000000000000178e-01	1.356000000000000050e+01	1.344270000000000032e+01	1.304082652991687752e+01
3.731499999999999773e+02	1.010000000000000009e+00	1.358000000000000007e+01	1.350270000000000081e+01	1.298329258534125508e+01
3.731499999999999773e+02	2.029999999999999805e+00	1.372000000000000064e+01	1.363659999999999961e+01	1.286352804765322766e+01
3.731499999999999773e+02	2.939999999999999947e+00	1.383999999999999986e+01	1.376650000000000063e+01	1.275667929344135487e+01
3.731499999999999773e+02	4.089999999999999858e+00	1.400000000000000000e+01	1.394480000000000075e+01	1.262165064800877268e+01
2.981499999999999773e+02	1.100000000000000006e-01	1.105000000000000071e+01	1.107709999999999972e+01	1.317085668059413628e+01
2.981499999999999773e+02	9.699999999999999734e-01	1.103999999999999915e+01	1.119720000000000049e+01	1.306987873705325143e+01
2.981499999999999773e+02	3.209999999999999964e+00	1.155000000000000071e+01	1.159639999999999915e+01	1.280686641899326794e+01
3.000000000000000000e+02	4.459999999999999964e+00	1.213000000000000078e+01	1.193229999999999968e+01	1.185398969856007767e+01
3.000000000000000000e+02	2.350000000000000089e+00	1.166999999999999993e+01	1.148540000000000028e+01	1.185398969856007767e+01
2.500000000000000000e+02	4.509999999999999787e+00	1.083999999999999986e+01	1.053369999999999962e+01	1.119947774128160134e+01
2.500000000000000000e+02	3.040000000000000036e+00	1.057000000000000028e+01	1.005819999999999936e+01	1.119947774128160134e+01
2.000000000000000000e+02	4.179999999999999716e+00	1.006000000000000050e+01	9.272930000000000561e+00	1.054496578400312679e+01
2.000000000000000000e+02	3.509999999999999787e+00	9.580000000000000071e+00	8.734270000000000422e+00	1.054496578400312679e+01
2.000000000000000000e+02	2.540000000000000036e+00	9.050000000000000711e+00	8.256230000000000402e+00	1.054496578400312679e+01
1.700000000000000000e+02	2.330000000000000071e+00	3.878000000000000114e+01	3.843460000000000321e+01	1.015225860963603921e+01
1.700000000000000000e+02	2.330000000000000071e+00	3.871999999999999886e+01	3.843460000000000321e+01	1.015225860963603921e+01
1.400000000000000000e+02	6.400000000000000133e-01	6.618000000000000682e+01	5.390640000000000320e+00	9.759551435268951636e+00
1.490000000000000000e+02	1.000000000000000056e-01	1.489000000000000057e+01	5.780000000000000249e+00	9.877363587579081283e+00
1.500000000000000000e+02	1.000000000000000056e-01	1.491999999999999993e+01	5.818469999999999587e+00	9.890453826724652231e+00
2.000000000000000000e+02	1.000000000000000056e-01	1.626999999999999957e+01	7.697259999999999991e+00	1.054496578400312679e+01
2.010000000000000000e+02	1.000000000000000056e-01	1.630000000000000071e+01	7.733810000000000073e+00	1.055805602314869418e+01
2.731499999999999773e+02	4.099999999999999756e-01	1.020700000000000074e+01	1.029759999999999920e+01	1.150251677750153512e+01
2.731499999999999773e+02	1.010000000000000009e+00	1.029499999999999993e+01	1.038879999999999981e+01	1.150251677750153512e+01
2.731499999999999773e+02	2.029999999999999805e+00	1.045400000000000063e+01	1.057070000000000043e+01	1.150251677750153512e+01
2.731499999999999773e+02	4.049999999999999822e+00	1.096299999999999919e+01	1.104519999999999946e+01	1.150251677750153512e+01
2.231500000000000057e+02	4.099999999999999756e-01	8.502000000000000668e+00	8.576539999999999608e+00	1.084800482022305879e+01
2.231500000000000057e+02	1.010000000000000009e+00	8.585000000000000853e+00	8.676690000000000680e+00	1.084800482022305879e+01
2.231500000000000057e+02	4.049999999999999822e+00	9.513999999999999346e+00	9.624330000000000496e+00	1.084800482022305879e+01
1.981500000000000057e+02	4.099999999999999756e-01	7.639000000000000234e+00	7.671630000000000393e+00	1.052074884158382240e+01
1.981500000000000057e+02	1.010000000000000009e+00	7.753999999999999559e+00	7.771889999999999965e+00	1.052074884158382240e+01
1.981500000000000057e+02	2.029999999999999805e+00	8.022000000000000242e+00	8.017970000000000041e+00	1.052074884158382240e+01
1.981500000000000057e+02	4.049999999999999822e+00	9.218999999999999417e+00	9.132669999999999177e+00	1.052074884158382240e+01
1.731500000000000057e+02	4.099999999999999756e-01	6.671999999999999709e+00	6.733900000000000219e+00	1.019349286294458778e+01
1.731500000000000057e+02	1.010000000000000009e+00	6.766000000000000014e+00	6.818920000000000314e+00	1.019349286294458778e+01
1.731500000000000057e+02	2.020000000000000018e+00	7.059000000000000163e+00	7.057010000000000005e+00	1.019349286294458778e+01
2.040000000000000000e+02	1.000000000000000056e-01	1.639999999999999858e+01	7.843219999999999636e+00	1.059732674058540169e+01
1.377800000000000011e+02	1.000000000000000056e-01	1.465000000000000000e+02	5.346569999999999823e+00	9.730491104365791344e+00
2.775899999999999750e+02	1.639999999999999902e+00	1.047899999999999920e+01	1.064189999999999969e+01	1.276913676402544340e+01
2.775899999999999750e+02	1.639999999999999902e+00	1.055199999999999960e+01	1.064189999999999969e+01	1.276913676402544340e+01
2.775899999999999750e+02	1.639999999999999902e+00	1.055799999999999983e+01	1.064189999999999969e+01	1.276913676402544340e+01
3.109300000000000068e+02	1.770000000000000018e+00	1.168500000000000050e+01	1.172669999999999924e+01	1.275078640465147295e+01
3.109300000000000068e+02	1.800000000000000044e+00	1.160200000000000031e+01	1.173160000000000025e+01	1.274786594983596544e+01
3.109300000000000068e+02	1.820000000000000062e+00	1.160299999999999976e+01	1.173489999999999966e+01	1.274591897995896339e+01
3.109300000000000068e+02	1.820000000000000062e+00	1.161400000000000077e+01	1.173489999999999966e+01	1.274591897995896339e+01
3.109300000000000068e+02	1.820000000000000062e+00	1.162899999999999956e+01	1.173489999999999966e+01	1.274591897995896339e+01
3.109300000000000068e+02	1.850000000000000089e+00	1.168399999999999928e+01	1.173980000000000068e+01	1.274299852514345943e+01
3.109300000000000068e+02	1.939999999999999947e+00	1.156900000000000084e+01	1.175459999999999994e+01	1.273423716069693867e+01
3.109300000000000068e+02	1.939999999999999947e+00	1.161599999999999966e+01	1.175459999999999994e+01	1.273423716069693867e+01
3.109300000000000068e+02	1.939999999999999947e+00	1.164400000000000013e+01	1.175459999999999994e+01	1.273423716069693867e+01
3.775899999999999750e+02	1.860000000000000098e+00	1.361999999999999922e+01	1.374220000000000041e+01	1.273063834620790402e+01
3.775899999999999750e+02	1.860000000000000098e+00	1.362100000000000044e+01	1.374220000000000041e+01	1.273063834620790402e+01
3.775899999999999750e+02	1.860000000000000098e+00	1.365300000000000047e+01	1.374220000000000041e+01	1.273063834620790402e+01
4.442599999999999909e+02	1.969999999999999973e+00	1.557900000000000063e+01	1.561880000000000024e+01	1.270854160971240532e+01
4.442599999999999909e+02	1.969999999999999973e+00	1.560200000000000031e+01	1.561880000000000024e+01	1.270854160971240532e+01
4.442599999999999909e+02	1.969999999999999973e+00	1.560399999999999920e+01	1.561880000000000024e+01	1.270854160971240532e+01
4.442599999999999909e+02	1.969999999999999973e+00	1.560500000000000043e+01	1.561880000000000024e+01	1.270854160971240532e+01
4.775899999999999750e+02	3.169999999999999929e+00	1.652599999999999980e+01	1.663650000000000162e+01	1.258603007009365271e+01
4.775899999999999750e+02	3.169999999999999929e+00	1.655099999999999838e+01	1.663650000000000162e+01	1.258603007009365271e+01
4.775899999999999750e+02	3.169999999999999929e+00	1.655300000000000082e+01	1.663650000000000162e+01	1.258603007009365271e+01
2.275900000000000034e+02	2.029999999999999805e+00	8.820000000000000284e+00	9.051880000000000592e+00	1.273971172600912460e+01
2.414799999999999898e+02	1.010000000000000009e+00	9.554999999999999716e+00	9.318149999999999267e+00	1.283663453477653604e+01
2.414799999999999898e+02	3.040000000000000036e+00	9.980000000000000426e+00	9.787509999999999266e+00	1.263901709226066039e+01
2.553700000000000045e+02	2.620000000000000107e+00	1.064400000000000013e+01	1.012209999999999965e+01	1.267753080471795180e+01
2.692599999999999909e+02	2.899999999999999911e+00	1.147899999999999920e+01	1.063250000000000028e+01	1.264790057148012181e+01
2.970400000000000205e+02	2.899999999999999911e+00	1.303700000000000081e+01	1.149910000000000032e+01	1.264315526156054759e+01
3.387099999999999795e+02	1.169999999999999929e+00	1.506300000000000061e+01	1.249390000000000001e+01	1.280445019104201876e+01
3.387099999999999795e+02	2.850000000000000089e+00	1.523300000000000054e+01	1.274970000000000070e+01	1.264090472137371357e+01
