Temperature (K),Pressure (MPa),Density (kg/m3),Reference
150.0,1.026,16.04,Goodwin-1974
155.0,1.0744,16.04,Goodwin-1974
160.0,1.1222,16.04,Goodwin-1974
165.0,1.1696,16.04,Goodwin-1974
170.0,1.2165,16.04,Goodwin-1974
175.0,1.2632,16.04,Goodwin-1974
180.0,1.3096,16.04,Goodwin-1974
185.0,1.3559,16.04,Goodwin-1974
190.0,1.402,16.04,Goodwin-1974
195.0,1.4479,16.04,Goodwin-1974
200.0,1.4937,16.04,Goodwin-1974
205.0,1.5394,16.04,Goodwin-1974
210.0,1.5851,16.04,Goodwin-1974
215.0,1.6306,16.04,Goodwin-1974
220.0,1.6761,16.04,Goodwin-1974
225.0,1.7215,16.04,Goodwin-1974
230.0,1.7668,16.04,Goodwin-1974
235.0,1.812,16.04,Goodwin-1974
240.0,1.8572,16.04,Goodwin-1974
245.0,1.9023,16.04,Goodwin-1974
250.0,1.9474,16.04,Goodwin-1974
255.0,1.9924,16.04,Goodwin-1974
260.0,2.0373,16.04,Goodwin-1974
265.0,2.0822,16.04,Goodwin-1974
270.0,2.1271,16.04,Goodwin-1974
170.0,2.0616,32.08,Goodwin-1974
175.0,2.1663,32.08,Goodwin-1974
180.0,2.2697,32.08,Goodwin-1974
195.0,2.5745,32.08,Goodwin-1974
200.0,2.6748,32.08,Goodwin-1974
205.0,2.7746,32.08,Goodwin-1974
210.0,2.8739,32.08,Goodwin-1974
215.0,2.9729,32.08,Goodwin-1974
220.0,3.0715,32.08,Goodwin-1974
225.0,3.1698,32.08,Goodwin-1974
230.0,3.2677,32.08,Goodwin-1974
235.0,3.3654,32.08,Goodwin-1974
240.0,3.4629,32.08,Goodwin-1974
245.0,3.5601,32.08,Goodwin-1974
250.0,3.657,32.08,Goodwin-1974
255.0,3.7537,32.08,Goodwin-1974
260.0,3.8502,32.08,Goodwin-1974
265.0,3.9465,32.08,Goodwin-1974
270.0,4.0426,32.08,Goodwin-1974
172.527,2.466,41.051172,Vennix-1965
174.691,2.5283,41.051172,Vennix-1965
177.203,2.5994,41.200344,Vennix-1965
183.176,2.7666,41.19072,Vennix-1965
190.532,2.9676,41.025508,Vennix-1965
191.849,3.0038,41.011072,Vennix-1965
203.084,3.3048,40.99022,Vennix-1965
213.041,3.5672,40.970972,Vennix-1965
217.864,3.6931,42.56534799999999,Vennix-1965
223.831,3.8461,40.95011999999999,Vennix-1965
233.546,4.099,42.534872,Vennix-1965
239.797,4.259,40.921248,Vennix-1965
190.429,4.472,103.73068,Vennix-1965
190.532,4.4814,103.756344,Vennix-1965
190.052,4.4989,116.015716,Vennix-1965
190.532,4.5493,116.046192,Vennix-1965
190.032,4.5236,203.196324,Vennix-1965
190.532,4.0239,206.404324,Vennix-1965
190.032,4.024,220.62218,Vennix-1965
191.032,4.3523,220.612556,Vennix-1965
273.15,1.6376,12.03,Douslin-1964
298.142,1.802,12.03,Douslin-1964
303.143,1.8347,12.03,Douslin-1964
323.14,1.9656,12.03,Douslin-1964
398.143,2.1292,12.03,Douslin-1964
373.15,2.2925,12.03,Douslin-1964
398.16,2.4557,12.03,Douslin-1964
273.15,2.1558,16.04,Douslin-1964
298.142,2.3786,16.04,Douslin-1964
303.143,2.4232,16.04,Douslin-1964
323.14,2.6006,16.04,Douslin-1964
348.143,2.8221,16.04,Douslin-1964
373.15,3.0431,16.04,Douslin-1964
398.16,3.2637,16.04,Douslin-1964
273.15,3.1539,24.06,Douslin-1964
298.142,3.4993,24.06,Douslin-1964
303.143,3.5685,24.06,Douslin-1964
323.14,3.8427,24.06,Douslin-1964
348.143,4.1852,24.06,Douslin-1964
373.15,4.5267,24.06,Douslin-1964
273.15,4.1053,32.08,Douslin-1964
203.084,0.1013,0.968816,Kvalnes-1931
223.249,0.1013,0.8805959999999998,Kvalnes-1931
248.175,0.1013,0.7907719999999999,Kvalnes-1931
273.15,0.1013,0.7169879999999998,Kvalnes-1931
298.142,0.1013,0.656036,Kvalnes-1931
323.14,0.1013,0.606312,Kvalnes-1931
373.15,0.1013,0.524508,Kvalnes-1931
423.17,0.1013,0.461952,Kvalnes-1931
473.193,0.1013,0.413832,Kvalnes-1931
203.084,2.0265,22.164072,Kvalnes-1931
223.249,2.0265,19.382736,Kvalnes-1931
298.142,2.0265,13.600316,Kvalnes-1931
203.084,3.0397,36.412404,Kvalnes-1931
223.249,3.0397,30.782364,Kvalnes-1931
248.175,3.0397,26.299184,Kvalnes-1931
273.15,3.0397,23.132888,Kvalnes-1931
323.14,3.0397,18.858228,Kvalnes-1931
373.15,3.0397,16.046415999999997,Kvalnes-1931
423.17,3.0397,14.001316,Kvalnes-1931
273.193,3.0397,12.431,Kvalnes-1931
203.084,4.053,54.717252,Kvalnes-1931
223.249,4.053,43.827696,Kvalnes-1931
248.175,4.053,36.446088,Kvalnes-1931
273.15,4.053,31.653336,Kvalnes-1931
298.142,4.053,28.135764,Kvalnes-1931
323.14,4.053,25.428211999999995,Kvalnes-1931
176.0,2.7962,48.046216,Goodwin-1972
180.0,2.9335,48.017344,Goodwin-1972
184.0,3.0683,47.988472,Goodwin-1972
188.0,3.2008,47.961204,Goodwin-1972
192.0,3.3316,47.932332,Goodwin-1972
196.0,3.461,47.90346,Goodwin-1972
200.0,3.589,47.872984,Goodwin-1972
204.0,3.7158,47.848924,Goodwin-1972
208.0,3.8417,47.820052,Goodwin-1972
212.0,3.9665,47.792784,Goodwin-1972
216.0,4.0907,47.76551599999999,Goodwin-1972
220.0,4.2142,47.736644,Goodwin-1972
225.0,4.3673,47.70135599999999,Goodwin-1972
230.3,4.5196,47.66606799999999,Goodwin-1972
184.0,3.5156,63.810328,Goodwin-1972
188.0,3.7096,63.768624,Goodwin-1972
192.0,3.8989,63.72691999999999,Goodwin-1972
196.0,4.09,63.68681999999999,Goodwin-1972
200.0,4.275,63.651532,Goodwin-1972
204.0,4.4556,63.60501599999999,Goodwin-1972
192.0,4.277,79.02747599999998,Goodwin-1972
196.0,4.5221,78.974544,Goodwin-1972
192.0,4.5371,95.40271199999998,Goodwin-1972
225.0,0.9966,94.841312,Goodwin-1972
