# Temperature (K)	Pressure (MPa)	Experimental(m/s)	NIST(m/s)	Model(m/s)
2.981499999999999773e+02	2.379999999999999893e+00	4.419300000000000068e+02	4.420120000000000005e+02	4.227993080579373100e+02
1.930500000000000114e+02	7.800000000000000266e-01	3.531999999999999886e+02	3.532590000000000146e+02	5.960469728946612804e+02
1.930500000000000114e+02	1.560000000000000053e+00	3.406399999999999864e+02	3.407180000000000177e+02	5.451558557958933307e+02
1.930500000000000114e+02	2.240000000000000213e+00	3.286899999999999977e+02	3.288199999999999932e+02	5.009532517781753995e+02
1.930500000000000114e+02	2.819999999999999840e+00	3.177099999999999795e+02	3.177429999999999950e+02	4.643832824701443087e+02
1.930500000000000114e+02	3.310000000000000053e+00	3.075199999999999818e+02	3.074820000000000277e+02	4.328915400875115438e+02
1.930500000000000114e+02	3.700000000000000178e+00	2.982699999999999818e+02	2.984719999999999800e+02	4.076819001268061697e+02
1.930500000000000114e+02	4.030000000000000249e+00	2.899200000000000159e+02	2.899460000000000264e+02	3.877226968615723308e+02
1.930500000000000114e+02	4.280000000000000249e+00	2.823899999999999864e+02	2.825749999999999886e+02	3.726440597319535755e+02
1.930500000000000114e+02	4.480000000000000426e+00	2.756499999999999773e+02	2.756630000000000109e+02	3.590473162532764491e+02
1.908499999999999943e+02	4.530000000000000249e+00	2.561200000000000045e+02	2.568170000000000073e+02	3.578863900287428237e+02
1.906299999999999955e+02	4.509999999999999787e+00	2.552400000000000091e+02	2.560539999999999736e+02	3.593846671562351958e+02
1.905600000000000023e+02	4.509999999999999787e+00	2.549600000000000080e+02	2.551419999999999959e+02	3.592240576157001897e+02
1.905000000000000000e+02	7.700000000000000178e-01	3.505199999999999818e+02	3.505559999999999832e+02	5.980979562535565037e+02
1.905000000000000000e+02	1.540000000000000036e+00	3.376000000000000227e+02	3.375799999999999841e+02	5.474460664482116954e+02
1.905000000000000000e+02	2.200000000000000178e+00	3.252699999999999818e+02	3.253670000000000186e+02	5.050307599174444704e+02
1.905000000000000000e+02	2.759999999999999787e+00	3.138799999999999955e+02	3.139270000000000209e+02	4.686300188612063948e+02
1.905000000000000000e+02	3.229999999999999982e+00	3.032200000000000273e+02	3.032320000000000277e+02	4.399810831572638108e+02
1.905000000000000000e+02	3.600000000000000089e+00	2.935500000000000114e+02	2.937280000000000086e+02	4.176817945078969387e+02
1.905000000000000000e+02	3.899999999999999911e+00	2.846700000000000159e+02	2.848349999999999795e+02	3.973473437399891282e+02
1.905000000000000000e+02	4.129999999999999893e+00	2.765199999999999818e+02	2.766879999999999882e+02	3.834407850727334335e+02
1.905000000000000000e+02	4.299999999999999822e+00	2.690000000000000000e+02	2.691630000000000109e+02	3.721874104468012092e+02
1.905000000000000000e+02	4.419999999999999929e+00	2.617200000000000273e+02	2.621299999999999955e+02	3.650491521359283524e+02
1.905000000000000000e+02	4.500000000000000000e+00	2.546999999999999886e+02	2.554089999999999918e+02	3.597905551246248024e+02
1.904300000000000068e+02	4.490000000000000213e+00	2.544199999999999875e+02	2.555449999999999875e+02	3.603124899238218291e+02
1.904300000000000068e+02	4.540000000000000036e+00	2.461100000000000136e+02	2.487510000000000048e+02	3.575310717101234559e+02
1.902500000000000000e+02	4.290000000000000036e+00	2.683199999999999932e+02	2.681000000000000227e+02	3.726655162994778721e+02
1.902500000000000000e+02	4.400000000000000355e+00	2.609100000000000250e+02	2.613550000000000182e+02	3.659821324694798932e+02
1.902500000000000000e+02	4.480000000000000426e+00	2.536599999999999966e+02	2.542040000000000077e+02	3.611946163840188433e+02
1.902500000000000000e+02	4.519999999999999574e+00	2.449600000000000080e+02	2.483429999999999893e+02	3.590237181454669440e+02
1.896500000000000057e+02	3.859999999999999876e+00	2.828600000000000136e+02	2.829730000000000132e+02	4.006160985733134225e+02
1.896500000000000057e+02	4.080000000000000071e+00	2.745000000000000000e+02	2.746429999999999723e+02	3.868027027608766275e+02
1.896500000000000057e+02	4.250000000000000000e+00	2.666899999999999977e+02	2.663290000000000077e+02	3.756312839687942642e+02
1.896500000000000057e+02	4.360000000000000320e+00	2.589100000000000250e+02	2.588000000000000114e+02	3.688704433512718310e+02
1.896500000000000057e+02	4.419999999999999929e+00	2.510200000000000102e+02	2.526659999999999968e+02	3.652922667026098225e+02
1.896500000000000057e+02	4.459999999999999964e+00	2.405399999999999920e+02	2.455889999999999986e+02	3.627247737585355480e+02
1.881500000000000057e+02	7.600000000000000089e-01	3.480199999999999818e+02	3.480509999999999877e+02	6.011965054569625408e+02
1.881500000000000057e+02	1.510000000000000009e+00	3.347500000000000000e+02	3.348570000000000277e+02	5.511407020194892539e+02
1.881500000000000057e+02	2.160000000000000142e+00	3.220799999999999841e+02	3.221949999999999932e+02	5.096012147096312219e+02
1.881500000000000057e+02	2.709999999999999964e+00	3.103000000000000114e+02	3.102189999999999941e+02	4.739813239784749044e+02
1.881500000000000057e+02	3.149999999999999911e+00	2.992300000000000182e+02	2.993790000000000191e+02	4.479900189179989525e+02
1.881500000000000057e+02	3.509999999999999787e+00	2.890799999999999841e+02	2.891259999999999764e+02	4.250635414386173352e+02
1.881500000000000057e+02	3.790000000000000036e+00	2.796499999999999773e+02	2.795659999999999741e+02	4.072079928869040373e+02
1.881500000000000057e+02	3.990000000000000213e+00	2.708700000000000045e+02	2.709940000000000282e+02	3.946268571898524442e+02
1.881500000000000057e+02	4.139999999999999680e+00	2.623899999999999864e+02	2.623399999999999750e+02	3.852596780920471815e+02
1.881500000000000057e+02	4.230000000000000426e+00	2.534499999999999886e+02	2.546570000000000107e+02	3.792267097546281889e+02
1.831500000000000057e+02	7.399999999999999911e-01	3.426299999999999955e+02	3.426170000000000186e+02	6.059348588075349653e+02
1.831500000000000057e+02	1.459999999999999964e+00	3.286100000000000136e+02	3.286990000000000123e+02	5.575946483573403611e+02
1.831500000000000057e+02	2.080000000000000071e+00	3.151000000000000227e+02	3.151650000000000205e+02	5.178990483886558422e+02
1.831500000000000057e+02	2.589999999999999858e+00	3.024100000000000250e+02	3.023740000000000236e+02	4.846525632194635023e+02
1.831500000000000057e+02	2.990000000000000213e+00	2.903999999999999773e+02	2.905570000000000164e+02	4.605460460459495380e+02
1.831500000000000057e+02	3.310000000000000053e+00	2.791499999999999773e+02	2.789069999999999823e+02	4.409554984496971883e+02
1.831500000000000057e+02	3.540000000000000036e+00	2.683899999999999864e+02	2.678199999999999932e+02	4.262109536341883995e+02
1.731500000000000057e+02	6.899999999999999467e-01	3.315199999999999818e+02	3.315919999999999845e+02	6.161285269446789243e+02
1.731500000000000057e+02	1.360000000000000098e+00	3.158199999999999932e+02	3.158369999999999891e+02	5.731645995539121259e+02
1.731500000000000057e+02	1.909999999999999920e+00	3.004200000000000159e+02	3.005070000000000050e+02	5.388487569235160208e+02
1.731500000000000057e+02	2.339999999999999858e+00	2.857200000000000273e+02	2.856560000000000059e+02	5.091141311903098767e+02
1.631500000000000057e+02	6.500000000000000222e-01	3.198999999999999773e+02	3.198349999999999795e+02	6.281291339528204389e+02
1.631500000000000057e+02	1.260000000000000009e+00	3.022200000000000273e+02	3.020810000000000173e+02	5.874096058734189683e+02
1.631500000000000057e+02	1.739999999999999991e+00	2.846200000000000045e+02	2.842169999999999845e+02	5.573135994308919408e+02
1.531500000000000057e+02	5.999999999999999778e-01	3.077400000000000091e+02	3.077459999999999809e+02	6.355002862547767108e+02
1.431500000000000057e+02	5.600000000000000533e-01	2.948700000000000045e+02	2.945880000000000223e+02	6.471908305730228221e+02
1.900300000000000011e+02	4.519999999999999574e+00	2.297100000000000080e+02	2.400060000000000002e+02	3.575839589101981915e+02
1.899699999999999989e+02	4.519999999999999574e+00	2.300099999999999909e+02	2.600779999999999745e+02	3.576096368825094487e+02
1.896500000000000057e+02	4.469999999999999751e+00	2.359000000000000057e+02	2.683929999999999723e+02	3.605608290035644927e+02
1.896500000000000057e+02	4.469999999999999751e+00	2.359000000000000057e+02	2.683929999999999723e+02	3.605608290035644927e+02
1.886999999999999886e+02	4.339999999999999858e+00	2.461699999999999875e+02	3.039610000000000127e+02	3.687473285161930221e+02
1.885999999999999943e+02	4.330000000000000071e+00	2.459499999999999886e+02	3.087989999999999782e+02	3.694694019826842464e+02
1.875999999999999943e+02	4.190000000000000391e+00	2.512700000000000102e+02	2.521980000000000075e+02	3.797745085188486769e+02
1.874499999999999886e+02	4.169999999999999929e+00	2.512400000000000091e+02	2.526610000000000014e+02	3.812587963613594866e+02
1.860999999999999943e+02	3.990000000000000213e+00	2.561499999999999773e+02	2.565830000000000268e+02	3.936779250791287836e+02
1.841500000000000057e+02	3.750000000000000000e+00	2.605000000000000000e+02	2.602930000000000064e+02	4.111243862631474713e+02
1.839000000000000057e+02	3.729999999999999982e+00	2.603600000000000136e+02	4.222970000000000255e+02	4.129376865592178092e+02
1.831500000000000057e+02	3.640000000000000124e+00	2.617099999999999795e+02	4.374060000000000059e+02	4.201025507343457548e+02
1.742500000000000000e+02	2.700000000000000178e+00	2.736800000000000068e+02	2.730609999999999786e+02	4.854935691298838947e+02
1.739499999999999886e+02	2.680000000000000160e+00	2.736399999999999864e+02	5.979740000000000464e+02	4.865294639804415624e+02
1.731500000000000057e+02	2.600000000000000089e+00	2.744399999999999977e+02	2.740579999999999927e+02	4.919941761795048478e+02
1.691500000000000057e+02	2.240000000000000213e+00	2.786399999999999864e+02	2.782060000000000173e+02	5.182870531743649281e+02
1.550500000000000114e+02	1.169999999999999929e+00	2.905199999999999818e+02	2.903670000000000186e+02	5.991559405260566109e+02
1.431500000000000057e+02	7.500000000000000000e-01	2.866000000000000227e+02	2.863410000000000082e+02	6.342429537770357229e+02
1.381500000000000057e+02	5.300000000000000266e-01	2.881800000000000068e+02	2.880609999999999786e+02	6.536731248228572895e+02
1.331500000000000057e+02	4.400000000000000022e-01	2.845699999999999932e+02	2.843840000000000146e+02	6.636196177673801913e+02
1.231500000000000057e+02	2.399999999999999911e-01	2.798999999999999773e+02	1.220779999999999973e+03	6.838280129568846633e+02
1.131500000000000057e+02	1.100000000000000006e-01	2.728299999999999841e+02	2.729769999999999754e+02	6.992495184751155648e+02
1.896500000000000057e+02	4.469999999999999751e+00	2.590299999999999727e+02	2.683929999999999723e+02	3.601663080985732677e+02
1.896500000000000057e+02	4.469999999999999751e+00	2.597099999999999795e+02	2.683929999999999723e+02	3.608582307835021084e+02
1.831500000000000057e+02	3.640000000000000124e+00	4.349200000000000159e+02	4.374060000000000059e+02	4.190580641844296679e+02
1.831500000000000057e+02	3.640000000000000124e+00	4.350199999999999818e+02	4.374060000000000059e+02	4.190569251736145588e+02
1.731500000000000057e+02	2.609999999999999876e+00	6.100099999999999909e+02	6.105750000000000455e+02	4.907679140029965765e+02
1.554399999999999977e+02	1.320000000000000062e+00	8.543600000000000136e+02	8.538880000000000337e+02	5.878909092498502105e+02
1.431500000000000057e+02	7.500000000000000000e-01	1.001889999999999986e+03	2.863410000000000082e+02	6.288438659199996437e+02
1.400200000000000102e+02	6.400000000000000133e-01	1.037589999999999918e+03	2.860169999999999959e+02	6.380088357512387347e+02
1.331500000000000057e+02	4.400000000000000022e-01	1.113920000000000073e+03	2.843840000000000146e+02	6.549517469844277002e+02
1.231500000000000057e+02	2.399999999999999911e-01	1.220559999999999945e+03	1.220779999999999973e+03	6.682400210268283445e+02
1.131500000000000057e+02	1.199999999999999956e-01	1.322650000000000091e+03	1.323299999999999955e+03	6.674785911215772103e+02
1.500000000000000000e+02	9.499999999999999556e-01	9.187000000000000455e+02	2.899220000000000255e+02	6.162244237038719348e+02
1.500000000000000000e+02	8.699999999999999956e-01	9.171000000000000227e+02	2.932200000000000273e+02	6.201471536617772244e+02
1.500000000000000000e+02	7.600000000000000089e-01	9.143999999999999773e+02	2.974879999999999995e+02	6.255076850369500789e+02
1.500000000000000000e+02	6.800000000000000488e-01	9.127000000000000455e+02	3.004329999999999927e+02	6.309226921806526889e+02
1.500000000000000000e+02	5.600000000000000533e-01	9.100000000000000000e+02	3.046410000000000196e+02	6.383052667318067961e+02
1.500000000000000000e+02	4.799999999999999822e-01	9.082999999999999545e+02	3.073260000000000218e+02	6.452308841028593633e+02
1.500000000000000000e+02	2.899999999999999800e-01	9.037000000000000455e+02	3.133790000000000191e+02	6.567772414007590669e+02
1.500000000000000000e+02	1.700000000000000122e-01	9.007000000000000455e+02	3.169959999999999809e+02	6.641491449946365719e+02
1.500000000000000000e+02	1.000000000000000056e-01	8.992000000000000455e+02	3.190389999999999873e+02	6.685821939733386898e+02
1.500000000000000000e+02	1.000000000000000056e-01	8.991000000000000227e+02	3.190389999999999873e+02	6.685841479516152503e+02
1.550000000000000000e+02	1.149999999999999911e+00	8.555000000000000000e+02	2.910830000000000268e+02	5.993696916913906989e+02
1.550000000000000000e+02	1.070000000000000062e+00	8.533999999999999773e+02	2.942359999999999900e+02	6.041394392703944050e+02
1.550000000000000000e+02	9.499999999999999556e-01	8.502999999999999545e+02	2.986899999999999977e+02	6.106909286177883587e+02
1.550000000000000000e+02	8.699999999999999956e-01	8.482000000000000455e+02	3.015070000000000050e+02	6.155822748797511395e+02
1.550000000000000000e+02	7.600000000000000089e-01	8.451000000000000227e+02	3.052139999999999986e+02	6.223290542319564338e+02
1.550000000000000000e+02	6.800000000000000488e-01	8.430000000000000000e+02	3.078039999999999736e+02	6.275201337200201124e+02
1.550000000000000000e+02	4.799999999999999822e-01	8.372999999999999545e+02	3.139490000000000123e+02	6.395282892262634959e+02
1.600000000000000000e+02	1.639999999999999902e+00	7.972000000000000455e+02	7.968990000000000009e+02	5.638986605477134617e+02
1.600000000000000000e+02	1.540000000000000036e+00	7.937999999999999545e+02	2.853360000000000127e+02	5.696149557486362482e+02
1.600000000000000000e+02	1.540000000000000036e+00	7.937000000000000455e+02	2.853360000000000127e+02	5.696153842764704223e+02
1.600000000000000000e+02	1.459999999999999964e+00	7.915000000000000000e+02	2.887149999999999750e+02	5.746177185772811526e+02
1.600000000000000000e+02	1.459999999999999964e+00	7.912000000000000455e+02	2.887149999999999750e+02	5.746189888177076455e+02
1.600000000000000000e+02	1.439999999999999947e+00	7.907999999999999545e+02	2.895280000000000200e+02	5.755312185776128899e+02
1.600000000000000000e+02	1.340000000000000080e+00	7.877000000000000455e+02	2.934289999999999736e+02	5.830888594462041965e+02
1.600000000000000000e+02	1.270000000000000018e+00	7.852999999999999545e+02	2.960190000000000055e+02	5.869405091524777163e+02
1.600000000000000000e+02	1.260000000000000009e+00	7.851000000000000227e+02	2.963799999999999955e+02	5.871149910223582538e+02
1.600000000000000000e+02	1.189999999999999947e+00	7.826000000000000227e+02	2.988580000000000041e+02	5.911440323859128512e+02
1.600000000000000000e+02	1.149999999999999911e+00	7.812999999999999545e+02	3.002339999999999804e+02	5.939339321613873608e+02
1.600000000000000000e+02	1.070000000000000062e+00	7.783999999999999773e+02	3.029100000000000250e+02	5.996484884689896262e+02
1.600000000000000000e+02	1.000000000000000000e+00	7.762999999999999545e+02	3.051759999999999877e+02	6.038076994684134888e+02
1.600000000000000000e+02	9.499999999999999556e-01	7.747000000000000455e+02	3.067549999999999955e+02	6.066932656942084350e+02
1.600000000000000000e+02	8.699999999999999956e-01	7.721000000000000227e+02	3.092180000000000177e+02	6.122892300946568866e+02
1.600000000000000000e+02	8.699999999999999956e-01	7.717999999999999545e+02	3.092180000000000177e+02	6.122932607798175013e+02
1.600000000000000000e+02	7.900000000000000355e-01	7.697999999999999545e+02	3.116109999999999900e+02	6.179003372862937340e+02
1.630000000000000000e+02	1.739999999999999991e+00	7.538999999999999773e+02	2.838410000000000082e+02	5.549403760689867795e+02
1.630000000000000000e+02	1.739999999999999991e+00	7.537999999999999545e+02	2.838410000000000082e+02	5.548950613654097879e+02
1.630000000000000000e+02	1.659999999999999920e+00	7.511000000000000227e+02	2.872509999999999764e+02	5.606048828883290298e+02
1.630000000000000000e+02	1.590000000000000080e+00	7.486000000000000227e+02	2.900649999999999977e+02	5.649769223449472975e+02
1.630000000000000000e+02	1.540000000000000036e+00	7.467000000000000455e+02	2.919929999999999950e+02	5.677123462772520952e+02
1.630000000000000000e+02	1.459999999999999964e+00	7.437999999999999545e+02	2.949540000000000077e+02	5.726956418545397582e+02
1.630000000000000000e+02	1.399999999999999911e+00	7.416000000000000227e+02	2.970869999999999891e+02	5.769620585257334824e+02
1.630000000000000000e+02	1.340000000000000080e+00	7.397000000000000455e+02	2.991539999999999964e+02	5.800532766461848269e+02
1.630000000000000000e+02	1.260000000000000009e+00	7.371000000000000227e+02	3.018170000000000073e+02	5.849281392695870636e+02
1.670000000000000000e+02	1.439999999999999947e+00	7.148999999999999773e+02	3.032130000000000223e+02	5.708426435336442637e+02
1.670000000000000000e+02	2.040000000000000036e+00	6.988999999999999773e+02	2.811030000000000086e+02	5.310976746443097909e+02
1.670000000000000000e+02	2.040000000000000036e+00	6.987000000000000455e+02	2.811030000000000086e+02	5.311004143145604530e+02
1.670000000000000000e+02	1.969999999999999973e+00	6.957999999999999545e+02	2.841809999999999832e+02	5.354851093611779334e+02
1.670000000000000000e+02	1.889999999999999902e+00	6.925000000000000000e+02	2.874800000000000182e+02	5.410357631869489978e+02
1.670000000000000000e+02	1.850000000000000089e+00	6.907999999999999545e+02	2.890559999999999832e+02	5.441928568561037309e+02
1.670000000000000000e+02	1.780000000000000027e+00	6.877000000000000455e+02	2.917110000000000127e+02	5.494184317248311800e+02
1.670000000000000000e+02	1.620000000000000107e+00	6.803999999999999773e+02	2.973720000000000141e+02	5.595949838822425590e+02
1.670000000000000000e+02	1.550000000000000044e+00	6.772000000000000455e+02	2.997010000000000218e+02	5.645837721485984275e+02
1.670000000000000000e+02	1.530000000000000027e+00	6.765000000000000000e+02	3.003530000000000086e+02	5.657471606209426227e+02
1.670000000000000000e+02	1.520000000000000018e+00	6.757999999999999545e+02	3.006759999999999877e+02	5.662922208857644364e+02
1.670000000000000000e+02	1.459999999999999964e+00	6.731000000000000227e+02	3.025869999999999891e+02	5.696962843952497906e+02
1.700000000000000000e+02	2.350000000000000089e+00	6.586000000000000227e+02	6.585359999999999445e+02	5.097296528738813777e+02
1.700000000000000000e+02	2.279999999999999805e+00	6.550000000000000000e+02	2.789780000000000086e+02	5.141335633083218681e+02
1.700000000000000000e+02	2.240000000000000213e+00	6.532000000000000455e+02	2.808039999999999736e+02	5.168205910410184742e+02
1.700000000000000000e+02	2.200000000000000178e+00	6.510000000000000000e+02	2.825600000000000023e+02	5.193312749733869396e+02
1.700000000000000000e+02	2.169999999999999929e+00	6.492999999999999545e+02	2.838360000000000127e+02	5.208608260773522716e+02
1.700000000000000000e+02	2.160000000000000142e+00	6.491000000000000227e+02	2.842529999999999859e+02	5.218373295924027389e+02
1.700000000000000000e+02	2.049999999999999822e+00	6.433999999999999773e+02	2.886379999999999768e+02	5.287074872348407553e+02
1.700000000000000000e+02	1.939999999999999947e+00	6.375000000000000000e+02	2.926960000000000264e+02	5.353790674134602341e+02
1.730000000000000000e+02	2.549999999999999822e+00	6.096000000000000227e+02	2.760199999999999818e+02	4.953561636250287847e+02
1.730000000000000000e+02	2.509999999999999787e+00	6.072999999999999545e+02	2.779309999999999832e+02	4.979983589999825426e+02
1.730000000000000000e+02	2.479999999999999982e+00	6.050000000000000000e+02	2.793090000000000259e+02	4.998415289541238167e+02
1.730000000000000000e+02	2.439999999999999947e+00	6.026000000000000227e+02	2.810810000000000173e+02	5.023971720810133093e+02
1.730000000000000000e+02	2.379999999999999893e+00	5.995000000000000000e+02	2.836179999999999950e+02	5.061720831604642399e+02
1.730000000000000000e+02	2.359999999999999876e+00	5.978999999999999773e+02	2.844340000000000259e+02	5.072575352389764021e+02
1.730000000000000000e+02	2.319999999999999840e+00	5.956000000000000227e+02	2.860280000000000200e+02	5.098622821085320993e+02
1.730000000000000000e+02	2.279999999999999805e+00	5.937000000000000455e+02	2.875740000000000123e+02	5.118463580261615107e+02
1.730000000000000000e+02	2.259999999999999787e+00	5.923999999999999773e+02	2.883299999999999841e+02	5.135387259586639175e+02
1.770000000000000000e+02	2.939999999999999947e+00	5.448999999999999773e+02	2.715640000000000214e+02	4.676572219483114736e+02
1.770000000000000000e+02	2.939999999999999947e+00	5.447999999999999545e+02	2.715640000000000214e+02	4.676572219483114736e+02
1.770000000000000000e+02	2.899999999999999911e+00	5.417000000000000455e+02	2.736399999999999864e+02	4.701848780352156609e+02
1.770000000000000000e+02	2.859999999999999876e+00	5.387000000000000455e+02	2.756050000000000182e+02	4.733176652922400649e+02
1.770000000000000000e+02	2.830000000000000071e+00	5.361000000000000227e+02	2.770160000000000196e+02	4.752473969021708626e+02
1.770000000000000000e+02	2.500000000000000000e+00	5.336000000000000227e+02	2.901519999999999868e+02	4.957958906076236190e+02
1.770000000000000000e+02	2.770000000000000018e+00	5.311000000000000227e+02	2.796999999999999886e+02	4.782550232640691092e+02
1.800000000000000000e+02	3.250000000000000000e+00	4.916000000000000227e+02	2.681580000000000155e+02	4.462840329887466169e+02
1.800000000000000000e+02	3.229999999999999982e+00	4.888000000000000114e+02	2.692980000000000018e+02	4.467090263655450713e+02
1.800000000000000000e+02	3.220000000000000195e+00	4.881000000000000227e+02	2.698539999999999850e+02	4.482489733331651678e+02
1.800000000000000000e+02	3.180000000000000160e+00	4.836999999999999886e+02	2.719839999999999804e+02	4.505971320530769617e+02
1.800000000000000000e+02	3.149999999999999911e+00	4.801000000000000227e+02	2.734990000000000236e+02	4.525426162893592164e+02
1.830000000000000000e+02	3.609999999999999876e+00	4.363000000000000114e+02	2.624820000000000277e+02	4.213598196565623653e+02
1.830000000000000000e+02	3.609999999999999876e+00	4.358000000000000114e+02	2.624820000000000277e+02	4.213598196565623653e+02
1.830000000000000000e+02	3.600000000000000089e+00	4.341999999999999886e+02	2.631770000000000209e+02	4.220936131656413863e+02
1.830000000000000000e+02	3.580000000000000071e+00	4.320000000000000000e+02	2.645129999999999768e+02	4.232247156097830612e+02
1.830000000000000000e+02	3.580000000000000071e+00	4.305000000000000000e+02	2.645129999999999768e+02	4.232247156097830612e+02
1.830000000000000000e+02	3.560000000000000053e+00	4.276999999999999886e+02	2.657819999999999823e+02	4.249125169558378730e+02
1.830000000000000000e+02	3.540000000000000036e+00	4.243999999999999773e+02	2.669950000000000045e+02	4.254941473372584824e+02
2.525399999999999920e+02	1.000000000000000056e-01	4.108299999999999841e+02	4.149680000000000177e+02	5.975569701751226148e+02
2.528499999999999943e+02	1.000000000000000056e-01	4.108299999999999841e+02	4.152119999999999891e+02	5.973564733019802588e+02
2.530999999999999943e+02	1.000000000000000056e-01	4.107599999999999909e+02	4.154080000000000155e+02	5.971597810946434493e+02
2.260900000000000034e+02	1.000000000000000056e-01	3.894499999999999886e+02	3.932719999999999914e+02	6.169360528600859652e+02
2.257400000000000091e+02	1.000000000000000056e-01	3.893500000000000227e+02	3.929730000000000132e+02	6.173190392492185765e+02
2.264699999999999989e+02	1.000000000000000056e-01	3.893500000000000227e+02	3.935969999999999800e+02	6.166441493776322886e+02
2.260500000000000114e+02	1.000000000000000056e-01	3.893700000000000045e+02	3.932379999999999995e+02	6.169699839055558641e+02
2.035300000000000011e+02	1.000000000000000056e-01	3.700199999999999818e+02	3.732509999999999764e+02	6.320717379767568218e+02
1.866200000000000045e+02	1.000000000000000056e-01	3.525299999999999727e+02	3.572330000000000041e+02	6.434369162912961428e+02
1.863000000000000114e+02	1.000000000000000056e-01	3.525500000000000114e+02	3.569209999999999923e+02	6.436760403289981696e+02
1.848000000000000114e+02	1.000000000000000056e-01	3.524900000000000091e+02	3.554529999999999745e+02	6.446888357838402044e+02
1.703400000000000034e+02	1.000000000000000056e-01	3.365899999999999750e+02	3.408999999999999773e+02	6.546918993797046369e+02
1.686200000000000045e+02	1.000000000000000056e-01	3.365500000000000114e+02	3.391179999999999950e+02	6.557963364822792300e+02
1.547700000000000102e+02	1.000000000000000056e-01	3.219700000000000273e+02	3.243279999999999745e+02	6.643539371983923729e+02
1.441800000000000068e+02	1.000000000000000056e-01	3.086100000000000136e+02	3.124370000000000118e+02	6.729646613478748804e+02
1.442599999999999909e+02	1.000000000000000056e-01	3.085600000000000023e+02	3.125289999999999964e+02	6.725321952579945446e+02
1.335500000000000114e+02	1.000000000000000056e-01	2.962900000000000205e+02	2.999019999999999868e+02	6.820645493127058216e+02
1.242099999999999937e+02	1.000000000000000056e-01	2.849100000000000250e+02	2.882909999999999968e+02	6.906046974202399724e+02
1.155799999999999983e+02	1.000000000000000056e-01	2.743999999999999773e+02	2.769440000000000168e+02	6.969944717492548989e+02
1.400300000000000011e+02	6.500000000000000222e-01	1.038500000000000000e+03	1.037460000000000036e+03	6.441988994161205255e+02
2.741499999999999773e+02	1.000000000000000056e-01	4.291999999999999886e+02	4.314110000000000014e+02	5.807010947446283353e+02
3.741499999999999773e+02	1.000000000000000056e-01	4.873999999999999773e+02	4.960380000000000109e+02	5.134435981722820088e+02
4.741499999999999773e+02	1.000000000000000056e-01	5.400000000000000000e+02	5.491939999999999600e+02	4.410061318960434278e+02
5.741499999999999773e+02	1.000000000000000056e-01	5.872999999999999545e+02	5.964719999999999800e+02	3.666146455875000356e+02
3.001499999999999773e+02	1.300000000000000044e+00	4.110000000000000000e+02	4.463100000000000023e+02	4.906058766636386963e+02
3.001499999999999773e+02	1.550000000000000044e+00	4.170000000000000000e+02	4.456410000000000196e+02	4.737715318919748029e+02
3.001499999999999773e+02	1.790000000000000036e+00	4.170000000000000000e+02	4.450219999999999914e+02	4.580350790322153784e+02
3.001499999999999773e+02	2.029999999999999805e+00	4.170000000000000000e+02	4.444270000000000209e+02	4.446317880753754253e+02
3.001499999999999773e+02	2.279999999999999805e+00	4.170000000000000000e+02	4.438340000000000032e+02	4.277090184069664929e+02
3.001499999999999773e+02	2.520000000000000018e+00	4.230000000000000000e+02	4.432909999999999968e+02	4.105823781199034102e+02
3.001499999999999773e+02	2.899999999999999911e+00	4.240000000000000000e+02	4.424839999999999804e+02	3.880076825052680078e+02
3.001499999999999773e+02	3.000000000000000000e+00	4.200000000000000000e+02	4.422839999999999918e+02	3.815136187290620455e+02
3.001499999999999773e+02	4.139999999999999680e+00	4.090000000000000000e+02	4.403580000000000041e+02	3.094297030630252152e+02
3.000000000000000000e+02	2.459999999999999964e+00	4.476999999999999886e+02	4.433039999999999736e+02	4.142130947763707809e+02
2.400000000000000000e+02	3.529999999999999805e+00	3.803000000000000114e+02	3.807470000000000141e+02	3.881216338520334830e+02
2.400000000000000000e+02	3.419999999999999929e+00	3.803000000000000114e+02	3.814429999999999836e+02	3.959947699115281239e+02
2.400000000000000000e+02	2.120000000000000107e+00	3.896999999999999886e+02	3.901859999999999786e+02	4.783746775032308278e+02
2.400000000000000000e+02	1.820000000000000062e+00	3.935000000000000000e+02	3.923079999999999927e+02	4.966479992189315453e+02
2.100000000000000000e+02	4.419999999999999929e+00	3.260000000000000000e+02	3.263319999999999936e+02	3.535904592737417715e+02
2.100000000000000000e+02	2.299999999999999822e+00	3.521999999999999886e+02	3.530040000000000191e+02	4.842020375419839411e+02
2.550000000000000000e+02	4.379999999999999893e+00	3.944700000000000273e+02	3.944879999999999995e+02	3.251275477029248009e+02
2.550000000000000000e+02	3.609999999999999876e+00	3.977400000000000091e+02	3.977629999999999768e+02	3.740088646607462124e+02
2.550000000000000000e+02	2.700000000000000178e+00	4.022200000000000273e+02	4.021770000000000209e+02	4.322968572921399755e+02
2.550000000000000000e+02	1.750000000000000000e+00	4.072599999999999909e+02	4.072610000000000241e+02	4.905640822277254074e+02
2.550000000000000000e+02	9.599999999999999645e-01	4.117400000000000091e+02	4.117679999999999723e+02	5.410642435770934071e+02
2.550000000000000000e+02	2.300000000000000100e-01	4.160699999999999932e+02	4.161080000000000041e+02	5.879404328422260733e+02
2.550000000000000000e+02	1.700000000000000122e-01	4.164599999999999795e+02	4.164710000000000036e+02	5.928061528645772569e+02
2.550000000000000000e+02	1.000000000000000056e-01	4.158899999999999864e+02	4.168949999999999818e+02	5.966801592847479014e+02
2.550000000000000000e+02	5.000000000000000278e-02	4.189599999999999795e+02	4.171990000000000123e+02	5.997110524443711483e+02
2.731600000000000250e+02	4.370000000000000107e+00	4.144300000000000068e+02	4.144329999999999927e+02	3.127332815594335784e+02
2.731600000000000250e+02	3.669999999999999929e+00	4.163999999999999773e+02	4.164209999999999923e+02	3.566835671320560550e+02
2.731600000000000250e+02	3.020000000000000018e+00	4.185299999999999727e+02	4.185539999999999736e+02	3.971898646590873341e+02
2.731600000000000250e+02	2.069999999999999840e+00	4.221000000000000227e+02	4.220939999999999941e+02	4.586164967948109279e+02
2.731600000000000250e+02	1.580000000000000071e+00	4.240899999999999750e+02	4.240889999999999986e+02	4.895631637322018150e+02
2.731600000000000250e+02	1.550000000000000044e+00	4.241899999999999977e+02	4.242149999999999750e+02	4.917947563036576071e+02
2.731600000000000250e+02	1.000000000000000000e+00	4.266000000000000227e+02	4.265779999999999745e+02	5.250339757821997182e+02
2.731600000000000250e+02	5.999999999999999778e-01	4.283700000000000045e+02	4.283679999999999950e+02	5.508869117292927058e+02
2.731600000000000250e+02	2.200000000000000011e-01	4.300899999999999750e+02	4.301179999999999950e+02	5.759700393079255036e+02
3.000000000000000000e+02	4.089999999999999858e+00	4.402900000000000205e+02	4.402970000000000255e+02	3.123253849127800095e+02
3.000000000000000000e+02	3.390000000000000124e+00	4.414200000000000159e+02	4.414220000000000255e+02	3.566017646998611212e+02
3.000000000000000000e+02	2.629999999999999893e+00	4.429300000000000068e+02	4.429289999999999736e+02	4.045989793083480777e+02
3.000000000000000000e+02	1.850000000000000089e+00	4.447500000000000000e+02	4.447559999999999718e+02	4.553570171214996662e+02
3.000000000000000000e+02	1.139999999999999902e+00	4.666499999999999773e+02	4.466410000000000196e+02	4.996477439906922200e+02
3.000000000000000000e+02	2.399999999999999911e-01	4.492799999999999727e+02	4.493020000000000209e+02	5.567598651366960212e+02
3.000000000000000000e+02	1.700000000000000122e-01	4.494900000000000091e+02	4.495210000000000150e+02	5.613241428571918732e+02
3.000000000000000000e+02	1.000000000000000056e-01	4.496899999999999977e+02	4.497420000000000186e+02	5.654324636118371927e+02
3.500000000000000000e+02	4.139999999999999680e+00	4.792099999999999795e+02	4.793389999999999986e+02	2.707650997692107921e+02
3.500000000000000000e+02	3.160000000000000142e+00	4.792900000000000205e+02	4.794209999999999923e+02	3.365397843909636322e+02
3.500000000000000000e+02	3.160000000000000142e+00	4.792900000000000205e+02	4.794209999999999923e+02	3.365397843909636322e+02
3.500000000000000000e+02	2.080000000000000071e+00	4.797799999999999727e+02	4.799119999999999777e+02	4.067060583618107330e+02
3.500000000000000000e+02	1.260000000000000009e+00	4.803899999999999864e+02	4.805480000000000018e+02	4.591880192788246404e+02
3.500000000000000000e+02	6.600000000000000311e-01	4.809900000000000091e+02	4.811499999999999773e+02	4.971429094707966669e+02
3.500000000000000000e+02	2.099999999999999922e-01	4.814700000000000273e+02	4.816739999999999782e+02	5.299888204423267553e+02
2.931499999999999773e+02	1.000000000000000056e-01	4.461999999999999886e+02	4.450149999999999864e+02	5.712718017426293500e+02
2.931499999999999773e+02	9.799999999999999822e-01	4.440000000000000000e+02	4.420590000000000259e+02	5.143173808238555011e+02
2.931499999999999773e+02	1.959999999999999964e+00	4.413000000000000114e+02	4.391100000000000136e+02	4.524795425840106873e+02
2.931499999999999773e+02	2.939999999999999947e+00	4.391999999999999886e+02	4.365799999999999841e+02	3.886580400512942788e+02
2.931499999999999773e+02	3.919999999999999929e+00	4.370000000000000000e+02	4.345350000000000250e+02	3.268012297764620371e+02
3.231499999999999773e+02	1.000000000000000056e-01	4.660000000000000000e+02	4.650849999999999795e+02	5.510250865096827511e+02
3.231499999999999773e+02	9.799999999999999822e-01	4.643000000000000114e+02	4.633120000000000118e+02	4.958833533910479900e+02
3.231499999999999773e+02	1.959999999999999964e+00	4.620000000000000000e+02	4.616560000000000059e+02	4.317459592427082953e+02
3.231499999999999773e+02	2.939999999999999947e+00	4.603999999999999773e+02	4.603679999999999950e+02	3.718647107591755230e+02
3.231499999999999773e+02	3.919999999999999929e+00	4.598000000000000114e+02	4.594859999999999900e+02	3.042789305491837695e+02
3.481499999999999773e+02	1.000000000000000056e-01	4.820000000000000000e+02	4.806909999999999741e+02	5.358055826734029097e+02
3.481499999999999773e+02	9.799999999999999822e-01	4.806999999999999886e+02	4.796480000000000246e+02	4.779871300193387356e+02
3.481499999999999773e+02	1.959999999999999964e+00	4.795000000000000000e+02	4.787749999999999773e+02	4.159727206321477411e+02
3.481499999999999773e+02	2.939999999999999947e+00	4.788999999999999773e+02	4.782239999999999895e+02	3.521388686965868260e+02
3.481499999999999773e+02	3.919999999999999929e+00	4.783000000000000114e+02	4.780199999999999818e+02	2.856654548854344284e+02
3.731499999999999773e+02	1.000000000000000056e-01	4.968000000000000114e+02	4.954619999999999891e+02	5.193750911754634672e+02
3.731499999999999773e+02	9.799999999999999822e-01	4.958000000000000114e+02	4.949900000000000091e+02	4.618102720186907959e+02
3.731499999999999773e+02	1.959999999999999964e+00	4.948000000000000114e+02	4.947180000000000177e+02	4.003810161154524394e+02
3.731499999999999773e+02	2.939999999999999947e+00	4.945000000000000000e+02	4.947280000000000086e+02	3.330353810295233643e+02
3.731499999999999773e+02	3.919999999999999929e+00	4.948000000000000114e+02	4.950350000000000250e+02	2.701236370282952066e+02
3.981499999999999773e+02	1.000000000000000056e-01	5.108999999999999773e+02	5.095430000000000064e+02	5.035571227355293331e+02
3.981499999999999773e+02	9.799999999999999822e-01	5.096999999999999886e+02	5.095230000000000246e+02	4.447534128409600953e+02
3.981499999999999773e+02	1.959999999999999964e+00	5.091000000000000227e+02	5.097250000000000227e+02	3.816020358976053899e+02
3.981499999999999773e+02	2.939999999999999947e+00	5.091999999999999886e+02	5.101720000000000255e+02	3.138766556759434252e+02
3.981499999999999773e+02	3.919999999999999929e+00	5.100000000000000000e+02	5.108750000000000000e+02	2.499910154559794364e+02
4.231499999999999773e+02	1.000000000000000056e-01	5.233999999999999773e+02	5.230510000000000446e+02	4.835451119331177665e+02
4.231499999999999773e+02	9.799999999999999822e-01	5.228999999999999773e+02	5.233949999999999818e+02	4.256733375090445861e+02
4.231499999999999773e+02	1.959999999999999964e+00	5.228999999999999773e+02	5.239759999999999991e+02	3.605245500359862945e+02
4.231499999999999773e+02	2.939999999999999947e+00	5.232000000000000455e+02	5.247720000000000482e+02	2.957230424196003469e+02
4.231499999999999773e+02	3.919999999999999929e+00	5.238999999999999773e+02	5.257880000000000109e+02	2.267396835273624447e+02
