# Temperature (K)	Pressure (MPa)	Experimental(kg/m3)	NIST(kg/m3)	Model(kg/m3)
2.528329999999999984e+02	4.589699999999999669e+00	4.250439599999999984e+01	4.091550000000000153e+01	1.348421447844922909e+02
2.033990000000000009e+02	4.855900000000000105e+00	4.075282800000000094e+01	7.513330000000000553e+01	1.759061072016662308e+02
2.733799999999999955e+02	5.105800000000000338e+00	4.086029599999999817e+01	4.088020000000000209e+01	1.199937377177784725e+02
2.085740000000000123e+02	6.027000000000000135e+00	1.036408559999999994e+02	1.032789999999999964e+02	1.755426804931998674e+02
2.232340000000000089e+02	7.234600000000000364e+00	1.035718839999999830e+02	1.034180000000000064e+02	1.678458293829843626e+02
2.344399999999999977e+02	8.143299999999999983e+00	1.035205559999999849e+02	1.034260000000000019e+02	1.619174361011860412e+02
2.437330000000000041e+02	8.891299999999999315e+00	1.034708320000000015e+02	1.034339999999999975e+02	1.569914305968059978e+02
2.437729999999999961e+02	8.893900000000000361e+00	1.034708320000000015e+02	1.034240000000000066e+02	1.569680762937552458e+02
2.513760000000000048e+02	9.501799999999999358e+00	1.034307319999999777e+02	1.034189999999999969e+02	1.529263269656139528e+02
2.621899999999999977e+02	1.035050000000000026e+01	1.033810079999999800e+02	1.032690000000000055e+02	1.471285692315915981e+02
2.721549999999999727e+02	1.114780000000000015e+01	1.033312839999999966e+02	1.033760000000000048e+02	1.418409303279643723e+02
2.721850000000000023e+02	1.114939999999999998e+01	1.033312839999999966e+02	1.033670000000000044e+02	1.418222341337645105e+02
1.910320000000000107e+02	4.614499999999999602e+00	1.160349640000000022e+02	1.178439999999999941e+02	1.848619194631168909e+02
1.933249999999999886e+02	4.833599999999999675e+00	1.159948640000000069e+02	1.149030000000000058e+02	1.837571531642922480e+02
1.977369999999999948e+02	5.272199999999999775e+00	1.159756160000000023e+02	1.152770000000000010e+02	1.816937059984745702e+02
2.027529999999999859e+02	5.762699999999999712e+00	1.159451399999999950e+02	1.155060000000000002e+02	1.793210254993441310e+02
2.032239999999999895e+02	6.290899999999999714e+00	1.159146640000000019e+02	1.492299999999999898e+02	1.807749716752755091e+02
2.121649999999999920e+02	6.668899999999999828e+00	1.158954159999999831e+02	1.157079999999999984e+02	1.748317779166900721e+02
2.171359999999999957e+02	7.142100000000000115e+00	1.158649400000000043e+02	1.157390000000000043e+02	1.724432312863311267e+02
2.229259999999999877e+02	7.690900000000000070e+00	1.158360679999999974e+02	1.157750000000000057e+02	1.696560030546803546e+02
2.300500000000000114e+02	8.361399999999999721e+00	1.157959680000000020e+02	1.157720000000000056e+02	1.662129904534781133e+02
2.373360000000000127e+02	9.043200000000000571e+00	1.157558680000000066e+02	1.157540000000000049e+02	1.626792447766736700e+02
2.427090000000000032e+02	9.543400000000000105e+00	1.157253919999999994e+02	1.157300000000000040e+02	1.600680152488248780e+02
2.484439999999999884e+02	1.007569999999999943e+01	1.156949160000000063e+02	1.157079999999999984e+02	1.572754109709981094e+02
2.501939999999999884e+02	1.023760000000000048e+01	1.156852920000000040e+02	1.156989999999999981e+02	1.564220615701457291e+02
2.534449999999999932e+02	1.053780000000000072e+01	1.156660439999999994e+02	1.156790000000000020e+02	1.548343653688315555e+02
2.536419999999999959e+02	1.101720000000000077e+01	1.156355680000000064e+02	1.221650000000000063e+02	1.563401559833499448e+02
2.630500000000000114e+02	1.142290000000000028e+01	1.156147160000000014e+02	1.156410000000000053e+02	1.501410023484767180e+02
2.683009999999999877e+02	1.190489999999999959e+01	1.155858439999999945e+02	1.156189999999999998e+02	1.475686444151070873e+02
2.731709999999999923e+02	1.236040000000000028e+01	1.155553680000000014e+02	1.157030000000000030e+02	1.452124503671138029e+02
1.910320000000000107e+02	4.657899999999999707e+00	1.450080159999999978e+02	1.407319999999999993e+02	1.849109760457581899e+02
1.915509999999999877e+02	4.731799999999999784e+00	1.577854799999999784e+02	1.476320000000000050e+02	1.847088104664046568e+02
1.929379999999999882e+02	4.928200000000000358e+00	1.577758559999999761e+02	1.535970000000000084e+02	1.842665316975559051e+02
1.952429999999999950e+02	5.256300000000000416e+00	1.577550040000000138e+02	1.561939999999999884e+02	1.835383080973579979e+02
1.975620000000000118e+02	5.586999999999999744e+00	1.577453799999999831e+02	1.568880000000000052e+02	1.828071182647375110e+02
2.004110000000000014e+02	5.997700000000000031e+00	1.577261319999999785e+02	1.575459999999999923e+02	1.819243588172222417e+02
2.028290000000000077e+02	6.341700000000000337e+00	1.577052800000000161e+02	1.574120000000000061e+02	1.811596759387710449e+02
2.063700000000000045e+02	6.850299999999999834e+00	1.576748039999999662e+02	1.575229999999999961e+02	1.800573884948751129e+02
2.135029999999999859e+02	7.877100000000000435e+00	1.576250799999999685e+02	1.576220000000000141e+02	1.778464123427889660e+02
2.236469999999999914e+02	9.338900000000000645e+00	1.575448799999999778e+02	1.576189999999999998e+02	1.747126921778079520e+02
2.363979999999999961e+02	1.117670000000000030e+01	1.574454319999999825e+02	1.575620000000000118e+02	1.707804248291179761e+02
2.481469999999999914e+02	1.286739999999999995e+01	1.573652319999999918e+02	1.574869999999999948e+02	1.671496189280350393e+02
2.551630000000000109e+02	1.387490000000000023e+01	1.573058839999999918e+02	1.574360000000000070e+02	1.649756111990748764e+02
2.731669999999999732e+02	1.645039999999999836e+01	1.571759599999999750e+02	1.572909999999999968e+02	1.593633356447732297e+02
1.910320000000000107e+02	4.660700000000000287e+00	1.638598279999999932e+02	1.448750000000000000e+02	1.848667541225092350e+02
1.910399999999999920e+02	4.661800000000000388e+00	1.638133119999999963e+02	1.449449999999999932e+02	1.848642526621524382e+02
1.912290000000000134e+02	4.690000000000000391e+00	1.638133119999999963e+02	1.498249999999999886e+02	1.848089942254757716e+02
1.914279999999999973e+02	4.718799999999999883e+00	1.638133119999999963e+02	1.523110000000000070e+02	1.847477173735512679e+02
1.918199999999999932e+02	4.776200000000000223e+00	1.638133119999999963e+02	1.560000000000000000e+02	1.846294161012285144e+02
1.920759999999999934e+02	4.813100000000000378e+00	1.638133119999999963e+02	1.568849999999999909e+02	1.845501666573300099e+02
1.935219999999999914e+02	5.026299999999999990e+00	1.637924599999999771e+02	1.607779999999999916e+02	1.841188402523670220e+02
1.951579999999999870e+02	5.269999999999999574e+00	1.637828359999999464e+02	1.623280000000000030e+02	1.836397870836555342e+02
1.979259999999999877e+02	5.683600000000000207e+00	1.637619840000000124e+02	1.630910000000000082e+02	1.828344121107982971e+02
2.005749999999999886e+02	6.081400000000000361e+00	1.637427359999999794e+02	1.633770000000000095e+02	1.820702265581663539e+02
2.040370000000000061e+02	6.603600000000000136e+00	1.637122599999999863e+02	1.635569999999999879e+02	1.810797680583492593e+02
2.078549999999999898e+02	7.179899999999999949e+00	1.636833880000000079e+02	1.635589999999999975e+02	1.799891608082095331e+02
2.078549999999999898e+02	7.183300000000000018e+00	1.636833880000000079e+02	1.637309999999999945e+02	1.800009901808274719e+02
2.130440000000000111e+02	7.969100000000000072e+00	1.636432879999999841e+02	1.636719999999999970e+02	1.785291146393268491e+02
2.333859999999999957e+02	1.106879999999999953e+01	1.634828880000000026e+02	1.636200000000000045e+02	1.728356174660563624e+02
2.528870000000000005e+02	1.403870000000000040e+01	1.633337159999999812e+02	1.634739999999999895e+02	1.673783109262716948e+02
2.730160000000000196e+02	1.709250000000000114e+01	1.631733159999999714e+02	1.633160000000000025e+02	1.617095686649397521e+02
2.730579999999999927e+02	1.709669999999999845e+01	1.631733159999999714e+02	1.632959999999999923e+02	1.616901910023771904e+02
1.910320000000000107e+02	4.664299999999999891e+00	1.789775280000000066e+02	1.528129999999999882e+02	1.848239893700628045e+02
1.918480000000000132e+02	4.798300000000000232e+00	1.789149719999999775e+02	1.751109999999999900e+02	1.846291122998133858e+02
1.918729999999999905e+02	4.800900000000000389e+00	1.789149719999999775e+02	1.739950000000000045e+02	1.846178995909541527e+02
1.932479999999999905e+02	5.024799999999999933e+00	1.789053480000000036e+02	1.766839999999999975e+02	1.842828769447156390e+02
1.951100000000000136e+02	5.333999999999999631e+00	1.788957239999999729e+02	1.778400000000000034e+02	1.838496509421091787e+02
1.973000000000000114e+02	5.699200000000000266e+00	1.788716639999999813e+02	1.780680000000000121e+02	1.833460903515919540e+02
1.992160000000000082e+02	6.022800000000000153e+00	1.788556239999999775e+02	1.783429999999999893e+02	1.829200412271232210e+02
2.009010000000000105e+02	6.309199999999999697e+00	1.788460000000000036e+02	1.785149999999999864e+02	1.825512016259154677e+02
2.030639999999999930e+02	6.678200000000000358e+00	1.788251479999999844e+02	1.786200000000000045e+02	1.820830321433373058e+02
2.075639999999999930e+02	7.451600000000000001e+00	1.787850479999999891e+02	1.787259999999999991e+02	1.811287201310975092e+02
2.131970000000000027e+02	8.426600000000000534e+00	1.787353239999999914e+02	1.787450000000000045e+02	1.799588525927339617e+02
2.132040000000000077e+02	8.428200000000000358e+00	1.787353239999999914e+02	1.787570000000000050e+02	1.799587501886906580e+02
2.132119999999999891e+02	8.429299999999999571e+00	1.787353239999999914e+02	1.787479999999999905e+02	1.799560994306218618e+02
2.231839999999999975e+02	1.016600000000000037e+01	1.786454999999999984e+02	1.787079999999999984e+02	1.779243731874178422e+02
2.331610000000000014e+02	1.191220000000000034e+01	1.785652999999999793e+02	1.786750000000000114e+02	1.759219491317469419e+02
2.431370000000000005e+02	1.366009999999999991e+01	1.784754759999999578e+02	1.786140000000000043e+02	1.739267732195617953e+02
2.531529999999999916e+02	1.541230000000000011e+01	1.783952759999999955e+02	1.785169999999999959e+02	1.719147433156870477e+02
2.631240000000000236e+02	1.715540000000000020e+01	1.783054520000000025e+02	1.784300000000000068e+02	1.699070892939386965e+02
2.730919999999999845e+02	1.889770000000000039e+01	1.782252519999999834e+02	1.783679999999999950e+02	1.678988872291598398e+02
2.731499999999999773e+02	1.889270000000000138e+01	1.782252519999999834e+02	1.782479999999999905e+02	1.678345823907692420e+02
1.910320000000000107e+02	4.670099999999999696e+00	1.887362640000000056e+02	1.724720000000000084e+02	1.848075103093354983e+02
1.924979999999999905e+02	4.929499999999999993e+00	1.886705000000000041e+02	1.869960000000000093e+02	1.845231520087294541e+02
1.958400000000000034e+02	5.525599999999999845e+00	1.886416279999999972e+02	1.880749999999999886e+02	1.838909678392932676e+02
1.981819999999999879e+02	5.951100000000000279e+00	1.886207759999999496e+02	1.883069999999999879e+02	1.834753038650953840e+02
2.034339999999999975e+02	6.919200000000000017e+00	1.885710520000000088e+02	1.884939999999999998e+02	1.825913083696335661e+02
2.120339999999999918e+02	8.530799999999999272e+00	1.884908519999999896e+02	1.884900000000000091e+02	1.812368934890639025e+02
2.120349999999999966e+02	8.531000000000000583e+00	1.884908519999999896e+02	1.884900000000000091e+02	1.812367798485387880e+02
2.226320000000000050e+02	1.054069999999999929e+01	1.883914039999999943e+02	1.884389999999999930e+02	1.796514186709098908e+02
2.334019999999999868e+02	1.259559999999999924e+01	1.883015800000000013e+02	1.883799999999999955e+02	1.780833039037710250e+02
2.334029999999999916e+02	1.259730000000000061e+01	1.883015800000000013e+02	1.884010000000000105e+02	1.780884060741942392e+02
2.370329999999999870e+02	1.329219999999999935e+01	1.882614800000000059e+02	1.883899999999999864e+02	1.775679398998989598e+02
2.370339999999999918e+02	1.329199999999999982e+01	1.882614800000000059e+02	1.883839999999999861e+02	1.775664356289080104e+02
2.433779999999999859e+02	1.450530000000000008e+01	1.882005279999999914e+02	1.883360000000000127e+02	1.766524394223261254e+02
2.433810000000000002e+02	1.450500000000000078e+01	1.882005279999999914e+02	1.883259999999999934e+02	1.766489696331925643e+02
2.532839999999999918e+02	1.639870000000000161e+01	1.881219319999999868e+02	1.882439999999999998e+02	1.752209299555022426e+02
2.634490000000000123e+02	1.834019999999999939e+01	1.880208800000000053e+02	1.881519999999999868e+02	1.737461852411321104e+02
2.683000000000000114e+02	1.926829999999999998e+01	1.879807800000000100e+02	1.881289999999999907e+02	1.730472569961675617e+02
2.683000000000000114e+02	1.926780000000000115e+01	1.879807800000000100e+02	1.881260000000000048e+02	1.730455195923860572e+02
2.726940000000000168e+02	2.010500000000000043e+01	1.879406799999999862e+02	1.880840000000000032e+02	1.724002721203028727e+02
2.726949999999999932e+02	2.010490000000000066e+01	1.879406799999999862e+02	1.880809999999999889e+02	1.723991153120044828e+02
2.726979999999999791e+02	2.010460000000000136e+01	1.879406799999999862e+02	1.880749999999999886e+02	1.723956451233846678e+02
1.910320000000000107e+02	4.724700000000000344e+00	2.063947000000000003e+02	2.042189999999999941e+02	1.849246019330709032e+02
1.914540000000000077e+02	4.809700000000000308e+00	2.031241440000000011e+02	2.046779999999999973e+02	1.848920711921067550e+02
1.923969999999999914e+02	4.996900000000000119e+00	2.063225199999999973e+02	2.046819999999999879e+02	1.847713870372750762e+02
1.965049999999999955e+02	5.852100000000000080e+00	2.030744200000000035e+02	2.058350000000000080e+02	1.844374171856342457e+02
2.035730000000000075e+02	7.364200000000000301e+00	2.062134479999999996e+02	2.060649999999999977e+02	1.839734918404871848e+02
2.092949999999999875e+02	8.611000000000000654e+00	2.061524960000000135e+02	2.060529999999999973e+02	1.836840074551687678e+02
2.186220000000000141e+02	1.066820000000000057e+01	2.060626719999999921e+02	2.060130000000000052e+02	1.832980030198108636e+02
2.281030000000000086e+02	1.277549999999999919e+01	2.059632239999999967e+02	2.059499999999999886e+02	1.829600235433489388e+02
2.385500000000000114e+02	1.510929999999999929e+01	2.058621719999999868e+02	2.058979999999999961e+02	1.826270923515075992e+02
2.459199999999999875e+02	1.675459999999999994e+01	2.025755760000000123e+02	2.058199999999999932e+02	1.823916076488409033e+02
2.529720000000000084e+02	1.833470000000000155e+01	2.057129999999999939e+02	2.057909999999999968e+02	1.821767810600081816e+02
2.601080000000000041e+02	1.992999999999999972e+01	2.056424240000000054e+02	2.057340000000000089e+02	1.819501142977020436e+02
2.673120000000000118e+02	2.153729999999999833e+01	2.023654520000000048e+02	2.056639999999999873e+02	1.817137562159727793e+02
2.741510000000000105e+02	2.305760000000000076e+01	2.055028759999999863e+02	2.055790000000000077e+02	1.814606308677839763e+02
1.910749999999999886e+02	4.861500000000000377e+00	2.205451879999999960e+02	2.201069999999999993e+02	1.853305396410650019e+02
1.928919999999999959e+02	5.281699999999999839e+00	2.204938600000000122e+02	2.202090000000000032e+02	1.853247887407893302e+02
1.950480000000000018e+02	5.789299999999999891e+00	2.205066919999999868e+02	2.202870000000000061e+02	1.853489919607773970e+02
1.950649999999999977e+02	5.792799999999999727e+00	2.205066919999999868e+02	2.202620000000000005e+02	1.853474364054830232e+02
1.970999999999999943e+02	6.278699999999999726e+00	2.204858399999999961e+02	2.203100000000000023e+02	1.853943095823435101e+02
2.030099999999999909e+02	6.981200000000000294e+00	2.204553640000000030e+02	1.954230000000000018e+02	1.830619779312951607e+02
2.033220000000000027e+02	7.790399999999999991e+00	2.204152640000000076e+02	2.203220000000000027e+02	1.856289644300712496e+02
2.071970000000000027e+02	8.743900000000000006e+00	2.203767679999999984e+02	2.202649999999999864e+02	1.858152357439041964e+02
2.133230000000000075e+02	1.027059999999999995e+01	2.203061920000000100e+02	2.202779999999999916e+02	1.861755905132787063e+02
2.227920000000000016e+02	1.264320000000000022e+01	2.202067439999999863e+02	2.201670000000000016e+02	1.867762744239187782e+02
2.278460000000000036e+02	1.391740000000000066e+01	2.201554160000000024e+02	2.201330000000000098e+02	1.871219987517115442e+02
2.332719999999999914e+02	1.528839999999999932e+01	2.200960680000000025e+02	2.200949999999999989e+02	1.875024209231697796e+02
2.385060000000000002e+02	1.661090000000000089e+01	2.200367200000000025e+02	2.200430000000000064e+02	1.878678449350218500e+02
2.429850000000000136e+02	1.774289999999999878e+01	2.199853919999999903e+02	2.199950000000000045e+02	1.881809961218497733e+02
2.487659999999999911e+02	1.920260000000000034e+01	2.199260439999999903e+02	2.199240000000000066e+02	1.885797119791094190e+02
2.531109999999999900e+02	2.030049999999999955e+01	2.198859439999999950e+02	2.198789999999999907e+02	1.888814005444202451e+02
2.583140000000000214e+02	2.161449999999999960e+01	2.198265959999999950e+02	2.198249999999999886e+02	1.892395455295881277e+02
2.629320000000000164e+02	2.278109999999999857e+01	2.197768719999999973e+02	2.197860000000000014e+02	1.895578535825579536e+02
2.678190000000000168e+02	2.401170000000000115e+01	2.196934640000000059e+02	2.197290000000000134e+02	1.898803108375925888e+02
2.678860000000000241e+02	2.402659999999999840e+01	2.196934640000000059e+02	2.197170000000000130e+02	1.898778763453580609e+02
2.731530000000000200e+02	2.535510000000000019e+01	2.196661960000000136e+02	2.196779999999999973e+02	1.902324460608038237e+02
1.914530000000000030e+02	5.378599999999999604e+00	2.400867200000000139e+02	2.397829999999999870e+02	1.867809286505427622e+02
1.948040000000000020e+02	6.325599999999999667e+00	2.400466199999999901e+02	2.397659999999999911e+02	1.873732213082983833e+02
1.996109999999999900e+02	7.710399999999999920e+00	2.399872719999999902e+02	2.397709999999999866e+02	1.883104432119995124e+02
2.030540000000000020e+02	8.713499999999999801e+00	2.399471719999999948e+02	2.397479999999999905e+02	1.890218112813849700e+02
2.076270000000000095e+02	1.005739999999999945e+01	2.398974479999999971e+02	2.397230000000000132e+02	1.900062254719999828e+02
2.129350000000000023e+02	1.162650000000000006e+01	2.398364960000000110e+02	2.396699999999999875e+02	1.911762191759609664e+02
2.213600000000000136e+02	1.413100000000000023e+01	2.397370479999999873e+02	2.395769999999999982e+02	1.930798999422678150e+02
2.286370000000000005e+02	1.630160000000000053e+01	2.396472239999999942e+02	2.394919999999999902e+02	1.947464274160502100e+02
2.365989999999999895e+02	1.868009999999999948e+01	2.395574000000000012e+02	2.394010000000000105e+02	1.965771963582731132e+02
2.450860000000000127e+02	2.121399999999999864e+01	2.394242680000000121e+02	2.392949999999999875e+02	1.985222214607530589e+02
2.330680000000000121e+02	2.359680000000000177e+01	2.393568999999999960e+02	2.710659999999999741e+02	2.165209129536281125e+02
2.608360000000000127e+02	2.590360000000000085e+01	2.392670760000000030e+02	2.390920000000000130e+02	2.020807453353404810e+02
2.688240000000000123e+02	2.827159999999999940e+01	2.391772520000000100e+02	2.389819999999999993e+02	2.038440423919755631e+02
2.751539999999999964e+02	3.014720000000000155e+01	2.390970519999999908e+02	2.389149999999999920e+02	2.052370391396700597e+02
1.944190000000000111e+02	7.750899999999999679e+00	2.648845600000000218e+02	2.642200000000000273e+02	1.925943577568700960e+02
1.984199999999999875e+02	9.196300000000000807e+00	2.648348359999999388e+02	2.641480000000000246e+02	1.943993696357635770e+02
2.010440000000000111e+02	1.016380000000000017e+01	2.647947360000000572e+02	2.642320000000000277e+02	1.956513859286225170e+02
2.077700000000000102e+02	1.261730000000000018e+01	2.647017040000000065e+02	2.640869999999999891e+02	1.987625940303477137e+02
2.136659999999999968e+02	1.478819999999999979e+01	2.646247119999999882e+02	2.640450000000000159e+02	2.015533848831250054e+02
2.223930000000000007e+02	1.818240000000000123e+01	2.645044120000000021e+02	2.649180000000000064e+02	2.063046671956526836e+02
2.328120000000000118e+02	2.183500000000000085e+01	2.643744879999999853e+02	2.637839999999999918e+02	2.105813731477272484e+02
2.412949999999999875e+02	2.495779999999999887e+01	2.642654160000000161e+02	2.636990000000000123e+02	2.145705568616431549e+02
2.545310000000000059e+02	2.980270000000000152e+01	2.640953920000000039e+02	2.635280000000000200e+02	2.206917918060985926e+02
2.618260000000000218e+02	3.245940000000000225e+01	2.639959440000000086e+02	2.634309999999999832e+02	2.240153352541483116e+02
2.678829999999999814e+02	3.465840000000000032e+01	2.639157440000000179e+02	2.633530000000000086e+02	2.267494991445256289e+02
2.729809999999999945e+02	3.649969999999999715e+01	2.638451680000000010e+02	2.632760000000000105e+02	2.290173516842797881e+02
1.963839999999999861e+02	1.046010000000000062e+01	2.814458599999999819e+02	2.807210000000000036e+02	2.003922262666362144e+02
2.005370000000000061e+02	1.222439999999999927e+01	2.814169880000000035e+02	2.807149999999999750e+02	2.031849439576364205e+02
2.088220000000000027e+02	1.574259999999999948e+01	2.813079159999999774e+02	2.806190000000000282e+02	2.087467356182888807e+02
2.170440000000000111e+02	1.922759999999999891e+01	2.811876159999999913e+02	2.804780000000000086e+02	2.142242404389591286e+02
2.250219999999999914e+02	2.259710000000000107e+01	2.810769399999999223e+02	2.803179999999999836e+02	2.194901963239744873e+02
2.330790000000000077e+02	2.599630000000000152e+01	2.809566399999999362e+02	2.801859999999999786e+02	2.247912202343933927e+02
2.409960000000000093e+02	2.932229999999999848e+01	2.808475680000000239e+02	2.800550000000000068e+02	2.299427781032294718e+02
2.507350000000000136e+02	3.339209999999999923e+01	2.807080199999999195e+02	2.798940000000000055e+02	2.362000095688630950e+02
2.586460000000000150e+02	3.665979999999999706e+01	2.805973440000000210e+02	2.797110000000000127e+02	2.411465909979069977e+02
2.667500000000000000e+02	1.000919999999999987e+01	2.756762719999999831e+02	9.504609999999999559e+01	1.419920242964963961e+02
2.743029999999999973e+02	1.311359999999999992e+01	2.755655960000000277e+02	1.225999999999999943e+02	1.466806322021643325e+02
1.936299999999999955e+02	1.173029999999999973e+01	2.963999519999999848e+02	2.952959999999999923e+02	2.069992729189595764e+02
1.986670000000000016e+02	1.415579999999999927e+01	2.963197519999999940e+02	2.952250000000000227e+02	2.113794552210941333e+02
2.031560000000000059e+02	1.631609999999999872e+01	2.962507800000000202e+02	2.951530000000000200e+02	2.152760532942778866e+02
2.082139999999999986e+02	1.875110000000000099e+01	2.961802039999999465e+02	2.950819999999999936e+02	2.196622557628581092e+02
2.124240000000000066e+02	2.076940000000000097e+01	2.961096279999999865e+02	2.950009999999999764e+02	2.232793529380953714e+02
2.187580000000000098e+02	2.380489999999999995e+01	2.960198040000000219e+02	2.949019999999999868e+02	2.287140746380737255e+02
2.237419999999999902e+02	2.618669999999999831e+01	2.959396039999999743e+02	2.948249999999999886e+02	2.329623727783171034e+02
2.291349999999999909e+02	2.874849999999999994e+01	2.958610080000000266e+02	2.947200000000000273e+02	2.375037077334887670e+02
2.333950000000000102e+02	3.076829999999999998e+01	2.958000559999999837e+02	2.946449999999999818e+02	2.410771550662340701e+02
2.376069999999999993e+02	3.275959999999999894e+01	2.957407079999999837e+02	2.945720000000000027e+02	2.445869981713524908e+02
2.430550000000000068e+02	3.532520000000000238e+01	2.956508840000000191e+02	2.944769999999999754e+02	2.490909449075330429e+02
2.480389999999999873e+02	3.765870000000000317e+01	2.955803080000000023e+02	2.943799999999999955e+02	2.531630333025463813e+02
2.531260000000000048e+02	4.003479999999999706e+01	2.955001080000000115e+02	2.942909999999999968e+02	2.572998190317970284e+02
2.632830000000000155e+02	4.475249999999999773e+01	2.953509359999999333e+02	2.941200000000000045e+02	2.654662944499448258e+02
2.729270000000000209e+02	4.918399999999999750e+01	2.952113879999999426e+02	2.939370000000000118e+02	2.730592681889166329e+02
1.960889999999999986e+02	1.943100000000000094e+01	3.203492760000000317e+02	3.189089999999999918e+02	2.317525787785102409e+02
2.041810000000000116e+02	2.417849999999999966e+01	3.202081239999999980e+02	3.187370000000000232e+02	2.417339224595858127e+02
2.115250000000000057e+02	2.846290000000000120e+01	3.200894279999999412e+02	3.185919999999999845e+02	2.506877553073553884e+02
2.190629999999999882e+02	3.282529999999999859e+01	3.199595039999999813e+02	3.184329999999999927e+02	2.597508572110809268e+02
2.271049999999999898e+02	3.743410000000000082e+01	3.198295800000000213e+02	3.182450000000000045e+02	2.692555669257270097e+02
2.353000000000000114e+02	4.210009999999999764e+01	3.196996560000000045e+02	3.180740000000000123e+02	2.788323572953444227e+02
2.441740000000000066e+02	4.708910000000000196e+01	3.195488799999999969e+02	3.178580000000000041e+02	2.889820760899970082e+02
2.538280000000000030e+02	5.248590000000000089e+01	3.193884800000000155e+02	3.176659999999999968e+02	2.999342829521095268e+02
2.593430000000000177e+02	5.554410000000000025e+01	3.193884800000000155e+02	3.175570000000000164e+02	3.061085086370190425e+02
2.677330000000000041e+02	6.010529999999999973e+01	3.191591079999999465e+02	3.173059999999999832e+02	3.151950081845883460e+02
2.744889999999999759e+02	6.381250000000000000e+01	3.190500359999999205e+02	3.172029999999999745e+02	3.226501096205565773e+02
1.973149999999999977e+02	2.843870000000000076e+01	3.398202319999999759e+02	3.380880000000000223e+02	2.619960914456686965e+02
2.041690000000000111e+02	3.312689999999999912e+01	3.396678519999999821e+02	3.379429999999999836e+02	2.727526148173593015e+02
2.126440000000000055e+02	3.885759999999999792e+01	3.395491559999999822e+02	3.377450000000000045e+02	2.858157491813177558e+02
2.284300000000000068e+02	4.934640000000000271e+01	3.392604360000000270e+02	3.373489999999999895e+02	3.095028578175990219e+02
2.357779999999999916e+02	5.415500000000000114e+01	3.386493119999999521e+02	3.371669999999999732e+02	3.202957252810192017e+02
2.473600000000000136e+02	6.165200000000000102e+01	3.389300119999999197e+02	3.368960000000000150e+02	3.370322383120819154e+02
2.529919999999999902e+02	6.523109999999999786e+01	3.387824439999999413e+02	3.367320000000000277e+02	3.449637660864817690e+02
1.967909999999999968e+02	3.963920000000000243e+01	3.589302879999999050e+02	3.571229999999999905e+02	3.012874848764478202e+02
2.043660000000000139e+02	4.559190000000000254e+01	3.587811159999999404e+02	3.569169999999999732e+02	3.158744563728620278e+02
2.112549999999999955e+02	5.094030000000000058e+01	3.586511919999999236e+02	3.567259999999999991e+02	3.288977896915636734e+02
2.182930000000000064e+02	5.635159999999999769e+01	3.585212680000000205e+02	3.565419999999999732e+02	3.420433343043777654e+02
2.282849999999999966e+02	6.240749999999999886e+01	3.578796679999999242e+02	3.545400000000000205e+02	3.550647695004055890e+02
2.344199999999999875e+02	6.850320000000000675e+01	3.582116960000000176e+02	3.560919999999999845e+02	3.714055637576247477e+02
3.981600000000000250e+02	4.867600000000000371e+00	2.405999999999999872e+01	2.406139999999999901e+01	1.823025284490325149e+01
2.981419999999999959e+02	4.580400000000000027e+00	3.207999999999999829e+01	3.208140000000000214e+01	9.829235358123047206e+01
3.031429999999999723e+02	4.675300000000000011e+00	3.207999999999999829e+01	3.208270000000000266e+01	9.458268859796572769e+01
3.231399999999999864e+02	5.052999999999999936e+00	3.207999999999999829e+01	3.208220000000000027e+01	7.973302864015937530e+01
3.481429999999999723e+02	5.522199999999999775e+00	3.207999999999999829e+01	3.207520000000000238e+01	6.114175192282934290e+01
3.731499999999999773e+02	5.991999999999999993e+00	3.207999999999999829e+01	3.208220000000000027e+01	4.247930714869597324e+01
3.981600000000000250e+02	6.458199999999999719e+00	3.207999999999999829e+01	3.207679999999999865e+01	2.373587967960309442e+01
2.731499999999999773e+02	5.013899999999999579e+00	4.010000000000000142e+01	4.010179999999999723e+01	1.199723863943659126e+02
2.981419999999999959e+02	5.626299999999999635e+00	4.010000000000000142e+01	4.010009999999999764e+01	1.019127916293412994e+02
3.031429999999999723e+02	5.748499999999999943e+00	4.010000000000000142e+01	4.010150000000000148e+01	9.829960150867336210e+01
3.231399999999999864e+02	5.234300000000000175e+00	4.010000000000000142e+01	3.330089999999999861e+01	8.034704061608316294e+01
3.481429999999999723e+02	6.839000000000000412e+00	4.010000000000000142e+01	4.009510000000000218e+01	6.569111794392085812e+01
3.731499999999999773e+02	7.442400000000000126e+00	4.010000000000000142e+01	4.010000000000000142e+01	4.751869998520766813e+01
3.981600000000000250e+02	8.041100000000000136e+00	4.010000000000000142e+01	4.009080000000000155e+01	2.924030677338961937e+01
2.731499999999999773e+02	5.884199999999999875e+00	4.811999999999999744e+01	4.811659999999999826e+01	1.229738912816081893e+02
2.981419999999999959e+02	6.641499999999999737e+00	4.811999999999999744e+01	4.811740000000000350e+01	1.054199441859120867e+02
3.031429999999999723e+02	6.793999999999999595e+00	4.811999999999999744e+01	4.813100000000000023e+01	1.019093181110120696e+02
3.231399999999999864e+02	7.392599999999999838e+00	4.811999999999999744e+01	4.811520000000000152e+01	8.783125446768366373e+01
3.481429999999999723e+02	8.139099999999999113e+00	4.811999999999999744e+01	4.811229999999999762e+01	7.018274465050113520e+01
3.731499999999999773e+02	8.883499999999999730e+00	4.811999999999999744e+01	4.811769999999999925e+01	5.249032780606941628e+01
3.981600000000000250e+02	9.622899999999999565e+00	4.811999999999999744e+01	4.811129999999999995e+01	3.464700339096362569e+01
2.731499999999999773e+02	6.722199999999999953e+00	5.613999999999999346e+01	5.614119999999999777e+01	1.258102337173486518e+02
2.981419999999999959e+02	7.630700000000000038e+00	5.613999999999999346e+01	5.613419999999999987e+01	1.087624863922387846e+02
3.031429999999999723e+02	7.614600000000000257e+00	5.613999999999999346e+01	5.457119999999999749e+01	1.046636658278097229e+02
3.231399999999999864e+02	8.532400000000000873e+00	5.613999999999999346e+01	5.613369999999999749e+01	9.168351199635415583e+01
3.481429999999999723e+02	9.427899999999999281e+00	5.613999999999999346e+01	5.613009999999999877e+01	7.455086161866273642e+01
3.731499999999999773e+02	1.032000000000000028e+01	5.613999999999999346e+01	5.613340000000000174e+01	5.734671651425765759e+01
3.981600000000000250e+02	1.120700000000000074e+01	5.613999999999999346e+01	5.612910000000000110e+01	4.005981379168987644e+01
2.731499999999999773e+02	7.530700000000000394e+00	6.415999999999999659e+01	6.415840000000000032e+01	1.286012575460814276e+02
2.981419999999999959e+02	8.599199999999999733e+00	6.415999999999999659e+01	6.415550000000000352e+01	1.121122706493409851e+02
3.031429999999999723e+02	8.814199999999999591e+00	6.415999999999999659e+01	6.417449999999999477e+01	1.088166111262575697e+02
3.231399999999999864e+02	9.658500000000000085e+00	6.415999999999999659e+01	6.415300000000000580e+01	9.558479841325053883e+01
3.481429999999999723e+02	1.070940000000000047e+01	6.415999999999999659e+01	6.414209999999999923e+01	7.899327513125271594e+01
3.731499999999999773e+02	1.175769999999999982e+01	6.415999999999999659e+01	6.415019999999999811e+01	6.232205976700021210e+01
3.981600000000000250e+02	1.279930000000000057e+01	6.415999999999999659e+01	6.414619999999999322e+01	4.554292083050099649e+01
2.981419999999999959e+02	9.551099999999999923e+00	7.217999999999999261e+01	7.217610000000000525e+01	1.153781710168030230e+02
3.031429999999999723e+02	9.600199999999999179e+00	7.217999999999999261e+01	7.056600000000000250e+01	1.115043901901949681e+02
3.231399999999999864e+02	1.077790000000000070e+01	7.217999999999999261e+01	7.218760000000000332e+01	9.942290219256715034e+01
3.481429999999999723e+02	1.199200000000000088e+01	7.217999999999999261e+01	7.216830000000000211e+01	8.338616628655340435e+01
3.731499999999999773e+02	1.320129999999999981e+01	7.217999999999999261e+01	7.216379999999999484e+01	6.730140635607556021e+01
3.981600000000000250e+02	1.440830000000000055e+01	7.217999999999999261e+01	7.217640000000000100e+01	5.111353455680890079e+01
2.731499999999999773e+02	9.080199999999999605e+00	8.019999999999998863e+01	8.019440000000000168e+01	1.339070053659400799e+02
2.981419999999999959e+02	1.049109999999999943e+01	8.019999999999998863e+01	8.019429999999999836e+01	1.185968259144130030e+02
3.031429999999999723e+02	1.077449999999999974e+01	8.019999999999998863e+01	8.021659999999999968e+01	1.155363766174501734e+02
3.231399999999999864e+02	1.189119999999999955e+01	8.019999999999998863e+01	8.020499999999999829e+01	1.032412276313351356e+02
3.481429999999999723e+02	1.327810000000000024e+01	8.019999999999998863e+01	8.018980000000000530e+01	8.780352016016506411e+01
3.731499999999999773e+02	1.465830000000000055e+01	8.019999999999998863e+01	8.018399999999999750e+01	7.229022554555265856e+01
3.981600000000000250e+02	1.603460000000000107e+01	8.019999999999998863e+01	8.019240000000000634e+01	5.668757872801925402e+01
2.731499999999999773e+02	9.831500000000000128e+00	8.821999999999999886e+01	8.822289999999999566e+01	1.364765023126214771e+02
2.981419999999999959e+02	1.142609999999999992e+01	8.821999999999999886e+01	8.822660000000000480e+01	1.217942407076486546e+02
3.031429999999999723e+02	1.174489999999999945e+01	8.821999999999999886e+01	8.823969999999999914e+01	1.188559701404932269e+02
3.231399999999999864e+02	1.300300000000000011e+01	8.821999999999999886e+01	8.819989999999999952e+01	1.070439565257851484e+02
3.481429999999999723e+02	1.457460000000000022e+01	8.821999999999999886e+01	8.821420000000000528e+01	9.224285023750081791e+01
3.731499999999999773e+02	1.613210000000000122e+01	8.821999999999999886e+01	8.819660000000000366e+01	7.732730915991992049e+01
3.931600000000000250e+02	1.768870000000000076e+01	8.821999999999999886e+01	8.973460000000000036e+01	6.642752531778575076e+01
2.731499999999999773e+02	1.056600000000000072e+01	9.623999999999999488e+01	9.617690000000000339e+01	1.389929680912101730e+02
2.981419999999999959e+02	1.235849999999999937e+01	9.623999999999999488e+01	9.624920000000000186e+01	1.249920832203040248e+02
3.031429999999999723e+02	1.271599999999999930e+01	9.623999999999999488e+01	9.626640000000000441e+01	1.221875011418366057e+02
3.231399999999999864e+02	1.412609999999999921e+01	9.623999999999999488e+01	9.622480000000000189e+01	1.108960910989381432e+02
3.431429999999999723e+02	1.588959999999999972e+01	9.623999999999999488e+01	9.844339999999999691e+01	1.008158165181558843e+02
3.731499999999999773e+02	1.763080000000000069e+01	9.623999999999999488e+01	9.621120000000000516e+01	8.247779245181922647e+01
3.981600000000000250e+02	1.937010000000000076e+01	9.623999999999999488e+01	9.620910000000000650e+01	6.811649741628936283e+01
2.731499999999999773e+02	1.130569999999999986e+01	1.042600000000000051e+02	1.042409999999999997e+02	1.415792031946043892e+02
2.981419999999999959e+02	1.329410000000000025e+01	1.042600000000000051e+02	1.042660000000000053e+02	1.282716530500513272e+02
3.031429999999999723e+02	1.369209999999999994e+01	1.042600000000000051e+02	1.042870000000000061e+02	1.256077530483277940e+02
3.231399999999999864e+02	1.526919999999999966e+01	1.042600000000000051e+02	1.042990000000000066e+02	1.149023322031488021e+02
3.481429999999999723e+02	1.721950000000000003e+01	1.042600000000000051e+02	1.042510000000000048e+02	1.014195590662764204e+02
3.731499999999999773e+02	1.915850000000000009e+01	1.042600000000000051e+02	1.042139999999999986e+02	8.784027530046110144e+01
3.931600000000000250e+02	2.110150000000000148e+01	1.042600000000000051e+02	1.060550000000000068e+02	7.830808590127337254e+01
2.731499999999999773e+02	1.204940000000000033e+01	1.122800000000000011e+02	1.123479999999999990e+02	1.441784139017231041e+02
2.981419999999999959e+02	1.424109999999999943e+01	1.122800000000000011e+02	1.122980000000000018e+02	1.315864759543283924e+02
3.031429999999999723e+02	1.468089999999999939e+01	1.122800000000000011e+02	1.123179999999999978e+02	1.290702783490749255e+02
3.231399999999999864e+02	1.642079999999999984e+01	1.122800000000000011e+02	1.122980000000000018e+02	1.189404452766395792e+02
3.481429999999999723e+02	1.858650000000000091e+01	1.122800000000000011e+02	1.122969999999999970e+02	1.062093319237825426e+02
3.731499999999999773e+02	2.073470000000000013e+01	1.122800000000000011e+02	1.122690000000000055e+02	9.336803779754113464e+01
3.981600000000000250e+02	2.287059999999999960e+01	1.122800000000000011e+02	1.122409999999999997e+02	8.040513640924848460e+01
2.731499999999999773e+02	1.278539999999999921e+01	1.202999999999999972e+02	1.203110000000000070e+02	1.467315412392389646e+02
2.981419999999999959e+02	1.520400000000000063e+01	1.202999999999999972e+02	1.203340000000000032e+02	1.349257718350582138e+02
3.031429999999999723e+02	1.567830000000000013e+01	1.202999999999999972e+02	1.202780000000000058e+02	1.325293757045174914e+02
3.231399999999999864e+02	1.759659999999999869e+01	1.202999999999999972e+02	1.202879999999999967e+02	1.230128229916743123e+02
3.431429999999999723e+02	1.998069999999999879e+01	1.202999999999999972e+02	1.230520000000000067e+02	1.151029293431433160e+02
3.731499999999999773e+02	2.234400000000000119e+01	1.202999999999999972e+02	1.202579999999999956e+02	9.896237148594795485e+01
3.981600000000000250e+02	2.470530000000000115e+01	1.202999999999999972e+02	1.202750000000000057e+02	8.679952004098257135e+01
2.731499999999999773e+02	1.354100000000000037e+01	1.283199999999999932e+02	1.283650000000000091e+02	1.493451335992656368e+02
2.981419999999999959e+02	1.618730000000000047e+01	1.283199999999999932e+02	1.283569999999999993e+02	1.383286752180630401e+02
3.031429999999999723e+02	1.671349999999999980e+01	1.283199999999999932e+02	1.283480000000000132e+02	1.361119762935503843e+02
3.231399999999999864e+02	1.881419999999999959e+01	1.283199999999999932e+02	1.283389999999999986e+02	1.272322812366181211e+02
3.481429999999999723e+02	2.142180000000000106e+01	1.283199999999999932e+02	1.283069999999999879e+02	1.160331978966813580e+02
3.731499999999999773e+02	2.400779999999999959e+01	1.283199999999999932e+02	1.282500000000000000e+02	1.047094579943653798e+02
3.981600000000000250e+02	2.660229999999999961e+01	1.283199999999999932e+02	1.282969999999999970e+02	9.337584693890468657e+01
2.731600000000000250e+02	1.430899999999999928e+01	1.283199999999999932e+02	1.363549999999999898e+02	1.519906634497277764e+02
2.931419999999999959e+02	1.719790000000000063e+01	1.363399999999999466e+02	1.410440000000000111e+02	1.458547899805446662e+02
3.031429999999999723e+02	1.777359999999999829e+01	1.363399999999999466e+02	1.363689999999999998e+02	1.397613035501497905e+02
3.231399999999999864e+02	2.006729999999999947e+01	1.363399999999999466e+02	1.363590000000000089e+02	1.315435406778017580e+02
3.481429999999999723e+02	2.291929999999999978e+01	5.613999999999999346e+01	1.363480000000000132e+02	1.215519381512314254e+02
3.731499999999999773e+02	2.574269999999999925e+01	1.363399999999999466e+02	1.362800000000000011e+02	1.106836519702757755e+02
3.981600000000000250e+02	2.857580000000000098e+01	1.363399999999999466e+02	1.363269999999999982e+02	1.001777916312075973e+02
2.731499999999999773e+02	1.510950000000000060e+01	1.443600000000000136e+02	1.444550000000000125e+02	1.547662320282364590e+02
2.981419999999999959e+02	1.824699999999999989e+01	1.443600000000000136e+02	1.444010000000000105e+02	1.454589518943357405e+02
3.031429999999999723e+02	1.887330000000000041e+01	1.443600000000000136e+02	1.443979999999999961e+02	1.435897238365134854e+02
3.231399999999999864e+02	2.137590000000000146e+01	1.443600000000000136e+02	1.444219999999999970e+02	1.361023112326151647e+02
3.481429999999999723e+02	2.447660000000000124e+01	1.443600000000000136e+02	1.443820000000000050e+02	1.266205998358372256e+02
3.731499999999999773e+02	2.754339999999999833e+01	1.443600000000000136e+02	1.442800000000000011e+02	1.169651250105208078e+02
3.981600000000000250e+02	3.062089999999999890e+01	1.443600000000000136e+02	1.443060000000000116e+02	1.072855323017086278e+02
2.731499999999999773e+02	1.593069999999999986e+01	1.523799999999999955e+02	1.524389999999999930e+02	1.575957818645111672e+02
2.981419999999999959e+02	1.934230000000000160e+01	1.523799999999999955e+02	1.524459999999999980e+02	1.492322641761136310e+02
3.031429999999999723e+02	2.001160000000000139e+01	1.523799999999999955e+02	1.523700000000000045e+02	1.475111445441556555e+02
3.231399999999999864e+02	2.273659999999999926e+01	1.523799999999999955e+02	1.524509999999999934e+02	1.407914262775072700e+02
3.481429999999999723e+02	2.610239999999999938e+01	1.523799999999999955e+02	1.524070000000000107e+02	1.322227193065574227e+02
3.731499999999999773e+02	2.944780000000000086e+01	1.523799999999999955e+02	1.523669999999999902e+02	1.235433195375945559e+02
3.981600000000000250e+02	3.278649999999999665e+01	1.523799999999999955e+02	1.523799999999999955e+02	1.148053489973485171e+02
2.731499999999999773e+02	1.679789999999999850e+01	1.603999999999999773e+02	1.604919999999999902e+02	1.606260707631693947e+02
2.981419999999999959e+02	2.048250000000000171e+01	1.603999999999999773e+02	1.604339999999999975e+02	1.532273366093493507e+02
3.031429999999999723e+02	2.121000000000000085e+01	1.603999999999999773e+02	1.603750000000000000e+02	1.517111891424065959e+02
3.231399999999999864e+02	2.415340000000000131e+01	1.603999999999999773e+02	1.604199999999999875e+02	1.457612468677627930e+02
3.481429999999999723e+02	2.780480000000000018e+01	1.603999999999999773e+02	1.604120000000000061e+02	1.381958037212036743e+02
3.731499999999999773e+02	3.142500000000000071e+01	1.603999999999999773e+02	1.603640000000000043e+02	1.304850225537278448e+02
3.981600000000000250e+02	3.504939999999999856e+01	1.603999999999999773e+02	1.604120000000000061e+02	1.227309457199122704e+02
2.731499999999999773e+02	1.770019999999999882e+01	1.684199999999999875e+02	1.684350000000000023e+02	1.637476621882051688e+02
2.981419999999999959e+02	2.169379999999999953e+01	1.684199999999999875e+02	1.684799999999999898e+02	1.574154102081713802e+02
3.031429999999999723e+02	2.248049999999999926e+01	1.684199999999999875e+02	1.684230000000000018e+02	1.561034582953793404e+02
3.231399999999999864e+02	2.565719999999999956e+01	1.684199999999999875e+02	1.684430000000000121e+02	1.509594311987352455e+02
3.481429999999999723e+02	2.960140000000000171e+01	1.684199999999999875e+02	1.684269999999999925e+02	1.444085579414993390e+02
3.731499999999999773e+02	3.351010000000000133e+01	1.684199999999999875e+02	1.683669999999999902e+02	1.376978409487695956e+02
3.981600000000000250e+02	3.743010000000000304e+01	1.684199999999999875e+02	1.684329999999999927e+02	1.309793771714849413e+02
2.731499999999999773e+02	1.867800000000000082e+01	1.764399999999999977e+02	1.765389999999999873e+02	1.671349003787610741e+02
2.981419999999999959e+02	2.296880000000000166e+01	1.764399999999999977e+02	1.764660000000000082e+02	1.618360284808634901e+02
3.031429999999999723e+02	2.382920000000000016e+01	1.764399999999999977e+02	1.764780000000000086e+02	1.607804003930660599e+02
3.231399999999999864e+02	2.725390000000000157e+01	1.764399999999999977e+02	1.764840000000000089e+02	1.565006788209833815e+02
3.481429999999999723e+02	3.150309999999999988e+01	1.764399999999999977e+02	1.764439999999999884e+02	1.510076391273511263e+02
3.731499999999999773e+02	3.572970000000000113e+01	1.764399999999999977e+02	1.764230000000000018e+02	1.453998195687364046e+02
3.981600000000000250e+02	3.995230000000000103e+01	1.764399999999999977e+02	1.764739999999999895e+02	1.397536441345733635e+02
2.731499999999999773e+02	1.970510000000000161e+01	1.844600000000000080e+02	1.844979999999999905e+02	1.706974977830617490e+02
2.981419999999999959e+02	2.434509999999999863e+01	1.844600000000000080e+02	1.845500000000000114e+02	1.666106179649955550e+02
3.031429999999999723e+02	2.525069999999999837e+01	1.844600000000000080e+02	1.844459999999999980e+02	1.657117209537361475e+02
3.231399999999999864e+02	2.895420000000000016e+01	1.844600000000000080e+02	1.845310000000000059e+02	1.623961113456789747e+02
3.481429999999999723e+02	3.351039999999999708e+01	1.844600000000000080e+02	1.844130000000000109e+02	1.579700333903352600e+02
3.731499999999999773e+02	3.808659999999999712e+01	1.844600000000000080e+02	1.844850000000000136e+02	1.535833759652876154e+02
2.731499999999999773e+02	2.082110000000000127e+01	1.924799999999999898e+02	1.925370000000000061e+02	1.745640786096782620e+02
2.981419999999999959e+02	2.579500000000000171e+01	1.924799999999999898e+02	1.924989999999999952e+02	1.716369565823904964e+02
3.031429999999999723e+02	2.678829999999999956e+01	1.924799999999999898e+02	1.924960000000000093e+02	1.710424722944496239e+02
3.231399999999999864e+02	3.075550000000000139e+01	1.924799999999999898e+02	1.925109999999999957e+02	1.686422277443781184e+02
3.431429999999999723e+02	3.566510000000000247e+01	1.924799999999999898e+02	1.960399999999999920e+02	1.695054768413699549e+02
3.731499999999999773e+02	4.059320000000000306e+01	1.924799999999999898e+02	1.925399999999999920e+02	1.622903546716477763e+02
2.731499999999999773e+02	2.202749999999999986e+01	2.005000000000000000e+02	2.005670000000000073e+02	1.787478923936955937e+02
2.931419999999999959e+02	2.737879999999999825e+01	2.005000000000000000e+02	2.059190000000000111e+02	1.811776742995725442e+02
3.031429999999999723e+02	2.842520000000000024e+01	2.005000000000000000e+02	2.004660000000000082e+02	1.767198908803669610e+02
3.231399999999999864e+02	3.269740000000000180e+01	2.005000000000000000e+02	2.005349999999999966e+02	1.753807112642734864e+02
3.481429999999999723e+02	3.799929999999999808e+01	2.005000000000000000e+02	2.005639999999999930e+02	1.735507892531104801e+02
2.030840000000000032e+02	5.066200000000000259e+00	8.105493199999999376e+01	8.251109999999999900e+01	1.767354366716916161e+02
2.232489999999999952e+02	5.066200000000000259e+00	5.909937999999999647e+01	5.933599999999999852e+01	1.604197621546881294e+02
2.731499999999999773e+02	5.066200000000000259e+00	4.060526000000000124e+01	4.057419999999999760e+01	1.200948274098456920e+02
3.731499999999999773e+02	5.066200000000000259e+00	2.671141199999999927e+01	2.700309999999999988e+01	3.932659903962128567e+01
4.231700000000000159e+02	5.066200000000000259e+00	2.341358800000000073e+01	2.340220000000000056e+01	-1.394155752567440398e+00
4.731929999999999836e+02	5.066200000000000259e+00	2.072207600000000127e+01	2.071270000000000167e+01	-4.287729094005553065e+01
2.030840000000000032e+02	6.079500000000000348e+00	1.278676719999999847e+02	1.345219999999999914e+02	1.801144070819947842e+02
2.232489999999999952e+02	6.079500000000000348e+00	7.753575599999999213e+01	7.771290000000000475e+01	1.639089908310479871e+02
2.481750000000000114e+02	6.079500000000000348e+00	5.942338800000000276e+01	5.951979999999999649e+01	1.437895558672119591e+02
2.731499999999999773e+02	6.079500000000000348e+00	4.998224400000000145e+01	4.996009999999999707e+01	1.236516376774005721e+02
2.981419999999999959e+02	6.079500000000000348e+00	4.360313599999999212e+01	4.365149999999999864e+01	1.035177797060545117e+02
3.231399999999999864e+02	6.079500000000000348e+00	3.905740000000000123e+01	3.903750000000000142e+01	8.337298722582086441e+01
4.231700000000000159e+02	6.079500000000000348e+00	2.812132799999999833e+01	2.813080000000000069e+01	2.179769712493141665e+00
4.731929999999999836e+02	6.079500000000000348e+00	2.487002000000000024e+01	2.485180000000000078e+01	-3.919334823732513229e+01
2.030840000000000032e+02	6.586100000000000065e+00	1.601209039999999675e+02	1.724410000000000025e+02	1.817875421290270594e+02
2.030840000000000032e+02	7.092699999999999783e+00	1.907091839999999934e+02	1.996510000000000105e+02	1.834691945026838198e+02
2.232489999999999952e+02	7.092699999999999783e+00	9.922343999999999653e+01	9.994129999999999825e+01	1.673854666809821481e+02
2.030840000000000032e+02	8.105999999999999872e+00	2.245199000000000069e+02	2.288269999999999982e+02	1.869204800792884384e+02
2.232489999999999952e+02	8.105999999999999872e+00	1.246468399999999974e+02	1.260520000000000067e+02	1.708794274497396373e+02
2.481750000000000114e+02	8.105999999999999872e+00	8.628397199999999145e+01	8.659310000000000684e+01	1.508023926214416406e+02
2.731499999999999773e+02	8.105999999999999872e+00	6.999214399999999614e+01	7.001699999999999591e+01	1.306690585248604464e+02
2.981419999999999959e+02	8.105999999999999872e+00	5.997195599999999871e+01	6.005120000000000147e+01	1.105311847599506621e+02
3.231399999999999864e+02	8.105999999999999872e+00	5.310683600000000126e+01	5.312080000000000268e+01	9.038366981855966742e+01
2.232489999999999952e+02	9.119199999999999307e+00	1.513373999999999739e+02	1.534269999999999925e+02	1.743405465372769640e+02
2.030840000000000032e+02	1.013250000000000028e+01	2.554626639999999895e+02	2.571080000000000041e+02	1.938869687494499487e+02
2.232489999999999952e+02	1.013250000000000028e+01	1.754743919999999662e+02	1.777429999999999950e+02	1.778017199890903441e+02
4.231700000000000159e+02	3.039750000000000085e+01	1.325625799999999970e+02	1.327829999999999870e+02	8.625475874026098211e+01
4.731929999999999836e+02	3.039750000000000085e+01	1.160798759999999987e+02	1.160379999999999967e+02	4.513338555305975319e+01
2.030840000000000032e+02	4.053000000000000114e+01	3.505622200000000248e+02	3.512760000000000105e+02	2.993029696639734425e+02
2.232489999999999952e+02	4.053000000000000114e+01	3.279265720000000215e+02	3.285459999999999923e+02	2.831007840727230018e+02
2.481750000000000114e+02	4.053000000000000114e+01	3.001100040000000035e+02	3.008159999999999741e+02	2.630396035834077111e+02
2.731499999999999773e+02	4.053000000000000114e+01	2.741075599999999781e+02	2.742440000000000282e+02	2.429091673172204082e+02
2.961419999999999959e+02	4.053000000000000114e+01	2.495310719999999947e+02	2.515929999999999893e+02	2.243623300162896044e+02
3.231399999999999864e+02	4.053000000000000114e+01	2.275819360000000131e+02	2.278410000000000082e+02	2.025553982952017407e+02
3.731499999999999773e+02	4.053000000000000114e+01	1.922009040000000084e+02	1.923429999999999893e+02	1.620983478026355442e+02
4.231700000000000159e+02	4.053000000000000114e+01	1.661663800000000037e+02	1.661320000000000050e+02	1.214118062391907955e+02
4.731929999999999836e+02	4.053000000000000114e+01	1.464997359999999844e+02	1.465000000000000000e+02	8.029341642755908026e+01
2.030840000000000032e+02	5.066250000000000142e+01	3.635048959999999738e+02	3.645799999999999841e+02	3.345145599702757977e+02
2.232489999999999952e+02	5.066250000000000142e+01	3.437837160000000267e+02	3.444089999999999918e+02	3.182799155259595523e+02
2.481750000000000114e+02	5.066250000000000142e+01	3.196419119999999907e+02	3.200140000000000100e+02	2.981965756563857894e+02
2.731499999999999773e+02	5.066250000000000142e+01	2.967640599999999722e+02	2.966070000000000277e+02	2.780494904061110901e+02
2.981419999999999959e+02	5.066250000000000142e+01	2.745486599999999271e+02	2.746759999999999877e+02	2.578792879872675599e+02
3.231399999999999864e+02	5.066250000000000142e+01	2.510596840000000043e+02	2.545709999999999980e+02	2.377026024459257201e+02
3.731499999999999773e+02	5.066250000000000142e+01	2.203543119999999931e+02	2.203240000000000123e+02	1.972136852853637663e+02
4.231700000000000159e+02	5.066250000000000142e+01	1.934359839999999906e+02	1.934360000000000070e+02	1.565938227197579238e+02
4.731929999999999836e+02	5.066250000000000142e+01	1.724123559999999884e+02	1.723810000000000002e+02	1.155955329176658353e+02
2.030840000000000032e+02	6.079500000000000171e+01	3.746879839999999717e+02	3.755889999999999986e+02	3.697592611070216435e+02
2.232489999999999952e+02	6.079500000000000171e+01	3.565595759999999359e+02	3.571850000000000023e+02	3.535177776496511797e+02
2.481750000000000114e+02	6.079500000000000171e+01	3.346312919999999735e+02	3.350529999999999973e+02	3.334314053652896632e+02
2.731499999999999773e+02	6.079500000000000171e+01	3.139573359999999980e+02	3.138260000000000218e+02	3.132961729531573383e+02
2.981419999999999959e+02	6.079500000000000171e+01	2.936105959999999868e+02	2.938020000000000209e+02	2.931441904692431990e+02
3.231399999999999864e+02	6.079500000000000171e+01	2.749656999999999130e+02	2.751990000000000123e+02	2.729731786029817613e+02
3.731499999999999773e+02	6.079500000000000171e+01	2.427686080000000004e+02	2.426189999999999998e+02	2.325679070261445531e+02
4.231700000000000159e+02	6.079500000000000171e+01	2.159032119999999964e+02	2.159890000000000043e+02	1.919651021795368138e+02
4.731929999999999836e+02	6.079500000000000171e+01	1.944801879999999983e+02	1.944029999999999916e+02	1.510327478885680819e+02
2.030840000000000032e+02	7.092749999999999488e+01	3.843087760000000230e+02	3.850430000000000064e+02	4.051861172718968760e+02
2.232489999999999952e+02	7.092749999999999488e+01	3.675710359999999923e+02	3.679549999999999841e+02	3.888933596588553883e+02
2.481750000000000114e+02	7.092749999999999488e+01	3.471152240000000120e+02	3.474850000000000136e+02	3.687629473398147297e+02
2.030840000000000032e+02	8.106000000000000227e+01	3.922293280000000095e+02	3.933650000000000091e+02	4.408146899794768956e+02
2.232489999999999952e+02	8.106000000000000227e+01	3.764074719999999843e+02	3.773079999999999927e+02	4.244787064188006980e+02
2.481750000000000114e+02	8.106000000000000227e+01	3.576422759999999812e+02	3.581279999999999859e+02	4.042897890768537650e+02
2.731499999999999773e+02	8.106000000000000227e+01	3.396903080000000159e+02	3.397570000000000050e+02	3.840802578762913413e+02
2.981419999999999959e+02	8.106000000000000227e+01	3.223815440000000194e+02	3.223310000000000173e+02	3.638713840149363250e+02
3.231399999999999864e+02	8.106000000000000227e+01	3.055603960000000257e+02	3.059399999999999977e+02	3.436730331921849029e+02
3.731499999999999773e+02	8.106000000000000227e+01	2.766450879999999870e+02	2.764200000000000159e+02	3.032373071554902140e+02
4.231700000000000159e+02	8.106000000000000227e+01	2.513901079999999979e+02	2.511659999999999968e+02	2.626777646907252688e+02
4.731929999999999836e+02	8.106000000000000227e+01	2.300184120000000121e+02	2.297539999999999907e+02	2.219210880147938099e+02
2.030840000000000032e+02	9.119249999999999545e+01	3.996574519999999779e+02	4.008260000000000218e+02	4.765453496779963984e+02
2.232489999999999952e+02	9.119249999999999545e+01	3.843809559999999124e+02	3.856050000000000182e+02	4.601528814226307418e+02
2.481750000000000114e+02	9.119249999999999545e+01	3.666760039999999208e+02	3.674610000000000127e+02	4.399083177118488948e+02
2.030840000000000032e+02	1.013250000000000028e+02	4.062867840000000115e+02	4.076039999999999850e+02	5.128870034071914006e+02
2.232489999999999952e+02	1.013250000000000028e+02	3.922678240000000187e+02	3.930799999999999841e+02	4.963875985647011930e+02
2.461750000000000114e+02	1.013250000000000028e+02	3.753744960000000219e+02	3.771539999999999964e+02	4.777208731679534139e+02
2.731499999999999773e+02	1.013250000000000028e+02	3.586704399999999850e+02	3.592590000000000146e+02	4.557311292775289644e+02
2.981419999999999959e+02	1.013250000000000028e+02	3.433554480000000240e+02	3.435380000000000109e+02	4.354227630271122962e+02
3.231399999999999864e+02	1.013250000000000028e+02	3.283772960000000012e+02	3.286689999999999827e+02	4.151391730752453668e+02
3.731499999999999773e+02	1.013250000000000028e+02	2.987401879999999892e+02	3.015319999999999823e+02	3.746739848885268316e+02
4.231700000000000159e+02	1.013250000000000028e+02	2.780710439999999153e+02	2.777660000000000196e+02	3.340639987936602324e+02
4.731929999999999836e+02	1.013250000000000028e+02	2.574708719999999857e+02	2.570880000000000223e+02	2.933925704160081409e+02
1.928700000000000045e+02	3.339999999999999858e+01	3.538488159999999993e+02	3.525040000000000191e+02	2.827219833591354359e+02
1.928700000000000045e+02	5.289999999999999858e+01	3.779809960000000046e+02	3.772590000000000146e+02	3.504057236267695430e+02
1.928700000000000045e+02	7.140000000000000568e+01	3.952689080000000104e+02	3.942320000000000277e+02	4.149281627453254373e+02
1.928700000000000045e+02	9.790000000000000568e+01	4.138287920000000213e+02	4.130249999999999773e+02	5.088341507975135869e+02
2.120000000000000000e+02	4.010000000000000142e+01	3.406960159999999860e+02	3.405310000000000059e+02	2.905281179016841406e+02
2.120000000000000000e+02	5.860000000000000142e+01	3.652933560000000170e+02	3.650260000000000105e+02	3.547415794169407377e+02
2.120000000000000000e+02	7.459999999999999432e+01	3.808168679999999995e+02	3.807420000000000186e+02	4.106549536372416469e+02
2.120000000000000000e+02	9.503000000000000114e+01	3.969306520000000091e+02	3.968009999999999877e+02	4.829965086226963535e+02
2.250699999999999932e+02	4.279999999999999716e+01	3.337940039999999158e+02	3.304719999999999800e+02	2.894351418935413562e+02
2.250699999999999932e+02	6.250000000000000000e+01	3.569204759999999510e+02	3.574979999999999905e+02	3.579026109030007774e+02
2.250699999999999932e+02	8.229999999999999716e+01	3.766143880000000195e+02	3.769580000000000268e+02	4.273744257066822456e+02
2.250699999999999932e+02	1.087000000000000028e+02	3.965392759999999726e+02	3.968519999999999754e+02	5.217477273231061190e+02
2.375699999999999932e+02	3.019999999999999929e+01	2.878169480000000249e+02	2.874209999999999923e+02	2.356893189004045155e+02
2.375699999999999932e+02	6.060000000000000142e+01	3.442793520000000171e+02	3.441250000000000000e+02	3.411535002287161547e+02
2.375699999999999932e+02	9.420000000000000284e+01	3.782119720000000029e+02	3.775380000000000109e+02	4.592612110283652100e+02
2.494300000000000068e+02	4.110000000000000142e+01	3.016739039999999932e+02	3.006909999999999741e+02	2.639980030089387242e+02
2.494300000000000068e+02	5.810000000000000142e+01	3.304496639999999843e+02	3.302350000000000136e+02	3.230508437408528266e+02
2.494300000000000068e+02	7.440000000000000568e+01	3.506007159999999772e+02	3.503199999999999932e+02	3.799315552713815691e+02
2.494300000000000068e+02	9.420000000000000284e+01	3.693306240000000003e+02	3.691490000000000009e+02	4.500091382463673426e+02
2.615500000000000114e+02	4.070000000000000284e+01	2.873517879999999991e+02	2.867839999999999918e+02	2.529197769081549723e+02
2.615500000000000114e+02	5.329999999999999716e+01	3.122442639999999869e+02	3.119019999999999868e+02	2.966930683633015633e+02
2.615500000000000114e+02	6.800000000000000000e+01	3.328492479999999887e+02	3.332479999999999905e+02	3.479529434458922310e+02
2.615500000000000114e+02	8.259999999999999432e+01	3.490753119999999967e+02	3.497610000000000241e+02	3.991706750977713796e+02
2.615500000000000114e+02	1.000999999999999943e+02	3.650431320000000142e+02	3.658269999999999982e+02	4.612108024920016760e+02
2.787099999999999795e+02	3.479999999999999716e+01	2.530374159999999506e+02	2.517040000000000077e+02	2.185289083488167705e+02
2.787099999999999795e+02	5.000000000000000000e+01	2.915302080000000160e+02	2.902740000000000009e+02	2.712455424603498955e+02
2.787099999999999795e+02	6.239999999999999858e+01	3.130366399999999203e+02	3.117200000000000273e+02	3.143319278918214650e+02
2.787099999999999795e+02	7.740000000000000568e+01	3.323664440000000013e+02	3.316150000000000091e+02	3.667613501242764187e+02
2.787099999999999795e+02	9.590000000000000568e+01	3.549138720000000262e+02	3.508190000000000168e+02	4.318217654495410329e+02
2.934100000000000250e+02	4.650000000000000000e+01	2.694126519999999800e+02	2.694970000000000141e+02	2.471721240164879134e+02
2.934100000000000250e+02	6.400000000000000000e+01	3.022994639999999436e+02	3.026250000000000000e+02	3.079186775056761007e+02
2.934100000000000250e+02	9.470000000000000284e+01	3.401907560000000217e+02	3.401739999999999782e+02	4.154746274436656108e+02
3.032900000000000205e+02	3.689999999999999858e+01	2.281321079999999881e+02	2.337100000000000080e+02	2.058954391290906187e+02
3.032900000000000205e+02	5.160000000000000142e+01	2.673771760000000199e+02	2.723829999999999814e+02	2.568266448232974426e+02
3.092900000000000205e+02	6.670000000000000284e+01	3.120902800000000070e+02	2.950529999999999973e+02	3.042803400289915317e+02
3.092900000000000205e+02	8.470000000000000284e+01	3.196499319999999784e+02	3.192599999999999909e+02	3.673862258868838353e+02
3.032900000000000205e+02	1.057999999999999972e+02	3.412044839999999226e+02	3.445099999999999909e+02	4.473718341405333945e+02
2.403000000000000114e+02	4.621900000000000119e+00	4.759870000000000090e+01	4.504690000000000083e+01	1.451445262635926099e+02
2.500000000000000000e+02	5.120300000000000296e+00	4.752651999999999788e+01	4.749819999999999709e+01	1.390250493833924281e+02
2.600000000000000000e+02	5.416000000000000369e+00	4.745434000000000196e+01	4.742790000000000106e+01	1.319716425445422772e+02
2.700000000000000000e+02	5.708899999999999864e+00	4.738215999999999894e+01	4.735569999999999879e+01	1.249120982281840355e+02
2.800000000000000000e+02	5.999600000000000044e+00	4.730998000000000303e+01	4.728549999999999898e+01	1.178511406903424756e+02
2.900000000000000000e+02	6.287200000000000344e+00	4.723779999999999291e+01	4.720770000000000266e+01	1.107795257986315107e+02
3.000000000000000000e+02	6.574799999999999756e+00	4.716080799999998874e+01	4.714699999999999847e+01	1.037104869003553489e+02
2.080000000000000000e+02	4.634900000000000020e+00	6.356491599999999664e+01	6.350379999999999825e+01	1.713038604917493046e+02
2.120000000000000000e+02	4.812400000000000233e+00	6.352481600000000128e+01	6.346580000000000155e+01	1.686727968712132224e+02
2.160000000000000000e+02	4.988500000000000156e+00	6.348471599999999881e+01	6.342660000000000053e+01	1.660359294865675395e+02
2.200000000000000000e+02	5.163199999999999790e+00	6.344461600000000345e+01	6.338430000000000319e+01	1.633990080794442861e+02
2.250000000000000000e+02	5.379999999999999893e+00	6.339328799999999120e+01	6.333200000000000074e+01	1.600969310797334799e+02
2.300000000000000000e+02	5.594899999999999984e+00	6.334195999999999316e+01	6.327570000000000050e+01	1.567935036087985736e+02
2.400000000000000000e+02	6.020400000000000418e+00	6.324090799999999746e+01	6.316640000000000299e+01	1.501779228471920931e+02
2.500000000000000000e+02	6.440699999999999648e+00	6.313825200000000137e+01	6.305870000000000175e+01	1.435563434082016556e+02
2.600000000000000000e+02	6.856799999999999784e+00	6.303719999999999857e+01	6.295649999999999835e+01	1.369231464813467483e+02
2.700000000000000000e+02	7.268200000000000216e+00	6.293294000000000210e+01	6.284850000000000136e+01	1.302780940129092642e+02
2.800000000000000000e+02	7.675600000000000200e+00	6.282867999999999853e+01	6.273919999999999675e+01	1.236243376928317730e+02
2.900000000000000000e+02	8.080500000000000682e+00	6.272281600000000168e+01	6.263940000000000197e+01	1.169634005301858792e+02
3.000000000000000000e+02	8.481899999999999551e+00	6.261374399999999696e+01	6.253710000000000235e+01	1.102910630752996042e+02
2.000000000000000000e+02	4.764100000000000001e+00	7.892000799999999572e+01	7.855289999999999395e+01	1.781720971242600342e+02
2.043000000000000114e+02	5.003599999999999604e+00	7.886707599999999729e+01	7.805750000000000455e+01	1.755116950563454168e+02
2.080000000000000000e+02	5.240899999999999892e+00	7.881253999999998427e+01	7.864860000000000184e+01	1.733340031584227745e+02
2.120000000000000000e+02	5.474400000000000155e+00	7.875960800000000006e+01	7.863049999999999784e+01	1.709005774700698055e+02
2.160000000000000000e+02	5.705199999999999605e+00	7.870667600000000164e+01	7.858799999999999386e+01	1.684588023565322885e+02
2.200000000000000000e+02	5.932999999999999829e+00	7.865213999999998862e+01	7.851619999999999777e+01	1.660076429920719363e+02
2.250000000000000000e+02	6.217800000000000438e+00	7.858637600000000134e+01	7.847350000000000136e+01	1.629477938314986432e+02
2.303000000000000114e+02	6.499500000000000277e+00	7.851900799999998526e+01	7.810869999999999891e+01	1.596347439853352057e+02
2.400000000000000000e+02	7.056300000000000239e+00	7.838427199999999573e+01	7.827410000000000423e+01	1.537217129557680266e+02
2.500000000000000000e+02	7.605999999999999872e+00	7.824953599999999199e+01	7.813720000000000709e+01	1.475512266572074509e+02
2.600000000000000000e+02	8.149100000000000676e+00	7.811319600000000207e+01	7.799660000000000082e+01	1.413626754879802547e+02
2.700000000000000000e+02	8.686700000000000088e+00	7.797685599999998374e+01	7.785859999999999559e+01	1.351606974238044927e+02
2.600000000000000000e+02	9.218999999999999417e+00	7.783730799999997885e+01	9.113479999999999848e+01	1.450764395393047437e+02
2.900000000000000000e+02	9.746900000000000119e+00	7.769776000000000238e+01	7.758540000000000703e+01	1.227080859715780008e+02
3.000000000000000000e+02	1.026989999999999981e+01	7.755821199999999749e+01	7.744729999999999848e+01	1.164605855393686511e+02
1.960000000000000000e+02	4.849300000000000388e+00	9.533374000000000592e+01	9.494589999999999463e+01	1.816764051466694525e+02
2.000000000000000000e+02	5.156500000000000306e+00	9.526476800000000367e+01	9.498829999999999529e+01	1.794957491958554670e+02
2.040000000000000000e+02	5.458000000000000185e+00	9.519740000000000180e+01	9.494629999999999370e+01	1.772965885187697950e+02
2.080000000000000000e+02	5.757699999999999818e+00	9.512842799999999954e+01	9.495749999999999602e+01	1.750893453359308012e+02
2.120000000000000000e+02	6.353799999999999670e+00	9.505945599999999729e+01	1.047860000000000014e+02	1.739170013259913787e+02
2.160000000000000000e+02	6.347100000000000186e+00	9.499208799999999542e+01	9.487460000000000093e+01	1.706518215339496294e+02
2.200000000000000000e+02	6.637599999999999945e+00	9.492311599999999316e+01	9.480320000000000391e+01	1.684188099582677864e+02
2.300000000000000000e+02	7.356499999999999595e+00	9.475148799999998062e+01	9.464029999999999632e+01	1.628229617073924373e+02
2.400000000000000000e+02	8.064099999999999824e+00	9.137185999999999808e+01	9.445199999999999818e+01	1.572002316766970864e+02
2.530000000000000000e+02	8.763099999999999667e+00	9.440662799999999777e+01	9.135750000000000171e+01	1.491173399053598416e+02
2.600000000000000000e+02	9.454200000000000159e+00	9.423339599999999905e+01	9.408880000000000621e+01	1.458647485481225203e+02
2.700000000000000000e+02	1.013840000000000074e+01	9.405855999999999995e+01	9.391259999999999764e+01	1.401682600718604874e+02
2.600000000000000000e+02	1.081559999999999988e+01	9.388372400000000084e+01	1.114590000000000032e+02	1.505908548450240119e+02
2.900000000000000000e+02	1.146729999999999983e+01	9.370888800000000174e+01	9.337779999999999347e+01	1.286479537168829950e+02
3.000000000000000000e+02	1.215339999999999954e+01	9.353244800000000225e+01	9.339319999999999311e+01	1.229596714571297866e+02
1.920000000000000000e+02	4.684499999999999886e+00	1.119880720000000025e+02	1.119819999999999993e+02	1.842496734089979213e+02
1.960000000000000000e+02	5.066099999999999604e+00	1.119030599999999822e+02	1.116710000000000065e+02	1.823288631209549067e+02
2.000000000000000000e+02	5.440599999999999881e+00	1.118180480000000045e+02	1.115690000000000026e+02	1.803857299682738926e+02
2.040000000000000000e+02	5.810999999999999943e+00	1.117330359999999985e+02	1.115559999999999974e+02	1.784293335758714250e+02
2.080000000000000000e+02	6.177399999999999558e+00	1.116496280000000070e+02	1.115229999999999961e+02	1.764617328972180701e+02
2.120000000000000000e+02	6.541000000000000369e+00	1.115662200000000013e+02	1.114879999999999995e+02	1.744859506638766504e+02
2.160000000000000000e+02	6.901299999999999990e+00	1.114812079999999810e+02	1.114200000000000017e+02	1.725000027566396739e+02
2.230000000000000000e+02	7.259100000000000108e+00	1.113978000000000037e+02	1.044980000000000047e+02	1.680789215193524058e+02
2.250000000000000000e+02	7.703199999999999825e+00	1.112919359999999784e+02	1.112319999999999993e+02	1.680032455472096160e+02
2.300000000000000000e+02	8.143700000000000827e+00	1.111844679999999954e+02	1.111089999999999947e+02	1.654880957868887208e+02
2.400000000000000000e+02	9.315799999999999415e+00	1.109743440000000021e+02	1.161760000000000019e+02	1.614781035197785855e+02
2.500000000000000000e+02	9.878899999999999793e+00	1.107610119999999938e+02	1.106239999999999952e+02	1.553612924526431129e+02
2.600000000000000000e+02	1.073220000000000063e+01	1.105476799999999997e+02	1.103880000000000052e+02	1.502541581398407402e+02
2.700000000000000000e+02	1.157910000000000039e+01	1.070926639999999850e+02	1.101809999999999974e+02	1.451346037259059756e+02
2.800000000000000000e+02	1.241740000000000066e+01	1.101194119999999970e+02	1.099659999999999940e+02	1.399758521473250710e+02
2.900000000000000000e+02	1.324890000000000079e+01	1.066996840000000049e+02	1.097600000000000051e+02	1.348055710442907582e+02
3.000000000000000000e+02	1.407370000000000054e+01	1.096638760000000019e+02	1.095580000000000069e+02	1.295974635471104079e+02
1.920000000000000000e+02	4.752799999999999692e+00	1.279671199999999942e+02	1.279210000000000065e+02	1.844393939875970432e+02
1.960000000000000000e+02	5.201100000000000279e+00	1.278805039999999593e+02	1.275420000000000016e+02	1.827540918513956285e+02
2.300000000000000000e+02	5.641600000000000392e+00	1.277810560000000066e+02	6.400979999999999848e+01	1.567716898757411741e+02
2.040000000000000000e+02	6.078100000000000058e+00	1.276800039999999825e+02	1.273050000000000068e+02	1.793213047770081801e+02
2.080000000000000000e+02	6.511999999999999567e+00	1.275805560000000014e+02	1.272930000000000064e+02	1.775885121233062591e+02
2.120000000000000000e+02	6.944200000000000372e+00	1.274795040000000057e+02	1.273020000000000067e+02	1.758518979687601700e+02
2.180000000000000000e+02	7.373000000000000220e+00	1.273784519999999958e+02	1.203820000000000050e+02	1.724857039641664471e+02
2.230000000000000000e+02	7.799500000000000099e+00	1.272774000000000001e+02	1.184759999999999991e+02	1.699239015484475033e+02
2.250000000000000000e+02	8.329200000000000159e+00	1.271506839999999841e+02	1.270390000000000015e+02	1.701469571383899506e+02
2.300000000000000000e+02	8.856500000000000483e+00	1.270239679999999822e+02	1.269200000000000017e+02	1.679382546007450969e+02
2.400000000000000000e+02	9.901199999999999335e+00	1.267705360000000070e+02	1.266389999999999958e+02	1.634891333744367046e+02
2.500000000000000000e+02	1.093800000000000061e+01	1.261963039999999978e+02	1.263979999999999961e+02	1.590173770287290154e+02
2.600000000000000000e+02	1.196100000000000030e+01	1.262636719999999997e+02	1.261009999999999991e+02	1.544981996000272204e+02
2.700000000000000000e+02	1.297789999999999999e+01	1.260118439999999822e+02	1.258529999999999944e+02	1.499617330877784411e+02
2.800000000000000000e+02	1.398579999999999934e+01	1.257616199999999935e+02	1.256050000000000040e+02	1.453952340887903745e+02
2.900000000000000000e+02	1.496529999999999916e+01	1.255146040000000056e+02	1.251850000000000023e+02	1.407303449156409272e+02
3.000000000000000000e+02	1.597690000000000055e+01	1.252723999999999762e+02	1.251230000000000047e+02	1.361748828196821535e+02
1.920000000000000000e+02	4.789100000000000357e+00	1.457875599999999849e+02	1.457410000000000139e+02	1.844809675195166960e+02
1.960000000000000000e+02	5.308200000000000252e+00	1.456704679999999712e+02	1.455180000000000007e+02	1.830469986950658381e+02
2.000000000000000000e+02	5.823699999999999655e+00	1.455517719999999713e+02	1.452969999999999970e+02	1.816006149693442353e+02
2.040000000000000000e+02	6.336400000000000254e+00	1.454651559999999790e+02	1.450660000000000025e+02	1.801456635246266842e+02
2.080000000000000000e+02	6.650199999999999889e+00	1.453143799999999999e+02	1.344060000000000059e+02	1.780020318336059120e+02
2.120000000000000000e+02	7.361500000000000377e+00	1.451940800000000138e+02	1.449900000000000091e+02	1.772393527654815273e+02
2.160000000000000000e+02	7.871100000000000207e+00	1.450737799999999993e+02	1.448950000000000102e+02	1.757760679631748530e+02
2.200000000000000000e+02	8.359999999999999432e+00	1.449518759999999702e+02	1.442079999999999984e+02	1.742417733274609475e+02
2.250000000000000000e+02	9.012900000000000134e+00	1.448010999999999910e+02	1.446649999999999920e+02	1.724701814895896064e+02
2.300000000000000000e+02	9.643900000000000361e+00	1.446166399999999896e+02	1.445229999999999961e+02	1.706242612714611084e+02
2.400000000000000000e+02	1.069699999999999918e+01	1.443439599999999814e+02	1.407309999999999945e+02	1.662084198222815701e+02
2.500000000000000000e+02	1.213979999999999926e+01	1.440408040000000085e+02	1.438729999999999905e+02	1.631495768243962345e+02
2.600000000000000000e+02	1.337270000000000003e+01	1.116608559999999954e+02	1.435569999999999879e+02	1.594247786927450079e+02
2.700000000000000000e+02	1.459699999999999953e+01	1.434441159999999797e+02	1.432630000000000052e+02	1.555540157139376447e+02
2.600000000000000000e+02	1.581140000000000079e+01	1.431553959999999677e+02	1.706260000000000048e+02	1.678386581669600162e+02
2.900000000000000000e+02	1.701699999999999946e+01	1.428714879999999994e+02	1.426970000000000027e+02	1.478279559169841662e+02
3.000000000000000000e+02	1.821490000000000009e+01	1.425955999999999904e+02	1.424370000000000118e+02	1.439208715776065901e+02
1.920000000000000000e+02	4.810399999999999565e+00	1.642175199999999791e+02	1.647870000000000061e+02	1.844986267950202148e+02
1.960000000000000000e+02	5.402000000000000135e+00	1.640827839999999753e+02	1.638969999999999914e+02	1.833209684474684877e+02
2.000000000000000000e+02	5.998300000000000409e+00	1.639448399999999708e+02	1.636750000000000114e+02	1.821599644674402896e+02
2.040000000000000000e+02	6.597699999999999676e+00	1.638052919999999801e+02	1.635349999999999966e+02	1.810089759799248839e+02
2.080000000000000000e+02	7.198999999999999844e+00	1.636641399999999464e+02	1.634170000000000016e+02	1.798656120271301120e+02
2.120000000000000000e+02	7.801199999999999690e+00	1.635229879999999696e+02	1.633019999999999925e+02	1.787268929929136050e+02
2.160000000000000000e+02	8.403499999999999304e+00	1.630594320000000153e+02	1.631810000000000116e+02	1.775897204735697699e+02
2.200000000000000000e+02	9.006000000000000227e+00	1.632374759999999867e+02	1.630709999999999980e+02	1.764521265501865059e+02
2.250000000000000000e+02	9.756800000000000139e+00	1.630578280000000007e+02	1.628919999999999959e+02	1.750242866831796960e+02
2.300000000000000000e+02	1.050660000000000061e+01	1.628781799999999862e+02	1.627249999999999943e+02	1.735929156742237183e+02
2.400000000000000000e+02	1.199849999999999994e+01	1.625172799999999995e+02	1.623530000000000086e+02	1.707042968330846406e+02
2.500000000000000000e+02	1.348090000000000011e+01	1.621644000000000005e+02	1.619859999999999900e+02	1.677854303503278288e+02
2.600000000000000000e+02	1.495439999999999969e+01	1.618147280000000023e+02	1.616399999999999864e+02	1.648360016757551136e+02
2.700000000000000000e+02	1.641649999999999920e+01	1.614762839999999926e+02	1.612940000000000111e+02	1.618468504989717758e+02
2.800000000000000000e+02	1.767000000000000171e+01	1.611474640000000136e+02	1.593089999999999975e+02	1.581328851787981762e+02
2.900000000000000000e+02	1.931330000000000169e+01	1.608330799999999670e+02	1.606670000000000016e+02	1.557720538096348264e+02
3.000000000000000000e+02	2.074739999999999895e+01	1.604978439999999864e+02	1.603750000000000000e+02	1.526827016891487006e+02
1.920000000000000000e+02	4.832200000000000273e+00	1.782252519999999834e+02	1.814939999999999998e+02	1.845220343865588575e+02
1.960000000000000000e+02	5.485500000000000043e+00	1.780744759999999758e+02	1.784970000000000141e+02	1.835617896932042186e+02
2.000000000000000000e+02	6.151299999999999990e+00	1.779204919999999959e+02	1.780409999999999968e+02	1.826453245141142929e+02
2.040000000000000000e+02	6.324900000000000411e+00	1.777632999999999868e+02	1.442419999999999902e+02	1.800177022550660411e+02
2.080000000000000000e+02	7.501699999999999591e+00	1.776028999999999769e+02	1.776459999999999866e+02	1.808785325613193606e+02
2.120000000000000000e+02	8.177300000000000679e+00	1.774424999999999670e+02	1.773149999999999977e+02	1.799967405988458040e+02
2.160000000000000000e+02	8.860900000000000887e+00	1.772788919999999848e+02	1.772379999999999995e+02	1.791430816367966088e+02
2.200000000000000000e+02	9.541499999999999204e+00	1.771168879999999604e+02	1.770550000000000068e+02	1.782793856241771948e+02
2.250000000000000000e+02	1.039129999999999932e+01	1.769115759999999966e+02	1.768230000000000075e+02	1.771969038604572120e+02
2.300000000000000000e+02	1.124019999999999975e+01	1.767078679999999906e+02	1.766049999999999898e+02	1.761116309652774987e+02
2.400000000000000000e+02	1.293410000000000082e+01	1.763020559999999932e+02	1.762009999999999934e+02	1.739280329247740156e+02
2.500000000000000000e+02	1.461700000000000088e+01	1.759058679999999697e+02	1.757810000000000059e+02	1.717064525391210168e+02
2.600000000000000000e+02	1.629090000000000060e+01	1.755225119999999777e+02	1.753919999999999959e+02	1.694535727376534453e+02
2.700000000000000000e+02	1.795479999999999876e+01	1.751535920000000033e+02	1.750250000000000057e+02	1.671660718392131741e+02
2.800000000000000000e+02	1.960699999999999932e+01	1.748007120000000043e+02	1.746680000000000064e+02	1.648368590769358093e+02
2.900000000000000000e+02	2.124970000000000070e+01	1.744654759999999669e+02	1.743360000000000127e+02	1.624737246168481022e+02
3.300000000000000000e+02	2.288279999999999959e+01	1.741462799999999902e+02	1.481200000000000045e+02	1.358027432833601438e+02
1.920000000000000000e+02	4.868500000000000050e+00	1.935979879999999866e+02	1.949900000000000091e+02	1.845962983786947120e+02
1.960000000000000000e+02	5.603299999999999947e+00	1.934279640000000029e+02	1.936380000000000052e+02	1.839227042876566713e+02
2.000000000000000000e+02	6.357400000000000162e+00	1.932515239999999892e+02	1.932860000000000014e+02	1.833163750497018896e+02
2.040000000000000000e+02	7.121599999999999930e+00	1.930734799999999893e+02	1.930370000000000061e+02	1.827451693152761720e+02
2.080000000000000000e+02	7.891300000000000203e+00	1.928906240000000025e+02	1.927800000000000011e+02	1.821931441072886173e+02
2.120000000000000000e+02	8.665399999999999991e+00	1.927077679999999873e+02	1.925649999999999977e+02	1.816563128834955592e+02
2.160000000000000000e+02	9.442800000000000082e+00	1.925217039999999997e+02	1.923919999999999959e+02	1.811309632904103353e+02
2.200000000000000000e+02	1.022010000000000041e+01	1.923388480000000129e+02	1.921980000000000075e+02	1.806052841887565990e+02
2.250000000000000000e+02	1.119120000000000026e+01	1.921062680000000000e+02	1.919519999999999982e+02	1.799462078316128100e+02
2.300000000000000000e+02	1.216169999999999973e+01	1.918768959999999879e+02	1.917170000000000130e+02	1.792848899944542325e+02
2.400000000000000000e+02	1.409849999999999959e+01	1.914245679999999936e+02	1.912709999999999866e+02	1.779471993623599246e+02
2.500000000000000000e+02	1.602550000000000097e+01	1.909850720000000024e+02	1.908309999999999889e+02	1.765747979620335286e+02
2.600000000000000000e+02	1.794249999999999901e+01	1.905680319999999881e+02	1.904170000000000016e+02	1.751666541654078060e+02
2.700000000000000000e+02	1.984900000000000020e+01	1.901734480000000076e+02	1.900289999999999964e+02	1.737206807322232009e+02
2.800000000000000000e+02	2.174419999999999931e+01	1.898013200000000040e+02	1.896630000000000109e+02	1.722337463771306147e+02
2.900000000000000000e+02	2.362930000000000064e+01	1.894516480000000058e+02	1.893249999999999886e+02	1.707105008041008887e+02
3.000000000000000000e+02	2.550309999999999988e+01	1.891212240000000122e+02	1.890060000000000002e+02	1.691451452355742333e+02
1.920000000000000000e+02	4.945500000000000007e+00	2.082232600000000105e+02	2.084850000000000136e+02	1.848013947142914049e+02
1.960000000000000000e+02	5.778999999999999915e+00	2.080307799999999929e+02	2.080169999999999959e+02	1.844763847507668117e+02
2.000000000000000000e+02	6.632799999999999585e+00	2.078302799999999877e+02	2.077129999999999939e+02	1.842207532997841213e+02
2.040000000000000000e+02	7.499299999999999855e+00	2.076249679999999955e+02	2.074840000000000089e+02	1.840088414236683434e+02
2.080000000000000000e+02	8.372600000000000264e+00	2.074180519999999888e+02	2.072539999999999907e+02	1.838202598531848082e+02
2.120000000000000000e+02	9.249900000000000233e+00	2.072111360000000104e+02	2.070289999999999964e+02	1.836455965624518285e+02
2.160000000000000000e+02	1.013039999999999985e+01	2.070010120000000029e+02	2.068300000000000125e+02	1.834818357411234331e+02
2.200000000000000000e+02	1.101159999999999961e+01	2.067924920000000100e+02	2.066270000000000095e+02	1.833195838211317437e+02
2.250000000000000000e+02	1.211149999999999949e+01	2.065326439999999479e+02	2.063530000000000086e+02	1.831110174725992579e+02
2.300000000000000000e+02	1.321149999999999913e+01	2.062744000000000142e+02	2.061009999999999991e+02	1.829021611290849592e+02
2.400000000000000000e+02	1.540569999999999951e+01	2.057707440000000076e+02	2.056100000000000136e+02	1.824627160289015535e+02
2.500000000000000000e+02	1.758999999999999986e+01	2.052927520000000072e+02	2.051419999999999959e+02	1.819865387688783471e+02
2.600000000000000000e+02	1.976379999999999981e+01	2.048436320000000137e+02	2.047090000000000032e+02	1.814720938129084118e+02
2.700000000000000000e+02	2.192610000000000170e+01	2.044265919999999994e+02	2.043060000000000116e+02	1.809158790109159156e+02
2.800000000000000000e+02	2.407529999999999859e+01	2.040368200000000058e+02	2.039250000000000114e+02	1.803117364509152765e+02
2.900000000000000000e+02	2.621300000000000097e+01	2.036759199999999908e+02	2.035730000000000075e+02	1.796658049717724168e+02
3.000000000000000000e+02	2.833869999999999933e+01	2.033342680000000087e+02	2.032460000000000093e+02	1.789761686168749009e+02
1.920000000000000000e+02	5.205199999999999605e+00	2.283069439999999872e+02	2.276659999999999968e+02	1.856297967137026035e+02
1.960000000000000000e+02	6.220900000000000318e+00	2.280695519999999874e+02	2.278930000000000007e+02	1.859423108812519843e+02
2.000000000000000000e+02	7.245099999999999874e+00	2.278289519999999868e+02	2.276730000000000018e+02	1.862859282089235649e+02
2.040000000000000000e+02	8.278499999999999304e+00	2.275530640000000062e+02	2.274209999999999923e+02	1.866602398941028014e+02
2.080000000000000000e+02	9.317700000000000315e+00	2.273397319999999979e+02	2.271699999999999875e+02	1.870518000818603923e+02
2.120000000000000000e+02	1.036079999999999934e+01	2.270943199999999536e+02	2.269310000000000116e+02	1.874569395452290621e+02
2.160000000000000000e+02	1.140399999999999991e+01	2.268489079999999944e+02	2.266750000000000114e+02	1.878616375524293574e+02
2.200000000000000000e+02	1.244780000000000086e+01	2.266050999999999931e+02	2.264300000000000068e+02	1.882684810740559556e+02
2.250000000000000000e+02	1.375159999999999982e+01	2.263051519999999925e+02	2.261289999999999907e+02	1.887717998275237790e+02
2.330000000000000000e+02	1.505339999999999989e+01	2.260132240000000081e+02	2.185049999999999955e+02	1.868483413754715627e+02
2.400000000000000000e+02	1.755059999999999931e+01	2.254534280000000024e+02	2.245209999999999866e+02	1.898841123557185426e+02
2.500000000000000000e+02	2.023519999999999897e+01	2.249337319999999920e+02	2.247849999999999966e+02	1.911469674221538924e+02
2.600000000000000000e+02	2.280620000000000047e+01	2.244621559999999931e+02	2.243199999999999932e+02	1.920125099808336415e+02
2.700000000000000000e+02	2.536349999999999838e+01	2.240290760000000034e+02	2.238950000000000102e+02	1.928271004186751725e+02
2.800000000000000000e+02	2.790690000000000026e+01	2.236312839999999937e+02	2.235070000000000050e+02	1.935906872365263212e+02
2.900000000000000000e+02	3.043329999999999913e+01	2.232607600000000048e+02	2.231390000000000100e+02	1.942933733390997872e+02
3.000000000000000000e+02	3.294830000000000325e+01	2.229110880000000066e+02	2.228110000000000070e+02	1.949540935836721758e+02
1.940000000000000000e+02	6.378700000000000259e+00	2.464080840000000023e+02	2.460920000000000130e+02	1.880504667617426833e+02
1.980000000000000000e+02	7.586100000000000065e+00	2.461241760000000056e+02	2.459039999999999964e+02	1.890343863267487166e+02
2.020000000000000000e+02	8.801199999999999690e+00	2.458402680000000089e+02	2.456759999999999877e+02	1.900431382689130544e+02
2.060000000000000000e+02	1.002009999999999934e+01	2.455531520000000114e+02	2.454259999999999877e+02	1.910632061718416992e+02
2.100000000000000000e+02	1.123780000000000001e+01	2.452692439999999863e+02	2.451349999999999909e+02	1.920788203695556433e+02
2.150000000000000000e+02	1.275960000000000072e+01	2.449179680000000019e+02	2.447740000000000009e+02	1.933451536495317100e+02
2.200000000000000000e+02	1.427919999999999945e+01	2.445747120000000052e+02	2.444180000000000064e+02	1.946003295085685636e+02
2.300000000000000000e+02	1.731250000000000000e+01	2.439218840000000057e+02	2.437700000000000102e+02	1.970867966860444653e+02
2.400000000000000000e+02	2.032870000000000132e+01	2.433284040000000061e+02	2.431649999999999920e+02	1.995064364532059642e+02
2.500000000000000000e+02	2.333129999999999882e+01	2.427958759999999927e+02	2.426339999999999861e+02	2.018742499219953004e+02
2.600000000000000000e+02	2.631779999999999831e+01	2.423146759999999915e+02	2.421599999999999966e+02	2.041816153467894139e+02
2.700000000000000000e+02	2.928610000000000113e+01	2.418783880000000011e+02	2.417259999999999991e+02	2.064215489426825059e+02
2.800000000000000000e+02	3.223960000000000292e+01	2.414757840000000044e+02	2.413420000000000130e+02	2.086070209477209119e+02
2.900000000000000000e+02	3.516770000000000351e+01	2.411020519999999863e+02	2.409629999999999939e+02	2.107023514026876398e+02
1.940000000000000000e+02	7.266000000000000014e+00	2.604061919999999759e+02	2.601940000000000168e+02	1.910707421185905446e+02
1.980000000000000000e+02	8.636300000000000310e+00	2.600902040000000284e+02	2.599089999999999918e+02	1.926263550387250802e+02
2.020000000000000000e+02	1.000479999999999947e+01	2.597726119999999810e+02	2.595620000000000118e+02	1.941722623994930075e+02
2.060000000000000000e+02	1.137509999999999977e+01	2.594550199999999904e+02	2.592300000000000182e+02	1.957225254930630456e+02
2.100000000000000000e+02	1.274540000000000006e+01	2.591454479999999876e+02	2.589100000000000250e+02	1.972706673929237411e+02
2.150000000000000000e+02	1.444040000000000035e+01	2.587701119999999833e+02	2.584139999999999873e+02	1.991400575380293674e+02
2.200000000000000000e+02	1.616069999999999851e+01	2.584011919999999805e+02	2.581399999999999864e+02	2.010962738919060087e+02
2.300000000000000000e+02	1.956259999999999977e+01	2.577259079999999472e+02	2.574660000000000082e+02	2.048678473647718192e+02
2.400000000000000000e+02	2.294379999999999953e+01	2.571244080000000167e+02	2.568570000000000277e+02	2.085600065711112734e+02
2.500000000000000000e+02	2.631139999999999901e+01	2.565934839999999895e+02	2.563419999999999845e+02	2.121970642288927706e+02
2.600000000000000000e+02	2.965390000000000015e+01	2.561203039999999760e+02	2.558629999999999995e+02	2.157419315991889732e+02
2.700000000000000000e+02	3.297570000000000334e+01	2.556904319999999871e+02	2.554319999999999879e+02	2.192105035152874564e+02
1.940000000000000000e+02	8.634600000000000719e+00	2.761991760000000227e+02	2.743550000000000182e+02	1.957455728861585555e+02
1.980000000000000000e+02	1.040799999999999947e+01	2.758446919999999523e+02	2.756600000000000250e+02	1.987089328282237659e+02
2.020000000000000000e+02	1.197739999999999938e+01	2.754934160000000247e+02	2.752889999999999873e+02	2.009560716382869714e+02
2.060000000000000000e+02	1.354620000000000068e+01	2.751485559999999850e+02	2.749429999999999836e+02	2.032004599627959749e+02
2.100000000000000000e+02	1.510800000000000054e+01	2.748149240000000191e+02	2.745880000000000223e+02	2.054186305371480330e+02
2.150000000000000000e+02	1.706019999999999825e+01	2.744187360000000240e+02	2.741940000000000168e+02	2.081887371504164435e+02
2.200000000000000000e+02	1.903300000000000125e+01	2.740401919999999905e+02	2.739490000000000123e+02	2.110255677559547678e+02
2.300000000000000000e+02	2.267229999999999990e+01	2.733600959999999986e+02	2.722780000000000200e+02	2.156276423395633230e+02
2.400000000000000000e+02	2.671859999999999857e+01	2.727698240000000283e+02	2.725149999999999864e+02	2.216295027315093762e+02
2.500000000000000000e+02	3.054420000000000002e+01	2.722485239999999180e+02	2.720029999999999859e+02	2.268596112547053281e+02
2.600000000000000000e+02	3.433570000000000277e+01	2.717833639999999491e+02	2.715219999999999914e+02	2.319658954841371497e+02
1.920000000000000000e+02	1.050890000000000057e+01	2.932272399999999379e+02	2.929759999999999991e+02	2.038488372712627097e+02
1.960000000000000000e+02	1.232269999999999932e+01	2.928262399999999843e+02	2.925609999999999786e+02	2.069530234716894483e+02
2.000000000000000000e+02	1.413109999999999999e+01	2.924412799999999493e+02	2.921630000000000109e+02	2.100334254251613970e+02
2.050000000000000000e+02	1.638599999999999923e+01	2.919761199999999235e+02	2.917019999999999982e+02	2.138601613829128780e+02
2.100000000000000000e+02	1.863119999999999976e+01	2.915269999999999868e+02	2.912669999999999959e+02	2.176455218268578733e+02
2.150000000000000000e+02	2.086870000000000047e+01	2.911259999999999195e+02	2.908650000000000091e+02	2.214032510968153531e+02
2.200000000000000000e+02	2.310020000000000095e+01	2.907570799999999736e+02	2.904990000000000236e+02	2.251363216439829955e+02
2.250000000000000000e+02	2.532369999999999877e+01	2.904202399999999784e+02	2.901610000000000014e+02	2.288385573531390662e+02
2.300000000000000000e+02	2.753930000000000078e+01	2.900031999999999357e+02	2.898460000000000036e+02	2.325097533672569341e+02
2.350000000000000000e+02	2.974790000000000134e+01	2.898107200000000034e+02	2.895559999999999832e+02	2.361519976444075155e+02
2.400000000000000000e+02	3.194879999999999853e+01	2.895540799999999990e+02	2.892869999999999777e+02	2.397665650235160797e+02
2.450000000000000000e+02	3.414020000000000010e+01	2.892974399999999946e+02	2.890299999999999727e+02	2.433466454840967970e+02
1.940000000000000000e+02	1.529129999999999967e+01	3.100852799999999547e+02	3.095129999999999768e+02	2.188551345246366964e+02
1.980000000000000000e+02	1.736680000000000135e+01	3.096842800000000011e+02	3.090960000000000036e+02	2.228615446591152534e+02
2.020000000000000000e+02	1.943489999999999895e+01	3.092993200000000229e+02	3.087060000000000173e+02	2.268390866783382762e+02
2.050000000000000000e+02	2.098379999999999868e+01	3.090266399999999862e+02	3.084379999999999882e+02	2.298107027851763178e+02
2.100000000000000000e+02	2.355760000000000076e+01	3.086095999999999435e+02	3.080240000000000009e+02	2.347370747145328380e+02
2.150000000000000000e+02	2.612059999999999960e+01	3.081283999999999423e+02	3.076429999999999723e+02	2.396203840725753196e+02
2.200000000000000000e+02	2.867620000000000147e+01	3.078878000000000270e+02	3.073000000000000114e+02	2.444738954432107221e+02
2.250000000000000000e+02	3.122139999999999915e+01	3.075670000000000073e+02	3.069830000000000041e+02	2.492872877268117691e+02
2.300000000000000000e+02	3.375419999999999732e+01	3.072782799999999384e+02	3.066840000000000259e+02	2.540561782636698638e+02
1.920000000000000000e+02	1.867760000000000176e+01	3.241042400000000043e+02	3.237699999999999818e+02	2.322086017819805193e+02
1.960000000000000000e+02	2.100840000000000174e+01	3.236551199999999540e+02	3.233650000000000091e+02	2.371027926097630427e+02
2.000000000000000000e+02	2.333210000000000051e+01	3.232861999999999512e+02	3.229940000000000282e+02	2.419665194738648211e+02
2.040000000000000000e+02	2.564939999999999998e+01	3.229493600000000129e+02	3.226539999999999964e+02	2.468042549125283074e+02
2.080000000000000000e+02	2.795990000000000109e+01	3.226446000000000254e+02	3.223410000000000082e+02	2.516139611938963583e+02
2.120000000000000000e+02	3.026289999999999836e+01	3.223558800000000133e+02	3.220509999999999877e+02	2.563947278235388012e+02
2.160000000000000000e+02	3.255689999999999884e+01	3.220831999999999766e+02	3.217789999999999964e+02	2.611405722391666586e+02
2.200000000000000000e+02	3.484340000000000259e+01	3.218426000000000045e+02	3.215249999999999773e+02	2.658639912139539092e+02
1.940000000000000000e+02	2.600260000000000105e+01	3.381231999999999402e+02	3.378450000000000273e+02	2.560250074373593634e+02
1.980000000000000000e+02	2.861179999999999879e+01	3.377863600000000019e+02	3.374959999999999809e+02	2.618804035947534885e+02
2.060000000000000000e+02	3.121399999999999864e+01	3.374816000000000145e+02	3.319710000000000036e+02	2.644870048224883590e+02
2.060000000000000000e+02	3.380429999999999779e+01	3.371928799999999455e+02	3.368809999999999718e+02	2.734868390222123935e+02
1.920000000000000000e+02	3.070149999999999935e+01	3.495276400000000194e+02	3.492110000000000127e+02	2.739189727932058531e+02
1.960000000000000000e+02	3.355749999999999744e+01	3.492228799999999751e+02	3.488829999999999814e+02	2.806237125973395905e+02
