# Temperature (K)	Pressure (MPa)	Experimental(kg/m3)	NIST(kg/m3)	Model(kg/m3)
1.650000000000000000e+02	2.372100000000000097e+00	3.207999999999999829e+01	3.260840000000000032e+02	3.296055895122764241e+02
1.300000000000000000e+02	2.473700000000000010e+00	3.207999999999999829e+01	3.968960000000000150e+02	3.914108708358066337e+02
1.907500000000000000e+02	4.570999999999999730e+00	1.160157159999999976e+02	1.140589999999999975e+02	2.230080083909188033e+02
1.908389999999999986e+02	4.634199999999999875e+00	1.638133119999999963e+02	1.428700000000000045e+02	2.238184173874869032e+02
1.905320000000000107e+02	4.583400000000000141e+00	1.789871519999999805e+02	1.278379999999999939e+02	2.162052466363371934e+02
1.907030000000000030e+02	4.659900000000000375e+00	2.063321439999999996e+02	2.039759999999999991e+02	2.232089017495113126e+02
1.889689999999999941e+02	4.386599999999999611e+00	2.205756639999999891e+02	2.199370000000000118e+02	2.175183796418831719e+02
1.892580000000000098e+02	4.450199999999999712e+00	2.205660399999999868e+02	2.198859999999999957e+02	2.175190713569154468e+02
1.897669999999999959e+02	4.563900000000000290e+00	2.205660399999999868e+02	2.199199999999999875e+02	2.170588684004516722e+02
1.901719999999999970e+02	4.654899999999999594e+00	2.205564160000000129e+02	2.199319999999999879e+02	2.218814114095090417e+02
1.904470000000000027e+02	4.717699999999999783e+00	2.205564160000000129e+02	2.200049999999999955e+02	2.248710950652220220e+02
1.905320000000000107e+02	4.737899999999999778e+00	2.206221799999999860e+02	2.200929999999999893e+02	2.264762634539733028e+02
1.907359999999999900e+02	4.783999999999999808e+00	2.205564160000000129e+02	2.200780000000000030e+02	2.382654578028113690e+02
1.876490000000000009e+02	4.327399999999999913e+00	2.401268199999999524e+02	2.397230000000000132e+02	2.362243990819037833e+02
1.889269999999999925e+02	4.677100000000000257e+00	2.401171960000000070e+02	2.397609999999999957e+02	2.192314581152825212e+02
1.905320000000000107e+02	5.121599999999999930e+00	2.401701280000000054e+02	2.397870000000000061e+02	2.377732080533570240e+02
1.833509999999999991e+02	3.825200000000000156e+00	2.650353359999999725e+02	2.642269999999999754e+02	2.552439248268381675e+02
1.852669999999999959e+02	4.488400000000000389e+00	2.650048599999999510e+02	2.641809999999999832e+02	2.429684075900308926e+02
1.892589999999999861e+02	5.897000000000000242e+00	2.649230559999999741e+02	2.641909999999999741e+02	2.555868163234252393e+02
1.905320000000000107e+02	6.351300000000000168e+00	2.650176920000000109e+02	2.641960000000000264e+02	2.599283687115870407e+02
1.791399999999999864e+02	3.304399999999999782e+00	2.817265599999999495e+02	2.812210000000000036e+02	2.943487720308114604e+02
1.798300000000000125e+02	3.584900000000000198e+00	2.817169359999999756e+02	2.811990000000000123e+02	2.832372433872928923e+02
1.810080000000000098e+02	4.065100000000000158e+00	2.816976880000000278e+02	2.811580000000000155e+02	2.693007999012430105e+02
1.644410000000000025e+02	5.477299999999999613e+00	2.816463600000000156e+02	3.388330000000000268e+02	3.282580841397311247e+02
1.905320000000000107e+02	8.009000000000000341e+00	2.816543800000000033e+02	2.808929999999999723e+02	2.855819938209796760e+02
1.828340000000000032e+02	6.551800000000000068e+00	2.914275519999999915e+02	2.954370000000000118e+02	2.958551139365497420e+02
1.626310000000000002e+02	6.549100000000000144e+00	2.965603520000000231e+02	3.457740000000000009e+02	3.411445779859408276e+02
1.756289999999999907e+02	3.137599999999999945e+00	2.966694239999999354e+02	2.955210000000000150e+02	2.924682750117792125e+02
1.780809999999999889e+02	4.293499999999999872e+00	2.966293239999999969e+02	2.954940000000000282e+02	2.919564394712387525e+02
1.882920000000000016e+02	9.164799999999999613e+00	2.964801519999999186e+02	2.953709999999999809e+02	3.087397024297475241e+02
1.905320000000000107e+02	1.021010000000000062e+01	2.965330840000000308e+02	2.951759999999999877e+02	3.042560642931355801e+02
1.725660000000000025e+02	5.500899999999999679e+00	3.207390480000000252e+02	3.193770000000000095e+02	3.158790274028903013e+02
1.784799999999999898e+02	9.008200000000000429e+00	3.206379959999999869e+02	3.192559999999999718e+02	3.319021326008009396e+02
1.868499999999999943e+02	1.397610000000000063e+01	3.204984479999999962e+02	3.191039999999999850e+02	3.255730461130518734e+02
1.905320000000000107e+02	1.615439999999999898e+01	3.205401519999999778e+02	3.190280000000000200e+02	3.263830691623576854e+02
1.727659999999999911e+02	1.138310000000000066e+01	3.402597279999999955e+02	3.387119999999999891e+02	3.461075315116705156e+02
1.768890000000000100e+02	1.428049999999999997e+01	3.401891519999999787e+02	3.386100000000000136e+02	3.472079330739967418e+02
1.816690000000000111e+02	1.763360000000000127e+01	3.400993280000000141e+02	3.385120000000000005e+02	3.420549972387136677e+02
1.897829999999999870e+02	2.325230000000000175e+01	3.399501559999999358e+02	3.382690000000000055e+02	3.423512738103425477e+02
1.905320000000000107e+02	2.377720000000000056e+01	3.400479999999999450e+02	3.382660000000000196e+02	3.415831604157912693e+02
1.687529999999999859e+02	1.694219999999999970e+01	3.594708360000000198e+02	3.578580000000000041e+02	3.589692687076941979e+02
1.801160000000000139e+02	2.626650000000000063e+01	3.592510879999999815e+02	3.575659999999999741e+02	3.602997781763759235e+02
1.885279999999999916e+02	3.304500000000000171e+01	3.587698879999999804e+02	3.573240000000000123e+02	3.613875642022251782e+02
1.905320000000000107e+02	3.464399999999999835e+01	3.591644719999999325e+02	3.572629999999999768e+02	3.591512198057632190e+02
1.145240000000000009e+02	8.944999999999999618e-01	4.192471039999999221e+02	4.189159999999999968e+02	4.198543043676589264e+02
1.145240000000000009e+02	4.751699999999999591e+00	4.228288360000000239e+02	4.225729999999999791e+02	4.264492140179450530e+02
1.145240000000000009e+02	7.542099999999999582e+00	4.252268159999999284e+02	4.250640000000000214e+02	4.269146109809959739e+02
1.145240000000000009e+02	1.038240000000000052e+01	4.275959240000000250e+02	4.274820000000000277e+02	4.274250577709635763e+02
1.145240000000000009e+02	1.332559999999999967e+01	4.299457840000000033e+02	4.298770000000000095e+02	4.271772093652765534e+02
1.145240000000000009e+02	1.634359999999999857e+01	4.323341399999999339e+02	4.322289999999999850e+02	4.338877682465066528e+02
1.145240000000000009e+02	1.966560000000000130e+01	4.347353279999999813e+02	4.347080000000000268e+02	4.337671038188460102e+02
1.145240000000000009e+02	2.324500000000000099e+01	4.373193719999999303e+02	4.372640000000000100e+02	4.352717689700835990e+02
1.145240000000000009e+02	2.715540000000000020e+01	4.399948440000000005e+02	4.399329999999999927e+02	4.375287814434813640e+02
1.145240000000000009e+02	3.129870000000000019e+01	4.332259639999999763e+02	4.426370000000000005e+02	4.414211891458037940e+02
1.194200000000000017e+02	8.327999999999999847e-01	4.119264479999999935e+02	4.115009999999999764e+02	4.167036047955416507e+02
1.194200000000000017e+02	3.027400000000000091e+00	4.143853799999999978e+02	4.138319999999999936e+02	4.066929913734576871e+02
1.194200000000000017e+02	6.214599999999999902e+00	4.175340320000000247e+02	4.170299999999999727e+02	4.241182732030652005e+02
1.194200000000000017e+02	1.040070000000000050e+01	4.213403240000000096e+02	4.209440000000000168e+02	4.251003245757902391e+02
1.194200000000000017e+02	1.490930000000000000e+01	4.251145359999999300e+02	4.248550000000000182e+02	4.303685134292018688e+02
1.194200000000000017e+02	1.983719999999999928e+01	4.290379199999999855e+02	4.288310000000000173e+02	4.312602708289750808e+02
1.194200000000000017e+02	2.537480000000000047e+01	4.331618039999999041e+02	4.329859999999999900e+02	4.332883957554378753e+02
1.194200000000000017e+02	3.169099999999999895e+01	4.371637840000000210e+02	4.373890000000000100e+02	4.386346554329658147e+02
1.249170000000000016e+02	9.796000000000000263e-01	4.042240400000000022e+02	4.031209999999999809e+02	4.037907885120347942e+02
1.249170000000000016e+02	4.496000000000000441e+00	4.080912839999999164e+02	4.072289999999999850e+02	4.047616138061694073e+02
1.249170000000000016e+02	8.418599999999999639e+00	4.120852439999999888e+02	4.114320000000000164e+02	4.139040390723430392e+02
1.249170000000000016e+02	1.251900000000000013e+01	4.160503320000000258e+02	4.154769999999999754e+02	4.145573069274482236e+02
1.249170000000000016e+02	1.686289999999999978e+01	4.198068999999999846e+02	4.194460000000000264e+02	4.206218266477260386e+02
1.249170000000000016e+02	2.179850000000000065e+01	4.238794560000000047e+02	4.236270000000000095e+02	4.210236354530784411e+02
1.249170000000000016e+02	2.736380000000000123e+01	4.282134639999999877e+02	4.279959999999999809e+02	4.229808962441089761e+02
1.309869999999999948e+02	1.502499999999999947e+00	3.944620959999999741e+02	3.939769999999999754e+02	3.669650983159582438e+02
1.309869999999999948e+02	4.624600000000000044e+00	3.951630440000000135e+02	3.981070000000000277e+02	3.814349244836363937e+02
1.309869999999999948e+02	7.934400000000000119e+00	4.030964280000000031e+02	4.021179999999999950e+02	3.954943250067938720e+02
1.309869999999999948e+02	1.151999999999999957e+01	4.066524959999999851e+02	4.061190000000000282e+02	3.970507568843906938e+02
1.309869999999999948e+02	1.577360000000000007e+01	4.103449039999999286e+02	4.104870000000000232e+02	4.018291631304331872e+02
1.309869999999999948e+02	2.007140000000000057e+01	4.142346039999999334e+02	4.145600000000000023e+02	4.093808324887224330e+02
1.309869999999999948e+02	2.493059999999999832e+01	4.184499159999999733e+02	4.188249999999999886e+02	4.111983890846031500e+02
1.309869999999999948e+02	3.028740000000000165e+01	4.229058279999999854e+02	4.231800000000000068e+02	4.169585508476226892e+02
1.343280000000000030e+02	6.891000000000000458e-01	3.880861959999999726e+02	3.871259999999999764e+02	3.699125270946500450e+02
1.343280000000000030e+02	2.712299999999999933e+00	3.910664279999999735e+02	3.901530000000000200e+02	3.575669873890948338e+02
1.343280000000000030e+02	5.783100000000000129e+00	3.952785319999999842e+02	3.943840000000000146e+02	3.897447421326457970e+02
1.343280000000000030e+02	9.129599999999999937e+00	3.994425160000000119e+02	3.985950000000000273e+02	3.925951550389484623e+02
1.343280000000000030e+02	1.278260000000000041e+01	4.034605359999999905e+02	4.028079999999999927e+02	3.921494454780353180e+02
1.343280000000000030e+02	1.662549999999999883e+01	4.075106359999999199e+02	4.068899999999999864e+02	4.046360350025728962e+02
1.343280000000000030e+02	2.094660000000000011e+01	4.116409360000000106e+02	4.111290000000000191e+02	4.080207248024391333e+02
1.343280000000000030e+02	2.576780000000000115e+01	4.159540920000000028e+02	4.154990000000000236e+02	4.080828695523447323e+02
1.343280000000000030e+02	3.102899999999999991e+01	4.205222840000000133e+02	4.199089999999999918e+02	4.143004685211383844e+02
1.390610000000000070e+02	1.252399999999999958e+00	3.806997759999999857e+02	3.796669999999999732e+02	3.605574352539881033e+02
1.390610000000000070e+02	3.825400000000000134e+00	3.848926319999999919e+02	3.838879999999999768e+02	3.467877297671932979e+02
1.390610000000000070e+02	7.489999999999999991e-01	3.891592719999999872e+02	3.787889999999999873e+02	3.601822673471068583e+02
1.390610000000000070e+02	9.876099999999999213e+00	3.933585439999999949e+02	3.924719999999999800e+02	3.873747856819835533e+02
1.390610000000000070e+02	1.323000000000000043e+01	3.974728039999999964e+02	3.966329999999999814e+02	3.887293098252504251e+02
1.390610000000000070e+02	1.690009999999999835e+01	4.015325280000000134e+02	4.008199999999999932e+02	3.970410068963183789e+02
1.390610000000000070e+02	2.096620000000000061e+01	4.057061360000000150e+02	4.050950000000000273e+02	4.003454474740082674e+02
1.393609999999999900e+02	2.549690000000000012e+01	4.099358839999999304e+02	4.091200000000000045e+02	4.002392336032064577e+02
1.390610000000000070e+02	3.060000000000000142e+01	4.145778599999999869e+02	4.140539999999999736e+02	4.060263590351483458e+02
1.455560000000000116e+02	1.299600000000000088e+00	3.686761920000000146e+02	3.675539999999999736e+02	3.599951616074138201e+02
1.455560000000000116e+02	3.527600000000000069e+00	3.731272920000000113e+02	3.719710000000000036e+02	3.482219527860104904e+02
1.455560000000000116e+02	6.036800000000000388e+00	3.775094199999999205e+02	3.764409999999999741e+02	3.837634667981321854e+02
1.455560000000000116e+02	8.736100000000000421e+00	3.819861839999999233e+02	3.807880000000000109e+02	3.871673442455141867e+02
1.455560000000000116e+02	1.171860000000000035e+01	3.863009440000000154e+02	3.851539999999999964e+02	3.871157122646764037e+02
1.455560000000000116e+02	1.491310000000000002e+01	3.906092879999999923e+02	3.894270000000000209e+02	3.895261947305772878e+02
1.455560000000000116e+02	1.840180000000000149e+01	3.949080079999999953e+02	3.937080000000000268e+02	3.966094967554986397e+02
1.455560000000000116e+02	2.225829999999999842e+01	3.993334439999999859e+02	3.980609999999999786e+02	3.985917568695054456e+02
1.455560000000000116e+02	2.658909999999999840e+01	4.038775759999999764e+02	4.025609999999999786e+02	3.985649724941702630e+02
1.455560000000000116e+02	3.145810000000000173e+01	4.085484240000000113e+02	4.072180000000000177e+02	4.055587795733512735e+02
1.507500000000000000e+02	3.102100000000000080e+00	3.627558280000000082e+02	3.612330000000000041e+02	3.444568004213393237e+02
1.507500000000000000e+02	5.188500000000000334e+00	3.639989279999999781e+02	3.656700000000000159e+02	3.762072081209155385e+02
1.507500000000000000e+02	7.511499999999999844e+00	3.715890560000000278e+02	3.701100000000000136e+02	3.745901860748454055e+02
1.507500000000000000e+02	1.003919999999999924e+01	3.759342920000000277e+02	3.744759999999999991e+02	3.802163778604789854e+02
1.507500000000000000e+02	1.280710000000000015e+01	3.801399799999999800e+02	3.788229999999999791e+02	3.799939993491996120e+02
1.507500000000000000e+02	1.574540000000000006e+01	3.843665199999999800e+02	3.830400000000000205e+02	3.870499485803248376e+02
1.507500000000000000e+02	1.900000000000000000e+01	3.885657919999999876e+02	3.873260000000000218e+02	3.900369766241404932e+02
1.507500000000000000e+02	2.261370000000000147e+01	3.929350880000000075e+02	3.916990000000000123e+02	3.934984256878676661e+02
1.507500000000000000e+02	2.664049999999999940e+01	3.973637320000000273e+02	3.961820000000000164e+02	3.947777528813463164e+02
1.507500000000000000e+02	3.098620000000000019e+01	4.019239039999999932e+02	4.006419999999999959e+02	4.002587260119394728e+02
1.582379999999999995e+02	2.289499999999999869e+00	3.453700719999999933e+02	3.430099999999999909e+02	3.090663944538607666e+02
1.582379999999999995e+02	3.962699999999999889e+00	3.502189640000000281e+02	3.479440000000000168e+02	3.125280886932746398e+02
1.582379999999999995e+02	5.895100000000000229e+00	3.550790840000000230e+02	3.529409999999999741e+02	3.534403281485942898e+02
1.582379999999999995e+02	8.025100000000000122e+00	3.598910839999999780e+02	3.578109999999999786e+02	3.604316720580511628e+02
1.582379999999999995e+02	1.038979999999999926e+01	3.645779719999999884e+02	3.626340000000000146e+02	3.670255044298480698e+02
1.582379999999999995e+02	1.293580000000000041e+01	3.691942839999999819e+02	3.673009999999999877e+02	3.719011513262831841e+02
1.582379999999999995e+02	1.576249999999999929e+01	3.737448319999999740e+02	3.719859999999999900e+02	3.771113096174447037e+02
1.582379999999999995e+02	1.890800000000000125e+01	3.782841520000000060e+02	3.767169999999999845e+02	3.796901187326878926e+02
1.582379999999999995e+02	2.236240000000000094e+01	3.829068800000000010e+02	3.814470000000000027e+02	3.827939755029722733e+02
1.582379999999999995e+02	2.617229999999999990e+01	3.876739680000000021e+02	3.862110000000000127e+02	3.850225507364968962e+02
1.582379999999999995e+02	3.045909999999999940e+01	3.925116320000000201e+02	3.911129999999999995e+02	3.907216047249562507e+02
1.583160000000000025e+02	3.055600000000000094e+00	3.282377479999999537e+02	3.451770000000000209e+02	3.305907848057436809e+02
1.588160000000000025e+02	4.220100000000000406e+00	3.330561639999999102e+02	3.474150000000000205e+02	3.255913336279763257e+02
1.588160000000000025e+02	5.626900000000000013e+00	3.378408959999999865e+02	3.511240000000000236e+02	3.371831872094979303e+02
1.588160000000000025e+02	7.146099999999999675e+00	3.425662799999999493e+02	3.547749999999999773e+02	3.379659597117340013e+02
1.658160000000000025e+02	8.763899999999999579e+00	3.472756239999999934e+02	3.452339999999999804e+02	3.326482515308261441e+02
1.658160000000000025e+02	1.062759999999999927e+01	3.518470240000000331e+02	3.497719999999999914e+02	3.455948145397838402e+02
1.658160000000000025e+02	1.254840000000000089e+01	3.563975720000000251e+02	3.539990000000000236e+02	3.484610102490826762e+02
1.658160000000000025e+02	1.467079999999999984e+01	3.609192479999999819e+02	3.582500000000000000e+02	3.506418629293823983e+02
1.658160000000000025e+02	1.696349999999999980e+01	3.653751599999999939e+02	3.624449999999999932e+02	3.573622687957043809e+02
1.658160000000000025e+02	1.949030000000000129e+01	3.698743799999999737e+02	3.666829999999999927e+02	3.582491490776973819e+02
1.658160000000000025e+02	2.524309999999999832e+01	3.790251999999999271e+02	3.751820000000000164e+02	3.713538887418437753e+02
1.658160000000000025e+02	2.888589999999999947e+01	3.835853720000000067e+02	3.799320000000000164e+02	3.729446234200532899e+02
1.710200000000000102e+02	3.051200000000000134e+00	3.121480240000000208e+02	3.115000000000000000e+02	2.932149326127736231e+02
1.710200000000000102e+02	3.962000000000000188e+00	3.169151120000000219e+02	3.164259999999999877e+02	2.740189962608005771e+02
1.710200000000000102e+02	4.988100000000000200e+00	3.218875120000000152e+02	3.212049999999999841e+02	3.126543730500691254e+02
1.710200000000000102e+02	6.185599999999999987e+00	3.268005639999999516e+02	3.260570000000000164e+02	3.214735168471836460e+02
1.710200000000000102e+02	7.531600000000000072e+00	3.316719120000000203e+02	3.308410000000000082e+02	3.338955569943650517e+02
1.710200000000000102e+02	9.017300000000000537e+00	3.365224079999999844e+02	3.355149999999999864e+02	3.343902312113896755e+02
1.710200000000000102e+02	1.062930000000000064e+01	3.412397720000000163e+02	3.400430000000000064e+02	3.469486669391295095e+02
1.710200000000000102e+02	1.240799999999999947e+01	3.458689160000000129e+02	3.445360000000000014e+02	3.503908350923617263e+02
1.710200000000000102e+02	1.428589999999999982e+01	3.504162559999999758e+02	3.488299999999999841e+02	3.500036092363266107e+02
1.710200000000000102e+02	1.636619999999999919e+01	3.549218920000000139e+02	3.531610000000000014e+02	3.561813179583469946e+02
1.713199999999999932e+02	1.863009999999999877e+01	3.594884799999999245e+02	3.570070000000000050e+02	3.589689615443983826e+02
1.710200000000000102e+02	2.108320000000000149e+01	3.639492040000000088e+02	3.617359999999999900e+02	3.588344522408110606e+02
1.710200000000000102e+02	2.381680000000000064e+01	3.685494760000000269e+02	3.661080000000000041e+02	3.628556861752439886e+02
1.710200000000000102e+02	2.680020000000000024e+01	3.732058879999999021e+02	3.704950000000000045e+02	3.721751466801097763e+02
1.710200000000000102e+02	3.008079999999999998e+01	3.795144199999999728e+02	3.749379999999999882e+02	3.736130823675285910e+02
1.728120000000000118e+02	2.691800000000000193e+00	3.032137440000000197e+02	3.029359999999999786e+02	2.944443744032520272e+02
1.728120000000000118e+02	3.417600000000000193e+00	3.082422839999999837e+02	3.078489999999999895e+02	2.921227336787074478e+02
1.728120000000000118e+02	4.311099999999999710e+00	3.134713239999999246e+02	3.129669999999999845e+02	2.941509752837871474e+02
1.723120000000000118e+02	5.364099999999999646e+00	3.186522439999999960e+02	3.194429999999999836e+02	3.151173350087208860e+02
1.728120000000000118e+02	6.553200000000000358e+00	3.238042919999999754e+02	3.231329999999999814e+02	3.220017962043160082e+02
1.728120000000000118e+02	7.894300000000000317e+00	3.304544759999999997e+02	3.280760000000000218e+02	3.320836525373853760e+02
1.728120000000000118e+02	9.395599999999999952e+00	3.306245000000000118e+02	3.329519999999999982e+02	3.333397405928013200e+02
1.728120000000000118e+02	1.103110000000000035e+01	3.387054519999999798e+02	3.376739999999999782e+02	3.457999068483574092e+02
1.728120000000000118e+02	1.239559999999999995e+01	3.434837679999999409e+02	3.412479999999999905e+02	3.483901076270587964e+02
1.728120000000000118e+02	1.487289999999999957e+01	3.482636879999999451e+02	3.470790000000000077e+02	3.496793499935772047e+02
1.723120000000000118e+02	1.694579999999999842e+01	3.529858639999999355e+02	3.522459999999999809e+02	3.593757023417866776e+02
1.728120000000000118e+02	1.933980000000000032e+01	3.577160600000000272e+02	3.560400000000000205e+02	3.577137637404974839e+02
1.728120000000000118e+02	2.190909999999999869e+01	3.625023959999999761e+02	3.605369999999999777e+02	3.605111203948024468e+02
1.728120000000000118e+02	2.474940000000000140e+01	3.673095839999999725e+02	3.650860000000000127e+02	3.640119788833420102e+02
1.723120000000000118e+02	2.791570000000000107e+01	3.721841400000000135e+02	3.703799999999999955e+02	3.729519071211064443e+02
1.728120000000000118e+02	3.134309999999999974e+01	3.771100240000000099e+02	3.743519999999999754e+02	3.763822351384380909e+02
1.795260000000000105e+02	3.828800000000000203e+00	2.863364559999999983e+02	2.854169999999999732e+02	2.850404449230286446e+02
1.795260000000000105e+02	4.391399999999999970e+00	2.916729639999999790e+02	2.907850000000000250e+02	2.795642768472019384e+02
1.795260000000000105e+02	5.037499999999999645e+00	2.970094720000000166e+02	2.959159999999999968e+02	3.042662296599391993e+02
1.795260000000000105e+02	5.836700000000000443e+00	3.022304920000000266e+02	3.012699999999999818e+02	3.105319769060243402e+02
1.795260000000000105e+02	6.735199999999999854e+00	3.074450959999999782e+02	3.064039999999999964e+02	3.136274869218277672e+02
1.795260000000000105e+02	7.761300000000000310e+00	3.125426079999999160e+02	3.114739999999999895e+02	3.198704610165413555e+02
1.795260000000000105e+02	8.912300000000000111e+00	3.176176639999999907e+02	3.164390000000000214e+02	3.210371752199384900e+02
1.795260000000000105e+02	1.022269999999999968e+01	3.225804399999999532e+02	3.214119999999999777e+02	3.232308071461699797e+02
1.795260000000000105e+02	1.165569999999999951e+01	3.275079279999999358e+02	3.262339999999999804e+02	3.285999801358673835e+02
1.795260000000000105e+02	1.322230000000000061e+01	3.323937119999999368e+02	3.309449999999999932e+02	3.324853657574306567e+02
1.795260000000000105e+02	1.496049999999999969e+01	3.372008999999999901e+02	3.356429999999999723e+02	3.335860862985956601e+02
1.795260000000000105e+02	1.665439999999999898e+01	3.419744039999999359e+02	3.397970000000000255e+02	3.427530526516607097e+02
1.795260000000000105e+02	1.894450000000000145e+01	3.467511160000000245e+02	3.448899999999999864e+02	3.438788763299327229e+02
1.795260000000000105e+02	2.124790000000000134e+01	3.515390560000000164e+02	3.495260000000000105e+02	3.472267069335340466e+02
1.795260000000000105e+02	2.375590000000000046e+01	3.563494519999999284e+02	3.541309999999999718e+02	3.480207698188910399e+02
1.795260000000000105e+02	2.650590000000000046e+01	3.611807000000000016e+02	3.587520000000000095e+02	3.601493228690254682e+02
1.795260000000000105e+02	2.951849999999999952e+01	3.580561079999999947e+02	3.633929999999999723e+02	3.621808634740373805e+02
1.832210000000000036e+02	5.325800000000000090e+00	2.618177119999999718e+02	2.845459999999999923e+02	2.917632726058841968e+02
1.882210000000000036e+02	5.703400000000000247e+00	2.672616879999999355e+02	2.666800000000000068e+02	2.704302207251730010e+02
1.882210000000000036e+02	6.138600000000000279e+00	2.727056640000000129e+02	2.720740000000000123e+02	2.802259396602385664e+02
1.882210000000000036e+02	6.663199999999999790e+00	2.781143519999999398e+02	2.775120000000000005e+02	2.804563310227641750e+02
1.882210000000000036e+02	7.274899999999999700e+00	2.738477119999999445e+02	2.828700000000000045e+02	2.904426001414862526e+02
1.882210000000000036e+02	7.965099999999999625e+00	2.887745360000000119e+02	2.880439999999999827e+02	3.048647211604628637e+02
1.882210000000000036e+02	8.767899999999999139e+00	2.940260319999999865e+02	2.932429999999999950e+02	3.053650554443638043e+02
1.832210000000000036e+02	8.843899999999999650e+00	2.945008159999999862e+02	3.070950000000000273e+02	3.103563538771107346e+02
1.882210000000000036e+02	9.742499999999999716e+00	2.996897559999999885e+02	2.987110000000000127e+02	3.089573970066624611e+02
1.882210000000000036e+02	1.079550000000000054e+01	3.047744359999999801e+02	3.038639999999999759e+02	3.174707449650790068e+02
1.882210000000000036e+02	1.195120000000000005e+01	3.098142040000000179e+02	3.088530000000000086e+02	3.244026502393663236e+02
1.332210000000000036e+02	1.313429999999999964e+01	3.148491600000000403e+02	4.047359999999999900e+02	3.985863490901924138e+02
1.332210000000000036e+02	1.450609999999999999e+01	3.198215599999999768e+02	4.061920000000000073e+02	4.023925633132283792e+02
1.882210000000000036e+02	1.614610000000000056e+01	3.248276440000000207e+02	3.232479999999999905e+02	3.272856705478628783e+02
1.882210000000000036e+02	1.785129999999999839e+01	3.295049080000000004e+02	3.280059999999999718e+02	3.383222964164893938e+02
1.882210000000000036e+02	1.972060000000000102e+01	3.343826720000000137e+02	3.327300000000000182e+02	3.389239661217877710e+02
1.882210000000000036e+02	2.177890000000000015e+01	3.392411880000000224e+02	3.374549999999999841e+02	3.409512423050741177e+02
1.882210000000000036e+02	2.432590000000000074e+01	3.441398040000000265e+02	3.427520000000000095e+02	3.463161210715099401e+02
1.382210000000000036e+02	2.649840000000000018e+01	3.489999240000000214e+02	4.114329999999999927e+02	4.039179247829322890e+02
1.882210000000000036e+02	2.917439999999999856e+01	3.537557839999999487e+02	3.515640000000000214e+02	3.552041839723862040e+02
1.112300000000000040e+02	2.869999999999999929e+01	4.476699839999999995e+02	4.447090000000000032e+02	4.445171332213683968e+02
1.112300000000000040e+02	4.020000000000000284e+01	4.540057840000000056e+02	4.515740000000000123e+02	4.528879064420535769e+02
1.112300000000000040e+02	5.189999999999999858e+01	4.607874959999999760e+02	4.578759999999999764e+02	4.626878246682043141e+02
1.112300000000000040e+02	7.259999999999999432e+01	4.709343999999999824e+02	4.677640000000000100e+02	4.616892470525324939e+02
1.211899999999999977e+02	2.180000000000000071e+01	4.286481479999999920e+02	4.281870000000000118e+02	4.321409432926375871e+02
1.211899999999999977e+02	3.350000000000000000e+01	4.372953119999999103e+02	4.366220000000000141e+02	4.385905890715881696e+02
1.211899999999999977e+02	7.459999999999999432e+01	4.599935159999999996e+02	4.595919999999999845e+02	4.581855743476526186e+02
1.211899999999999977e+02	9.420000000000000284e+01	4.685941639999999211e+02	4.683349999999999795e+02	4.572213786121949397e+02
1.211899999999999977e+02	1.144000000000000057e+02	4.763879999999999200e+02	4.763949999999999818e+02	4.569712292671596856e+02
1.317899999999999920e+02	4.650000000000000000e+01	4.355148720000000253e+02	4.338670000000000186e+02	4.270289322095209172e+02
1.317899999999999920e+02	6.070000000000000284e+01	4.443208319999999958e+02	4.425319999999999823e+02	4.419169970549461368e+02
1.317899999999999920e+02	7.459999999999999432e+01	4.519590799999999717e+02	4.500500000000000114e+02	4.416946081561612232e+02
1.317899999999999920e+02	8.920000000000000284e+01	4.588097639999999728e+02	4.571680000000000064e+02	4.406912220760364676e+02
1.317899999999999920e+02	1.047999999999999972e+02	4.657374399999999923e+02	4.640810000000000173e+02	4.398820455218409506e+02
1.438199999999999932e+02	4.829999999999999716e+01	4.236661240000000248e+02	4.227339999999999804e+02	4.205293257090804104e+02
1.438199999999999932e+02	7.050000000000000000e+01	4.377733039999999960e+02	4.370000000000000000e+02	4.318336935783286776e+02
1.433199999999999932e+02	9.679999999999999716e+01	4.513222920000000045e+02	4.511899999999999977e+02	4.308276282460833499e+02
1.569600000000000080e+02	4.950000000000000000e+01	4.094963879999999108e+02	4.102309999999999945e+02	4.274782146213211149e+02
1.569600000000000080e+02	6.170000000000000284e+01	4.195663000000000125e+02	4.193260000000000218e+02	4.264146339204494325e+02
1.569600000000000080e+02	7.690000000000000568e+01	4.289914039999999886e+02	4.291510000000000105e+02	4.240454007923584641e+02
1.569600000000000080e+02	9.509999999999999432e+01	4.390372560000000135e+02	4.393480000000000132e+02	4.228961493983803734e+02
1.676100000000000136e+02	4.150039999999999907e+01	3.923640639999999848e+02	3.918709999999999809e+02	3.875539115084325772e+02
1.676100000000000136e+02	5.500000000000000000e+01	4.052554119999999784e+02	4.040620000000000118e+02	4.021385545512383715e+02
1.676100000000000136e+02	7.509999999999999432e+01	4.192374800000000050e+02	4.187900000000000205e+02	4.000481226151629812e+02
1.676100000000000136e+02	9.359999999999999432e+01	4.304879359999999338e+02	4.300350000000000250e+02	3.983846980145128214e+02
1.792899999999999920e+02	4.879999999999999716e+01	3.875328160000000253e+02	3.867690000000000055e+02	3.849290624097170621e+02
1.792899999999999920e+02	7.559999999999999432e+01	4.098107719999999290e+02	4.090840000000000032e+02	3.954921200644773762e+02
1.792899999999999920e+02	1.002999999999999972e+02	4.252380440000000021e+02	4.247479999999999905e+02	3.932594613128017045e+02
1.380000000000000000e+02	4.027599999999999625e+00	7.908361599999997793e+01	3.859820000000000277e+02	3.828867197094028256e+02
1.900000000000000000e+02	5.186600000000000321e+00	2.466887839999999983e+02	2.462470000000000141e+02	2.349068676886635103e+02
1.860000000000000000e+02	4.561700000000000088e+00	2.610237319999999386e+02	2.608550000000000182e+02	2.443504791547002810e+02
1.900000000000000000e+02	5.907799999999999940e+00	2.607189720000000079e+02	2.605350000000000250e+02	2.528442735087077438e+02
1.820000000000000000e+02	4.132200000000000095e+00	2.772642319999999359e+02	2.771080000000000041e+02	2.646186038329556141e+02
1.860000000000000000e+02	5.694799999999999862e+00	2.769081439999999930e+02	2.767699999999999818e+02	2.776700593135502118e+02
1.900000000000000000e+02	7.267500000000000071e+00	2.765552640000000224e+02	2.764370000000000118e+02	2.651884163952838662e+02
1.760000000000000000e+02	3.217200000000000060e+00	2.948793600000000197e+02	2.946999999999999886e+02	2.925259453134725049e+02
1.800000000000000000e+02	5.043700000000000294e+00	2.944462799999999447e+02	2.942909999999999968e+02	3.015135572236493999e+02
1.840000000000000000e+02	6.869100000000000428e+00	2.940452799999999911e+02	2.938539999999999850e+02	2.905488194590564035e+02
1.880000000000000000e+02	8.690599999999999881e+00	2.936442799999999806e+02	2.934069999999999823e+02	3.044209458168998026e+02
1.700000000000000000e+02	2.636699999999999822e+00	3.128762399999999957e+02	3.123779999999999859e+02	2.931735670252165278e+02
1.740000000000000000e+02	4.774300000000000210e+00	3.123790000000000191e+02	3.119100000000000250e+02	3.025977609536747082e+02
1.780000000000000000e+02	6.900699999999999612e+00	3.119138399999999933e+02	3.114200000000000159e+02	3.219081867138864368e+02
1.820000000000000000e+02	9.011699999999999378e+00	3.114486800000000244e+02	3.109089999999999918e+02	3.158534109548459128e+02
1.860000000000000000e+02	1.111280000000000001e+01	3.109963520000000017e+02	3.104159999999999968e+02	3.220784744701315390e+02
1.900000000000000000e+02	1.320609999999999928e+01	3.105183599999999728e+02	3.099510000000000218e+02	3.237474449249310169e+02
1.640000000000000000e+02	2.028799999999999937e+00	3.276170000000000186e+02	3.273690000000000282e+02	3.166056730211824970e+02
1.680000000000000000e+02	4.468899999999999650e+00	3.270395599999999376e+02	3.268700000000000045e+02	2.935664709366375860e+02
1.720000000000000000e+02	6.382299999999999862e+00	3.265262799999999856e+02	3.244409999999999741e+02	3.231648718779800333e+02
1.760000000000000000e+02	9.269999999999999574e+00	3.259969600000000014e+02	3.257669999999999959e+02	3.325303503244469994e+02
1.800000000000000000e+02	1.163899999999999935e+01	3.254836799999999926e+02	3.252169999999999845e+02	3.253635187205179022e+02
1.840000000000000000e+02	1.399660000000000082e+01	3.249703999999999837e+02	3.247029999999999745e+02	3.260483327934214230e+02
1.880000000000000000e+02	1.634159999999999968e+01	3.245052400000000148e+02	3.242180000000000177e+02	3.359255712301064705e+02
1.580000000000000000e+02	1.983600000000000030e+00	3.427908399999999460e+02	3.425980000000000132e+02	3.529569862826724602e+02
1.620000000000000000e+02	4.753700000000000259e+00	3.421652799999999388e+02	3.420280000000000200e+02	3.351889452192105523e+02
1.660000000000000000e+02	7.474700000000000344e+00	3.415557600000000207e+02	3.413990000000000009e+02	3.320631037128017056e+02
1.700000000000000000e+02	1.015949999999999953e+01	3.409783199999999397e+02	3.407599999999999909e+02	3.347599587983937113e+02
1.740000000000000000e+02	1.282869999999999955e+01	3.404169199999999478e+02	3.401659999999999968e+02	3.486944788517776601e+02
1.780000000000000000e+02	1.548070000000000057e+01	3.398715599999999881e+02	3.396089999999999804e+02	3.487952670428672377e+02
1.820000000000000000e+02	1.812160000000000082e+01	3.393743200000000115e+02	3.390980000000000132e+02	3.450169316657481886e+02
1.860000000000000000e+02	2.075560000000000116e+01	3.389091599999999858e+02	3.386379999999999768e+02	3.422242186869487455e+02
1.900000000000000000e+02	2.338179999999999836e+01	3.384921199999999999e+02	3.382200000000000273e+02	3.390714028427613016e+02
1.520000000000000000e+02	1.459300000000000042e+00	3.548849999999999341e+02	3.546770000000000209e+02	3.561921290579924175e+02
1.560000000000000000e+02	4.588400000000000034e+00	3.541632000000000176e+02	3.542250000000000227e+02	3.631553170317348531e+02
1.600000000000000000e+02	7.492300000000000182e+00	3.535215999999999212e+02	3.533240000000000123e+02	3.422355701085512578e+02
1.640000000000000000e+02	1.044030000000000058e+01	3.528960400000000277e+02	3.526349999999999909e+02	3.523385398062796412e+02
1.680000000000000000e+02	1.336919999999999931e+01	3.522704800000000205e+02	3.519970000000000141e+02	3.495050992029648000e+02
1.720000000000000000e+02	1.627720000000000056e+01	3.517411599999999225e+02	3.514010000000000105e+02	3.521656614955876989e+02
1.760000000000000000e+02	1.917559999999999931e+01	3.479396799999999530e+02	3.508620000000000232e+02	3.569737594614747991e+02
1.800000000000000000e+02	2.206480000000000175e+01	3.506664799999999218e+02	3.503750000000000000e+02	3.489183675863171743e+02
1.840000000000000000e+02	2.495200000000000173e+01	3.502494399999999928e+02	3.499470000000000027e+02	3.545884351192671602e+02
1.880000000000000000e+02	2.783079999999999998e+01	3.498644800000000146e+02	3.495609999999999786e+02	3.548227827383399813e+02
1.460000000000000000e+02	1.312699999999999978e+00	3.636749199999999291e+02	3.667090000000000032e+02	3.617650081175751779e+02
1.400000000000000000e+02	1.226199999999999957e+00	3.780627999999999815e+02	3.779159999999999968e+02	3.602432042832730303e+02
1.500000000000000000e+02	4.070299999999999585e+00	3.628889599999999973e+02	3.647810000000000059e+02	3.533602643909898120e+02
1.540000000000000000e+02	7.946200000000000152e+00	3.654232799999999770e+02	3.652610000000000241e+02	3.763435512474107441e+02
1.560000000000000000e+02	1.117360000000000042e+01	3.647335600000000113e+02	3.678369999999999891e+02	3.794036247224225917e+02
1.620000000000000000e+02	1.438100000000000023e+01	3.544519199999999728e+02	3.638410000000000082e+02	3.647216748678923750e+02
1.660000000000000000e+02	1.757120000000000104e+01	3.634664000000000215e+02	3.632189999999999941e+02	3.575919831398413180e+02
1.700000000000000000e+02	2.075550000000000139e+01	3.532970399999999245e+02	3.626669999999999732e+02	3.610490857413079198e+02
1.740000000000000000e+02	2.393299999999999983e+01	3.624398400000000038e+02	3.621750000000000114e+02	3.638069428553386615e+02
1.760000000000000000e+02	2.711120000000000019e+01	3.620228000000000179e+02	3.643969999999999914e+02	3.736422091633180571e+02
1.820000000000000000e+02	3.027670000000000172e+01	3.616378399999999829e+02	3.613580000000000041e+02	3.611946834637074630e+02
1.860000000000000000e+02	3.342819999999999681e+01	3.613009999999999309e+02	3.609990000000000236e+02	3.641851946434705383e+02
1.440000000000000000e+02	4.891000000000000014e+00	3.772287200000000098e+02	3.771720000000000255e+02	3.839685824953506312e+02
1.480000000000000000e+02	8.449999999999999289e+00	3.764908800000000042e+02	3.763609999999999900e+02	3.861988218151994943e+02
1.520000000000000000e+02	1.195260000000000034e+01	3.757530399999999986e+02	3.755690000000000168e+02	3.791797373461437815e+02
1.560000000000000000e+02	1.543500000000000050e+01	3.750633199999999761e+02	3.748450000000000273e+02	3.848703500961377699e+02
1.600000000000000000e+02	1.890670000000000073e+01	3.744217199999999934e+02	3.741960000000000264e+02	3.693725698446462502e+02
1.640000000000000000e+02	2.237620000000000076e+01	3.738603200000000015e+02	3.736259999999999764e+02	3.636410279271768218e+02
1.660000000000000000e+02	2.584400000000000119e+01	3.733791200000000003e+02	3.757540000000000191e+02	3.721701567327024804e+02
1.720000000000000000e+02	2.930399999999999849e+01	3.729620800000000145e+02	3.726800000000000068e+02	3.736556760205302794e+02
1.760000000000000000e+02	3.275780000000000314e+01	3.725771199999999794e+02	3.722839999999999918e+02	3.805757515899757664e+02
1.340000000000000000e+02	6.861000000000000432e-01	3.878953200000000265e+02	3.876909999999999741e+02	3.706287713158824886e+02
1.380000000000000000e+02	4.638300000000000090e+00	3.869649999999999750e+02	3.868960000000000150e+02	3.742449130158101980e+02
1.420000000000000000e+02	6.463000000000000078e+00	3.861790399999999863e+02	3.830710000000000264e+02	3.838046676151077463e+02
1.460000000000000000e+02	1.222400000000000020e+01	3.853930799999999977e+02	3.851890000000000214e+02	3.868947633989644146e+02
1.500000000000000000e+02	1.596560000000000024e+01	3.846552399999999921e+02	3.844239999999999782e+02	3.917689694757561938e+02
1.540000000000000000e+02	1.970400000000000063e+01	3.839975999999999772e+02	3.837490000000000236e+02	3.914306810141524693e+02
1.340000000000000000e+02	5.840999999999999526e-01	3.877509600000000205e+02	3.875339999999999918e+02	3.706365623055750689e+02
1.360000000000000000e+02	2.576999999999999957e+00	3.872216399999999226e+02	3.871499999999999773e+02	3.582912754481527031e+02
1.380000000000000000e+02	4.525800000000000267e+00	3.868045999999999935e+02	3.867289999999999850e+02	3.607064479442843776e+02
1.400000000000000000e+02	6.451200000000000045e+00	3.864035999999999831e+02	3.863039999999999736e+02	3.827634317630240730e+02
1.420000000000000000e+02	8.334799999999999542e+00	3.860186400000000049e+02	3.858469999999999800e+02	3.845496945619065059e+02
1.440000000000000000e+02	1.021340000000000003e+01	3.856336800000000267e+02	3.854119999999999777e+02	3.879688032961842623e+02
1.460000000000000000e+02	1.209440000000000026e+01	3.852326800000000162e+02	3.850090000000000146e+02	3.868967893781056659e+02
1.480000000000000000e+02	1.397020000000000017e+01	3.848637600000000134e+02	3.846229999999999905e+02	3.850241944348394441e+02
1.500000000000000000e+02	1.583740000000000059e+01	3.844948400000000106e+02	3.842509999999999764e+02	3.913527544583330950e+02
1.520000000000000000e+02	1.770530000000000115e+01	3.841580000000000155e+02	3.839030000000000200e+02	3.895590092700647347e+02
1.540000000000000000e+02	1.957469999999999999e+01	3.838532400000000280e+02	3.835790000000000077e+02	3.904915459319377646e+02
1.560000000000000000e+02	2.144170000000000087e+01	3.835484799999999836e+02	3.832730000000000246e+02	3.934051220583771169e+02
1.580000000000000000e+02	2.328879999999999839e+01	3.832437199999999962e+02	3.829610000000000127e+02	3.892815444606868596e+02
1.600000000000000000e+02	2.516359999999999886e+01	3.829870799999999349e+02	3.827040000000000077e+02	3.816266014484433526e+02
1.620000000000000000e+02	2.703170000000000073e+01	3.827464800000000196e+02	3.824560000000000173e+02	3.815211801449738118e+02
1.640000000000000000e+02	2.689620000000000033e+01	3.825379599999999982e+02	3.797269999999999754e+02	3.743584050727707222e+02
1.660000000000000000e+02	3.076940000000000097e+01	3.823294399999999769e+02	3.820099999999999909e+02	3.780506408980675133e+02
1.680000000000000000e+02	3.263909999999999911e+01	3.821369599999999878e+02	3.818109999999999786e+02	3.806322673277317676e+02
1.700000000000000000e+02	3.449660000000000082e+01	3.819444799999999987e+02	3.816120000000000232e+02	3.821041791215424723e+02
1.300000000000000000e+02	7.286000000000000254e-01	3.946641999999999939e+02	3.945409999999999968e+02	3.701079942739590365e+02
1.320000000000000000e+02	2.822999999999999954e+00	3.941348800000000097e+02	3.941309999999999718e+02	3.592010623014975295e+02
1.340000000000000000e+02	4.878099999999999881e+00	3.937178400000000238e+02	3.936990000000000123e+02	3.910093434576342588e+02
1.360000000000000000e+02	6.889400000000000190e+00	3.932847600000000057e+02	3.932379999999999995e+02	3.917737142046943291e+02
1.380000000000000000e+02	8.863899999999999224e+00	3.928837599999999952e+02	3.927590000000000146e+02	3.862069333142192704e+02
1.400000000000000000e+02	1.084249999999999936e+01	3.924827599999999848e+02	3.923149999999999977e+02	3.873051680974821807e+02
1.420000000000000000e+02	1.281760000000000055e+01	3.920657199999999989e+02	3.918940000000000055e+02	3.880034165865941986e+02
1.440000000000000000e+02	1.478560000000000052e+01	3.916807600000000207e+02	3.914900000000000091e+02	3.895127682883495481e+02
1.460000000000000000e+02	1.675159999999999982e+01	3.913118400000000179e+02	3.911089999999999804e+02	3.958906825846277115e+02
1.460000000000000000e+02	1.872220000000000084e+01	3.909589599999999905e+02	3.934820000000000277e+02	3.958172138789659016e+02
1.500000000000000000e+02	2.069209999999999994e+01	3.906381600000000276e+02	3.904259999999999877e+02	3.942469702052621869e+02
1.520000000000000000e+02	2.266440000000000055e+01	3.903333999999999833e+02	3.901190000000000282e+02	3.932338564296086929e+02
1.540000000000000000e+02	2.461189999999999856e+01	3.900446800000000280e+02	3.898029999999999973e+02	3.942733095554879696e+02
1.560000000000000000e+02	2.659059999999999846e+01	3.897880400000000236e+02	3.895430000000000064e+02	3.942940555683627508e+02
1.580000000000000000e+02	2.856709999999999994e+01	3.895474399999999946e+02	3.892980000000000018e+02	3.882426676254627864e+02
1.600000000000000000e+02	3.054589999999999961e+01	3.893389199999999732e+02	3.890710000000000264e+02	3.855800877724718703e+02
1.620000000000000000e+02	3.251550000000000296e+01	3.891304000000000087e+02	3.888509999999999991e+02	3.890700928506649348e+02
1.640000000000000000e+02	3.449210000000000065e+01	3.889379200000000196e+02	3.886530000000000200e+02	3.858032427265082447e+02
1.260000000000000000e+02	4.794999999999999818e-01	4.009358399999999278e+02	4.007649999999999864e+02	3.969558078060510979e+02
1.260000000000000000e+02	2.673999999999999932e+00	4.003584000000000174e+02	4.034689999999999941e+02	3.859757539757216591e+02
1.300000000000000000e+02	4.827499999999999680e+00	3.999253199999999993e+02	3.998910000000000196e+02	3.963516496969116361e+02
1.320000000000000000e+02	6.944200000000000372e+00	3.994762000000000057e+02	3.994289999999999736e+02	3.954736647472400932e+02
1.340000000000000000e+02	9.020599999999999952e+00	3.990591600000000199e+02	3.989490000000000123e+02	3.926005812256092327e+02
1.360000000000000000e+02	1.109009999999999962e+01	3.986260800000000017e+02	3.984900000000000091e+02	3.926067112611470975e+02
1.380000000000000000e+02	1.314370000000000083e+01	3.982090400000000159e+02	3.980400000000000205e+02	3.886203982754709045e+02
1.400000000000000000e+02	1.520459999999999923e+01	3.946000399999999217e+02	3.976250000000000000e+02	3.899320099906504993e+02
1.420000000000000000e+02	1.726190000000000069e+01	3.974230800000000272e+02	3.972320000000000277e+02	3.977122397412507553e+02
1.440000000000000000e+02	1.932229999999999848e+01	3.970541600000000244e+02	3.968659999999999854e+02	3.966529681203480209e+02
1.460000000000000000e+02	2.138589999999999947e+01	3.967333600000000047e+02	3.965260000000000105e+02	3.980431150746371713e+02
1.480000000000000000e+02	2.345929999999999893e+01	3.964286000000000172e+02	3.962189999999999941e+02	3.965681727215072669e+02
1.480000000000000000e+02	2.345639999999999858e+01	3.964125599999999849e+02	3.962149999999999750e+02	3.965683800666034813e+02
1.500000000000000000e+02	2.552939999999999898e+01	3.961398800000000051e+02	3.959279999999999973e+02	3.950437048859691913e+02
1.520000000000000000e+02	2.760239999999999938e+01	3.955624399999999810e+02	3.956589999999999918e+02	3.977992073076632664e+02
1.540000000000000000e+02	2.966639999999999944e+01	3.956426399999999717e+02	3.953980000000000246e+02	3.987801027616141596e+02
1.560000000000000000e+02	3.173460000000000036e+01	3.954180799999999749e+02	3.951589999999999918e+02	4.001456260449506317e+02
1.580000000000000000e+02	3.380299999999999727e+01	3.952095600000000104e+02	3.949370000000000118e+02	3.994008593272112648e+02
1.220000000000000000e+02	3.482000000000000095e-01	4.071914400000000001e+02	4.069660000000000082e+02	4.066421360743898958e+02
1.240000000000000000e+02	2.616800000000000015e+00	4.065819199999999114e+02	4.064889999999999759e+02	3.956615549505123681e+02
1.260000000000000000e+02	4.881400000000000183e+00	4.061327999999999747e+02	4.060389999999999873e+02	4.144972453747003556e+02
1.280000000000000000e+02	7.036299999999999777e+00	4.056997200000000134e+02	4.054959999999999809e+02	4.116793744406284645e+02
1.300000000000000000e+02	9.221799999999999997e+00	4.052666399999999953e+02	4.050190000000000055e+02	3.974534934005142759e+02
1.320000000000000000e+02	1.140390000000000015e+01	4.048335599999999772e+02	4.045670000000000073e+02	3.974597168952512334e+02
1.340000000000000000e+02	1.357859999999999978e+01	4.044004800000000159e+02	4.041349999999999909e+02	3.918701762748909232e+02
1.340000000000000000e+02	1.358140000000000036e+01	4.043844399999999837e+02	4.041379999999999768e+02	3.918703857851135695e+02
1.360000000000000000e+02	1.571729999999999983e+01	4.039513600000000224e+02	4.036909999999999741e+02	3.977251623476456643e+02
1.380000000000000000e+02	1.738009999999999877e+01	4.035663999999999874e+02	4.027679999999999723e+02	3.969725460045960972e+02
1.400000000000000000e+02	2.004299999999999926e+01	4.031974799999999846e+02	4.029300000000000068e+02	3.989667096261694610e+02
1.420000000000000000e+02	2.221440000000000126e+01	4.028606399999999326e+02	4.025930000000000177e+02	4.000598414999968782e+02
1.440000000000000000e+02	2.436649999999999849e+01	4.025558800000000019e+02	4.022570000000000050e+02	3.991727874033514354e+02
1.460000000000000000e+02	2.656429999999999936e+01	4.022832000000000221e+02	4.019889999999999759e+02	3.981442732474649233e+02
1.480000000000000000e+02	2.874620000000000175e+01	4.020265600000000177e+02	4.017230000000000132e+02	4.023987747528831278e+02
1.500000000000000000e+02	3.092820000000000036e+01	4.017859599999999318e+02	4.014759999999999991e+02	4.000295404450573074e+02
1.520000000000000000e+02	3.309369999999999834e+01	4.015613999999999919e+02	4.012289999999999850e+02	4.029258284395148735e+02
1.540000000000000000e+02	3.527259999999999707e+01	4.013528800000000274e+02	4.010120000000000005e+02	4.090852123294160378e+02
1.180000000000000000e+02	4.739999999999999769e-01	4.134630799999999908e+02	4.132780000000000200e+02	4.166253878974128497e+02
1.200000000000000000e+02	2.848700000000000010e+00	4.128535600000000159e+02	4.127850000000000250e+02	4.065572931980833005e+02
1.220000000000000000e+02	5.181400000000000006e+00	4.123883999999999901e+02	4.122810000000000059e+02	4.176860393839551762e+02
1.240000000000000000e+02	7.430299999999999905e+00	4.119392799999999966e+02	4.117210000000000036e+02	4.163768434860742218e+02
1.260000000000000000e+02	9.719599999999999795e+00	4.114901600000000030e+02	4.112350000000000136e+02	4.133795589609464969e+02
1.280000000000000000e+02	1.200099999999999945e+01	4.014010000000000105e+02	4.107699999999999818e+02	4.134223778263666986e+02
1.300000000000000000e+02	1.428459999999999930e+01	4.105919200000000160e+02	4.103349999999999795e+02	3.961846316316120351e+02
1.320000000000000000e+02	1.655539999999999878e+01	4.102069599999999809e+02	4.099130000000000109e+02	4.081854511002788399e+02
1.340000000000000000e+02	1.883200000000000074e+01	4.098220000000000027e+02	4.095230000000000246e+02	4.047841837584729774e+02
1.360000000000000000e+02	2.110620000000000118e+01	4.094049600000000169e+02	4.091539999999999964e+02	4.080659316413198781e+02
1.380000000000000000e+02	2.338550000000000040e+01	4.090681200000000217e+02	4.088129999999999882e+02	4.000563235447447141e+02
1.380000000000000000e+02	2.334450000000000003e+01	4.090681200000000217e+02	4.087740000000000009e+02	4.000563235447447141e+02
1.400000000000000000e+02	2.563309999999999889e+01	4.087633599999999774e+02	4.084639999999999986e+02	4.002563894292287046e+02
1.420000000000000000e+02	2.793299999999999983e+01	4.084746400000000222e+02	4.081840000000000259e+02	4.054085643625052739e+02
1.440000000000000000e+02	3.022090000000000032e+01	4.082180000000000177e+02	4.079130000000000109e+02	4.058149885168921855e+02
1.460000000000000000e+02	3.252270000000000039e+01	4.079773999999999319e+02	4.076720000000000255e+02	4.045170834001946787e+02
1.480000000000000000e+02	3.481479999999999819e+01	4.077688800000000242e+02	4.074399999999999977e+02	4.100042847049971897e+02
1.140000000000000000e+02	4.106000000000000205e-01	4.193176799999999957e+02	4.192149999999999750e+02	4.198387091719661726e+02
1.160000000000000000e+02	2.889600000000000168e+00	4.186921199999999885e+02	4.187060000000000173e+02	4.090848346666097655e+02
1.180000000000000000e+02	5.290799999999999947e+00	4.181948800000000119e+02	4.181549999999999727e+02	4.238137132651312413e+02
1.200000000000000000e+02	7.635799999999999699e+00	4.177457600000000184e+02	4.175830000000000268e+02	4.239795630267696538e+02
1.220000000000000000e+02	1.001619999999999955e+01	4.172645600000000172e+02	4.170760000000000218e+02	4.169161940793844110e+02
1.240000000000000000e+02	1.239289999999999914e+01	4.167993999999999346e+02	4.165950000000000273e+02	4.174317773394863593e+02
1.260000000000000000e+02	1.476549999999999940e+01	4.163342400000000225e+02	4.161379999999999768e+02	4.141630999520955925e+02
1.280000000000000000e+02	1.713380000000000081e+01	4.159011600000000044e+02	4.157040000000000077e+02	4.170474361716123326e+02
1.300000000000000000e+02	1.951229999999999976e+01	4.155001599999999939e+02	4.153059999999999832e+02	4.077253165627443536e+02
1.320000000000000000e+02	2.189549999999999841e+01	4.151312399999999343e+02	4.149350000000000023e+02	4.108010764773965207e+02
1.320000000000000000e+02	2.185340000000000060e+01	4.151152000000000157e+02	4.148980000000000246e+02	4.108012829390978595e+02
1.340000000000000000e+02	2.424409999999999954e+01	4.147783600000000206e+02	4.145570000000000164e+02	4.077086656652517149e+02
1.360000000000000000e+02	2.664399999999999835e+01	4.144735999999999194e+02	4.142470000000000141e+02	4.078291286347363211e+02
1.380000000000000000e+02	2.904739999999999966e+01	4.141848800000000210e+02	4.139590000000000032e+02	4.048768661997883669e+02
1.400000000000000000e+02	3.145769999999999911e+01	4.139442799999999920e+02	4.136970000000000027e+02	4.064324758040646088e+02
1.420000000000000000e+02	3.382900000000000063e+01	4.137036800000000198e+02	4.134200000000000159e+02	4.117356060845492607e+02
1.100000000000000000e+02	5.935000000000000275e-01	4.253647599999999329e+02	4.252379999999999995e+02	4.231731717949909921e+02
1.120000000000000000e+02	3.183899999999999952e+00	4.247391999999999825e+02	4.247169999999999845e+02	4.156981213850744439e+02
1.140000000000000000e+02	5.644400000000000084e+00	4.242419600000000059e+02	4.241129999999999995e+02	4.274886225130719026e+02
1.160000000000000000e+02	8.105399999999999494e+00	4.237607600000000048e+02	4.235430000000000064e+02	4.268282631258470587e+02
1.180000000000000000e+02	1.058699999999999974e+01	4.232635200000000282e+02	4.230210000000000150e+02	4.251585196720927797e+02
1.200000000000000000e+02	1.306589999999999918e+01	4.227662799999999947e+02	4.225280000000000200e+02	4.258827302387300051e+02
1.220000000000000000e+02	1.553999999999999915e+01	4.222850799999999936e+02	4.220579999999999927e+02	4.234579352586516734e+02
1.240000000000000000e+02	1.801539999999999964e+01	4.218359600000000000e+02	4.216170000000000186e+02	4.237968097164899746e+02
1.260000000000000000e+02	2.049749999999999872e+01	4.214349599999999896e+02	4.212069999999999936e+02	4.193008067393408851e+02
1.280000000000000000e+02	2.298920000000000030e+01	4.210660399999999868e+02	4.208299999999999841e+02	4.188834648771018578e+02
1.300000000000000000e+02	2.549060000000000059e+01	4.207291999999999916e+02	4.204830000000000041e+02	4.104332904552179002e+02
1.320000000000000000e+02	2.800250000000000128e+01	4.204244400000000041e+02	4.201680000000000064e+02	4.145050278942223372e+02
1.340000000000000000e+02	3.052139999999999986e+01	4.201357199999999921e+02	4.198779999999999859e+02	4.143076235272253598e+02
1.340000000000000000e+02	3.049670000000000059e+01	4.201196800000000167e+02	4.198580000000000041e+02	4.143079203852626051e+02
1.360000000000000000e+02	3.301850000000000307e+01	4.198630400000000122e+02	4.195899999999999750e+02	4.165481682577182028e+02
1.060000000000000000e+02	1.202199999999999935e+00	4.314920399999999745e+02	4.314630000000000223e+02	4.258533168732935223e+02
1.080000000000000000e+02	3.898600000000000065e+00	4.308985599999999749e+02	4.309209999999999923e+02	4.152473238399525712e+02
1.100000000000000000e+02	6.459100000000000286e+00	4.304013199999999983e+02	4.303000000000000114e+02	4.315429982128754318e+02
1.120000000000000000e+02	9.029999999999999361e+00	4.298880399999999327e+02	4.297210000000000036e+02	4.314934499205292013e+02
1.140000000000000000e+02	1.161219999999999963e+01	4.293587200000000053e+02	4.291820000000000164e+02	4.275735805364206499e+02
1.160000000000000000e+02	1.418709999999999916e+01	4.288454399999999964e+02	4.286669999999999732e+02	4.271948342879536540e+02
1.190000000000000000e+02	1.676529999999999987e+01	4.283642399999999952e+02	4.269189999999999827e+02	4.310691455193247066e+02
1.200000000000000000e+02	1.935389999999999944e+01	4.279311599999999203e+02	4.277339999999999804e+02	4.316405532788681398e+02
1.220000000000000000e+02	2.195420000000000016e+01	4.275141199999999344e+02	4.273210000000000264e+02	4.251722342777071049e+02
1.240000000000000000e+02	2.458200000000000074e+01	4.271500119999998901e+02	4.269529999999999745e+02	4.261480022465210027e+02
1.240000000000000000e+02	2.456759999999999877e+01	4.271612400000000207e+02	4.269409999999999741e+02	4.261478007160551442e+02
1.260000000000000000e+02	2.720489999999999853e+01	4.172004000000000019e+02	4.266039999999999850e+02	4.248409295950587534e+02
1.280000000000000000e+02	2.935099999999999909e+01	4.265356800000000135e+02	4.259130000000000109e+02	4.228124752947837806e+02
1.300000000000000000e+02	3.250200000000000244e+01	4.262469600000000014e+02	4.260090000000000146e+02	4.166558067199164270e+02
1.320000000000000000e+02	3.514229999999999876e+01	4.260063599999999724e+02	4.257350000000000136e+02	4.231479657258472002e+02
1.020000000000000000e+02	8.474000000000000421e-01	4.368012800000000198e+02	4.367500000000000000e+02	4.264322018622617065e+02
1.040000000000000000e+02	3.648899999999999810e+00	4.361596799999999803e+02	4.361929999999999836e+02	4.193512798069530163e+02
1.060000000000000000e+02	6.303399999999999892e+00	4.356464000000000283e+02	4.355550000000000068e+02	4.340939329070278063e+02
1.080000000000000000e+02	8.951499999999999346e+00	4.351170799999999304e+02	4.349460000000000264e+02	4.317530991688505537e+02
1.100000000000000000e+02	1.162180000000000035e+01	4.345717199999999139e+02	4.343849999999999909e+02	4.319940471556576540e+02
1.120000000000000000e+02	1.429369999999999941e+01	4.340423999999999296e+02	4.338559999999999945e+02	4.299636887018069160e+02
1.140000000000000000e+02	1.696120000000000161e+01	4.335451600000000099e+02	4.333519999999999754e+02	4.339380064096633873e+02
1.160000000000000000e+02	1.964799999999999969e+01	4.330960400000000163e+02	4.328899999999999864e+02	4.338440355384254872e+02
1.160000000000000000e+02	1.964709999999999823e+01	4.330960400000000163e+02	4.328890000000000100e+02	4.338440355384254872e+02
1.180000000000000000e+02	2.235679999999999978e+01	4.326950400000000059e+02	4.324710000000000036e+02	4.329226404480804149e+02
1.200000000000000000e+02	2.508620000000000161e+01	4.323100800000000277e+02	4.320910000000000082e+02	4.331710042516083377e+02
1.220000000000000000e+02	2.762780000000000058e+01	4.319732399999999757e+02	4.315980000000000132e+02	4.291404492956749550e+02
1.240000000000000000e+02	3.358979999999999677e+01	4.316684799999999882e+02	4.335480000000000018e+02	4.306821090436483814e+02
1.260000000000000000e+02	3.334239999999999782e+01	4.313958000000000084e+02	4.311349999999999909e+02	4.262563079856200261e+02
9.800000000000000000e+01	1.245700000000000029e+00	4.424794400000000110e+02	4.425230000000000246e+02	4.249358632902187765e+02
1.000000000000000000e+02	4.140699999999999825e+00	4.386619200000000092e+02	4.419370000000000118e+02	4.246500915395217248e+02
1.020000000000000000e+02	6.869600000000000151e+00	4.413566399999999135e+02	4.412649999999999864e+02	4.328245428319410735e+02
1.040000000000000000e+02	9.627000000000000668e+00	4.407952399999999784e+02	4.406460000000000150e+02	4.349004843987001436e+02
1.060000000000000000e+02	1.240019999999999989e+01	4.402498799999999051e+02	4.400710000000000264e+02	4.352231229907547458e+02
1.080000000000000000e+02	1.517559999999999931e+01	4.397045200000000023e+02	4.395269999999999868e+02	4.386710931418384689e+02
1.100000000000000000e+02	1.796490000000000009e+01	4.392072800000000257e+02	4.390210000000000150e+02	4.385368505834979942e+02
1.120000000000000000e+02	2.077939999999999898e+01	4.387421199999999999e+02	4.385609999999999786e+02	4.362915059626344032e+02
1.140000000000000000e+02	2.361479999999999890e+01	4.383411199999999894e+02	4.381410000000000196e+02	4.352575027908979450e+02
1.160000000000000000e+02	2.647520000000000095e+01	4.379721999999999866e+02	4.377629999999999768e+02	4.367824988411609297e+02
1.160000000000000000e+02	2.648939999999999984e+01	4.379721999999999866e+02	4.377730000000000246e+02	4.367824988411609297e+02
1.180000000000000000e+02	2.936120000000000019e+01	4.376514000000000237e+02	4.374259999999999877e+02	4.379208797961952655e+02
1.200000000000000000e+02	3.224459999999999837e+01	4.373466399999999794e+02	4.371089999999999804e+02	4.380189382930067268e+02
9.400000000000000000e+01	7.512999999999999678e-01	4.475159999999999059e+02	4.475590000000000259e+02	4.256996450397562626e+02
9.600000000000000000e+01	3.751700000000000035e+00	4.388223199999999906e+02	4.469569999999999936e+02	4.185542460078323188e+02
9.800000000000000000e+01	6.561700000000000088e+00	4.431050000000000182e+02	4.462579999999999814e+02	4.327922539271697815e+02
1.000000000000000000e+02	9.406100000000000350e+00	4.457355600000000209e+02	4.456170000000000186e+02	4.347224739326905478e+02
1.020000000000000000e+02	1.227250000000000085e+01	4.451581199999999967e+02	4.450219999999999914e+02	4.346668541041611320e+02
1.040000000000000000e+02	1.513630000000000031e+01	4.446127599999999802e+02	4.444560000000000173e+02	4.383218900863500380e+02
1.060000000000000000e+02	1.302219999999999978e+01	4.440834399999999960e+02	4.405110000000000241e+02	4.346767622114693381e+02
1.080000000000000000e+02	2.093509999999999849e+01	4.436182800000000270e+02	4.434590000000000032e+02	4.386497079873993812e+02
1.100000000000000000e+02	2.337280000000000157e+01	4.431852000000000089e+02	4.426970000000000027e+02	4.396164463009490646e+02
1.120000000000000000e+02	2.683940000000000126e+01	4.428162800000000061e+02	4.426360000000000241e+02	4.381892451955208116e+02
1.140000000000000000e+02	2.982610000000000028e+01	4.424794400000000110e+02	4.422830000000000155e+02	4.407045819073770758e+02
1.160000000000000000e+02	3.263470000000000226e+01	4.421746800000000235e+02	4.418389999999999986e+02	4.402919475149332129e+02
9.200000000000000000e+01	4.412300000000000111e+00	4.524723599999999806e+02	4.526070000000000277e+02	4.254217922200824091e+02
9.400000000000000000e+01	7.285199999999999676e+00	4.198469999999999800e+02	4.518690000000000282e+02	4.350410006795100344e+02
9.600000000000000000e+01	1.025430000000000064e+01	4.513174799999999891e+02	4.512259999999999991e+02	4.342709886643292521e+02
9.800000000000000000e+01	1.323629999999999995e+01	4.186600399999999809e+02	4.506220000000000141e+02	4.359083999728885033e+02
1.000000000000000000e+02	1.621799999999999997e+01	4.501786399999999730e+02	4.500489999999999782e+02	4.395499359257528909e+02
1.000000000000000000e+02	1.621900000000000119e+01	4.501786399999999730e+02	4.500489999999999782e+02	4.395499359257528909e+02
1.020000000000000000e+02	1.922429999999999950e+01	4.496653600000000210e+02	4.495199999999999818e+02	4.396515278496658539e+02
1.040000000000000000e+02	2.226869999999999905e+01	4.491841600000000199e+02	4.490430000000000064e+02	4.405507986143957737e+02
1.060000000000000000e+02	2.635510000000000019e+01	4.487350400000000263e+02	4.492289999999999850e+02	4.414674259336053410e+02
1.060000000000000000e+02	2.846409999999999840e+01	4.483981999999999175e+02	4.504990000000000236e+02	4.462701574391922463e+02
1.100000000000000000e+02	3.150179999999999936e+01	4.480774000000000115e+02	4.478269999999999982e+02	4.445064954402556054e+02
1.120000000000000000e+02	3.476270000000000238e+01	4.477726400000000240e+02	4.475779999999999745e+02	4.447075676511668121e+02
9.400000000000000000e+01	1.281329999999999991e+01	4.553916399999999953e+02	4.552789999999999964e+02	4.340765434517254562e+02
9.600000000000000000e+01	1.588930000000000042e+01	4.547981599999999958e+02	4.546870000000000118e+02	4.392521940860706309e+02
9.600000000000000000e+01	1.898860000000000170e+01	4.221888400000000274e+02	4.565079999999999814e+02	4.415597702881177042e+02
1.000000000000000000e+02	2.213380000000000081e+01	4.537715999999999212e+02	4.536440000000000055e+02	4.404525587173199028e+02
1.020000000000000000e+02	2.532219999999999871e+01	4.212745600000000081e+02	4.532029999999999745e+02	4.441374779993045081e+02
1.040000000000000000e+02	2.854400000000000048e+01	4.529695999999999003e+02	4.528070000000000164e+02	4.466913686899947038e+02
1.060000000000000000e+02	3.180489999999999995e+01	4.526327600000000189e+02	4.524580000000000268e+02	4.466847098036340640e+02
1.080000000000000000e+02	3.503059999999999974e+01	4.202479999999999336e+02	4.521109999999999900e+02	4.519110815919754600e+02
9.800000000000000000e+01	2.496430000000000149e+01	4.576372400000000198e+02	4.575860000000000127e+02	4.402507388164737563e+02
1.000000000000000000e+02	2.828430000000000177e+01	4.572522799999999847e+02	4.571700000000000159e+02	4.459522443825318874e+02
1.000000000000000000e+02	2.829350000000000165e+01	4.572522799999999847e+02	4.571759999999999877e+02	4.459522443825318874e+02
1.040000000000000000e+02	3.500930000000000319e+01	4.565946400000000267e+02	4.564599999999999795e+02	4.486039014075208229e+02
