# Temperature (K)	Pressure (MPa)	Experimental(kg/m3)	NIST(kg/m3)	Model(kg/m3)
1.500000000000000000e+02	1.026000000000000023e+00	1.603999999999999915e+01	1.604870000000000019e+01	1.334888917105047490e+01
1.550000000000000000e+02	1.074400000000000022e+00	1.603999999999999915e+01	1.604289999999999949e+01	1.356629068143510608e+01
1.600000000000000000e+02	1.122200000000000086e+00	1.603999999999999915e+01	1.603819999999999979e+01	1.378141348586690995e+01
1.650000000000000000e+02	1.169599999999999973e+00	1.603999999999999915e+01	1.603509999999999991e+01	1.400227455745458727e+01
1.700000000000000000e+02	1.216499999999999915e+00	1.603999999999999915e+01	1.603020000000000067e+01	1.422400337922205082e+01
1.750000000000000000e+02	1.263200000000000101e+00	1.603999999999999915e+01	1.602730000000000032e+01	1.444423727576623939e+01
1.800000000000000000e+02	1.309600000000000097e+00	1.603999999999999915e+01	1.602420000000000044e+01	1.466222878447550571e+01
1.850000000000000000e+02	1.355900000000000105e+00	1.603999999999999915e+01	1.602309999999999945e+01	1.488198731680931175e+01
1.900000000000000000e+02	1.401999999999999913e+00	1.603999999999999915e+01	1.602220000000000155e+01	1.510061330156251458e+01
1.950000000000000000e+02	1.447899999999999965e+00	1.603999999999999915e+01	1.602100000000000080e+01	1.531777099456915181e+01
2.000000000000000000e+02	1.493700000000000028e+00	1.603999999999999915e+01	1.602070000000000149e+01	1.553419454170253999e+01
2.050000000000000000e+02	1.539400000000000102e+00	1.603999999999999915e+01	1.602090000000000103e+01	1.574988394296262229e+01
2.100000000000000000e+02	1.585099999999999953e+00	1.603999999999999915e+01	1.602250000000000085e+01	1.596557334422269925e+01
2.150000000000000000e+02	1.630600000000000049e+00	1.603999999999999915e+01	1.602309999999999945e+01	1.617979445373624259e+01
2.200000000000000000e+02	1.676099999999999923e+00	1.603999999999999915e+01	1.602469999999999928e+01	1.663648325788566495e+01
2.250000000000000000e+02	1.721500000000000030e+00	1.603999999999999915e+01	1.602619999999999933e+01	1.689094521039075758e+01
2.300000000000000000e+02	1.766799999999999926e+00	1.603999999999999915e+01	1.602749999999999986e+01	1.714456789598051145e+01
2.350000000000000000e+02	1.812000000000000055e+00	1.603999999999999915e+01	1.602860000000000085e+01	1.739735131465495499e+01
2.400000000000000000e+02	1.857199999999999962e+00	1.603999999999999915e+01	1.603020000000000067e+01	1.765013473332940563e+01
2.450000000000000000e+02	1.902300000000000102e+00	1.603999999999999915e+01	1.603150000000000119e+01	1.790207888508851397e+01
2.500000000000000000e+02	1.947400000000000020e+00	1.603999999999999915e+01	1.603320000000000078e+01	1.815402303684764362e+01
2.550000000000000000e+02	1.992399999999999949e+00	1.603999999999999915e+01	1.603450000000000131e+01	1.840512792169145939e+01
2.600000000000000000e+02	2.037300000000000111e+00	1.603999999999999915e+01	1.603539999999999921e+01	1.865539353961994351e+01
2.650000000000000000e+02	2.082199999999999829e+00	1.603999999999999915e+01	1.603659999999999997e+01	1.890565915754844539e+01
2.700000000000000000e+02	2.127099999999999991e+00	1.603999999999999915e+01	1.603819999999999979e+01	1.915592477547691175e+01
1.700000000000000000e+02	2.061599999999999877e+00	3.207999999999999829e+01	3.195260000000000034e+01	2.249109885857748381e+01
1.750000000000000000e+02	2.166300000000000114e+00	3.207999999999999829e+01	3.194760000000000133e+01	2.335076621938214103e+01
1.800000000000000000e+02	2.269699999999999829e+00	3.207999999999999829e+01	3.194729999999999848e+01	2.419923809119674729e+01
1.950000000000000000e+02	2.574500000000000011e+00	3.207999999999999829e+01	3.195789999999999864e+01	1.959240931606824532e+01
2.000000000000000000e+02	2.674799999999999844e+00	3.207999999999999829e+01	3.196409999999999840e+01	2.017483339100889239e+01
2.050000000000000000e+02	2.774599999999999955e+00	3.207999999999999829e+01	3.197100000000000009e+01	2.075194755311774486e+01
2.100000000000000000e+02	2.873899999999999899e+00	3.207999999999999829e+01	3.197769999999999868e+01	2.132375180239481338e+01
2.150000000000000000e+02	2.972900000000000098e+00	3.207999999999999829e+01	3.198610000000000042e+01	2.189237010397279093e+01
2.200000000000000000e+02	3.071499999999999897e+00	3.207999999999999829e+01	3.199409999999999954e+01	2.245674047528533634e+01
2.250000000000000000e+02	3.169799999999999951e+00	3.207999999999999829e+01	3.200249999999999773e+01	2.301792489889878013e+01
2.300000000000000000e+02	3.267700000000000049e+00	3.207999999999999829e+01	3.200959999999999894e+01	2.357512478357289964e+01
2.350000000000000000e+02	3.365400000000000169e+00	3.207999999999999829e+01	3.201740000000000208e+01	2.413025093801042686e+01
2.400000000000000000e+02	3.462899999999999867e+00	3.207999999999999829e+01	3.202570000000000050e+01	2.468323980497796910e+01
2.450000000000000000e+02	3.560099999999999820e+00	3.207999999999999829e+01	3.203289999999999793e+01	2.523302274074047347e+01
2.500000000000000000e+02	3.657000000000000028e+00	3.207999999999999829e+01	3.203920000000000101e+01	2.577959974529799680e+01
2.550000000000000000e+02	3.753699999999999815e+00	3.207999999999999829e+01	3.204520000000000124e+01	2.632921080091150046e+01
2.600000000000000000e+02	3.850200000000000067e+00	3.207999999999999829e+01	3.205089999999999861e+01	2.689232015608396154e+01
2.650000000000000000e+02	3.946499999999999897e+00	3.207999999999999829e+01	3.205630000000000024e+01	3.321787561199947447e+01
2.700000000000000000e+02	4.042600000000000193e+00	3.207999999999999829e+01	3.206110000000000326e+01	3.387767814780734454e+01
1.725269999999999868e+02	2.466000000000000192e+00	4.105117200000000111e+01	4.095879999999999654e+01	2.518504467843763450e+01
1.746910000000000025e+02	2.528300000000000214e+00	4.105117200000000111e+01	4.096659999999999968e+01	2.595838145618423809e+01
1.772030000000000030e+02	2.599400000000000155e+00	4.120034400000000119e+01	4.096410000000000196e+01	2.682784677839396181e+01
1.831759999999999877e+02	2.766599999999999948e+00	4.119071999999999889e+01	4.097879999999999967e+01	2.891405339245615025e+01
1.905320000000000107e+02	2.967600000000000016e+00	4.102550800000000208e+01	4.096990000000000265e+01	3.152847514214232305e+01
1.918489999999999895e+02	3.003800000000000026e+00	4.101107199999999864e+01	4.097979999999999734e+01	3.200632321119727663e+01
2.030840000000000032e+02	3.304800000000000182e+00	4.099022000000000077e+01	4.097299999999999898e+01	3.588981448973336796e+01
2.130409999999999968e+02	3.567200000000000149e+00	4.097097200000000328e+01	4.096309999999999718e+01	3.925161325071345431e+01
2.178640000000000043e+02	3.693099999999999827e+00	4.256534799999999308e+01	4.095729999999999649e+01	4.084860388327582115e+01
2.238309999999999889e+02	3.846099999999999852e+00	4.095011999999999119e+01	4.092499999999999716e+01	4.274603903015540141e+01
2.335459999999999923e+02	4.099000000000000199e+00	4.253487200000000001e+01	4.094729999999999848e+01	4.595827471833462852e+01
2.397969999999999970e+02	4.259000000000000341e+00	4.092124799999999851e+01	4.093930000000000291e+01	4.794339956422624027e+01
1.904290000000000020e+02	4.472000000000000419e+00	1.037306800000000067e+02	1.018050000000000068e+02	6.546199451871640917e+01
1.905320000000000107e+02	4.481399999999999828e+00	1.037563439999999986e+02	1.018569999999999993e+02	6.561838581405633875e+01
1.900519999999999925e+02	4.498899999999999899e+00	1.160157159999999976e+02	1.136479999999999961e+02	6.604813515213261610e+01
1.905320000000000107e+02	4.549299999999999677e+00	1.160461920000000049e+02	1.141440000000000055e+02	6.689991866903227447e+01
1.900320000000000107e+02	4.523600000000000065e+00	2.031963240000000042e+02	2.003029999999999973e+02	6.651904439447005757e+01
1.905320000000000107e+02	4.023900000000000254e+00	2.064043240000000026e+02	7.072990000000000066e+01	5.697113090862935536e+01
1.900320000000000107e+02	4.024000000000000021e+00	2.206221799999999860e+02	7.192310000000000514e+01	5.707626115328774574e+01
1.910320000000000107e+02	4.352299999999999613e+00	2.206125560000000121e+02	8.639770000000000039e+01	6.307548301612111175e+01
2.731499999999999773e+02	1.637599999999999945e+00	1.202999999999999936e+01	1.203190000000000026e+01	1.258541082292966351e+01
2.981419999999999959e+02	1.802000000000000046e+00	1.202999999999999936e+01	1.203250000000000064e+01	1.287682393399193437e+01
3.031429999999999723e+02	1.834699999999999998e+00	1.202999999999999936e+01	1.203170000000000073e+01	1.293333492150602737e+01
3.231399999999999864e+02	1.965600000000000014e+00	1.202999999999999936e+01	1.203059999999999974e+01	1.316063243500908264e+01
3.981429999999999723e+02	2.129199999999999982e+00	1.202999999999999936e+01	1.041799999999999926e+01	1.102030101871374157e+01
3.731499999999999773e+02	2.292499999999999982e+00	1.202999999999999936e+01	1.203069999999999951e+01	1.372482809235753720e+01
3.981600000000000250e+02	2.455700000000000216e+00	1.202999999999999936e+01	1.203120000000000012e+01	8.338393071263819678e+00
2.731499999999999773e+02	2.155800000000000161e+00	1.603999999999999915e+01	1.604250000000000043e+01	1.361552220637568489e+01
2.981419999999999959e+02	2.378600000000000048e+00	1.603999999999999915e+01	1.604240000000000066e+01	1.423567450940547019e+01
3.031429999999999723e+02	2.423200000000000021e+00	1.603999999999999915e+01	1.604319999999999879e+01	1.435994252179564512e+01
3.231399999999999864e+02	2.600600000000000023e+00	1.603999999999999915e+01	1.604189999999999827e+01	1.484719617200910058e+01
3.481429999999999723e+02	2.822099999999999831e+00	1.603999999999999915e+01	1.604179999999999851e+01	1.545324007217520013e+01
3.731499999999999773e+02	3.043099999999999916e+00	1.603999999999999915e+01	1.604149999999999920e+01	1.605387309964077147e+01
3.981600000000000250e+02	3.263700000000000045e+00	1.603999999999999915e+01	1.604110000000000014e+01	1.665019080689322095e+01
2.731499999999999773e+02	3.153900000000000148e+00	2.405999999999999872e+01	2.406180000000000163e+01	2.388260511985686563e+01
2.981419999999999959e+02	3.499299999999999855e+00	2.405999999999999872e+01	2.406200000000000117e+01	2.576389795509060221e+01
3.031429999999999723e+02	3.568499999999999783e+00	2.405999999999999872e+01	2.406419999999999959e+01	2.614121700412205129e+01
3.231399999999999864e+02	3.842699999999999783e+00	2.405999999999999872e+01	2.405969999999999942e+01	2.762421619689132868e+01
3.481429999999999723e+02	4.185200000000000031e+00	2.405999999999999872e+01	2.405999999999999872e+01	2.947494202525222207e+01
3.731499999999999773e+02	4.526699999999999946e+00	2.405999999999999872e+01	2.406019999999999825e+01	3.964584147192507402e+01
2.731499999999999773e+02	4.105299999999999727e+00	3.207999999999999829e+01	3.208330000000000126e+01	4.305152584741274779e+01
2.030840000000000032e+02	1.013000000000000012e-01	9.688160000000000105e-01	9.683640000000000025e-01	-3.182854653133826428e+00
2.232489999999999952e+02	1.013000000000000012e-01	8.805959999999998233e-01	8.795439999999999925e-01	-4.909017552762798609e+00
2.481750000000000114e+02	1.013000000000000012e-01	7.907719999999999194e-01	7.901730000000000143e-01	-7.042547111283804284e+00
2.731499999999999773e+02	1.013000000000000012e-01	7.169879999999998477e-01	7.172809999999999464e-01	-9.179372489255699819e+00
2.981419999999999959e+02	1.013000000000000012e-01	6.560359999999999525e-01	6.567370000000000152e-01	-1.128852877052652914e+01
3.231399999999999864e+02	1.013000000000000012e-01	6.063119999999999621e-01	6.056519999999999682e-01	-1.338844997601277775e+01
3.731499999999999773e+02	1.013000000000000012e-01	5.245079999999999742e-01	5.241639999999999633e-01	-1.754666905942329080e+01
4.231700000000000159e+02	1.013000000000000012e-01	4.619519999999999738e-01	4.620409999999999795e-01	-2.166948088003633188e+01
4.731929999999999836e+02	1.013000000000000012e-01	4.138319999999999776e-01	4.131050000000000000e-01	-2.578984874656200788e+01
2.030840000000000032e+02	2.026499999999999968e+00	2.216407200000000088e+01	2.220759999999999934e+01	2.185369311474493870e+01
2.232489999999999952e+02	2.026499999999999968e+00	1.938273600000000130e+01	1.937509999999999977e+01	2.008177104546738079e+01
2.981419999999999959e+02	2.026499999999999968e+00	1.360031599999999941e+01	1.358440000000000047e+01	1.848559619115764008e+01
2.030840000000000032e+02	3.039699999999999847e+00	3.641240400000000221e+01	3.661659999999999826e+01	3.730638493740210748e+01
2.232489999999999952e+02	3.039699999999999847e+00	3.078236400000000117e+01	3.083790000000000120e+01	3.148164561774180115e+01
2.481750000000000114e+02	3.039699999999999847e+00	2.629918400000000034e+01	2.629240000000000066e+01	2.879355903095116176e+01
2.731499999999999773e+02	3.039699999999999847e+00	2.313288800000000123e+01	2.312399999999999878e+01	2.667021254716255285e+01
3.231399999999999864e+02	3.039699999999999847e+00	1.885822800000000043e+01	1.885060000000000002e+01	2.555483018980075016e+01
3.731499999999999773e+02	3.039699999999999847e+00	1.604641599999999713e+01	1.602329999999999899e+01	2.465729764469096708e+01
4.231700000000000159e+02	3.039699999999999847e+00	1.400131599999999921e+01	1.398049999999999926e+01	2.375958562896630966e+01
2.731929999999999836e+02	3.039699999999999847e+00	1.243099999999999916e+01	2.311939999999999884e+01	2.666822139343279474e+01
2.030840000000000032e+02	4.052999999999999936e+00	5.471725200000000200e+01	5.522160000000000224e+01	8.634845749717857188e+01
2.232489999999999952e+02	4.052999999999999936e+00	4.382769600000000310e+01	4.397059999999999746e+01	5.769058548231412686e+01
2.481750000000000114e+02	4.052999999999999936e+00	3.644608800000000315e+01	3.646920000000000073e+01	4.844507070077880684e+01
2.731499999999999773e+02	4.052999999999999936e+00	3.165333599999999947e+01	3.163250000000000028e+01	3.981049971759502171e+01
2.981419999999999959e+02	4.052999999999999936e+00	2.813576400000000177e+01	2.813459999999999894e+01	2.778901387109492660e+01
3.231399999999999864e+02	4.052999999999999936e+00	2.542821199999999493e+01	2.543919999999999959e+01	3.008481505292597191e+01
1.760000000000000000e+02	2.796199999999999797e+00	4.804621600000000115e+01	4.800269999999999726e+01	1.645653137548977796e+01
1.800000000000000000e+02	2.933499999999999996e+00	4.801734400000000136e+01	4.797699999999999676e+01	1.683664746381504784e+01
1.840000000000000000e+02	3.068299999999999805e+00	4.798847200000000157e+01	4.795929999999999893e+01	1.721652956924731370e+01
1.880000000000000000e+02	3.200800000000000090e+00	4.796120400000000217e+01	4.793549999999999756e+01	1.759619641041799554e+01
1.920000000000000000e+02	3.331599999999999895e+00	4.793233200000000238e+01	4.791109999999999758e+01	1.797570414322143861e+01
1.960000000000000000e+02	3.460999999999999854e+00	4.790346000000000259e+01	4.788649999999999807e+01	1.835508084560477471e+01
2.000000000000000000e+02	3.588999999999999968e+00	4.787298400000000242e+01	4.785810000000000031e+01	1.873432651756803580e+01
2.040000000000000000e+02	3.715800000000000214e+00	4.784892399999999668e+01	4.782750000000000057e+01	1.911345987774264898e+01
2.080000000000000000e+02	3.841699999999999893e+00	4.782005199999999689e+01	4.779849999999999710e+01	1.949250900407578158e+01
2.120000000000000000e+02	3.966499999999999915e+00	4.779278399999999749e+01	4.776610000000000156e+01	1.987145517793597804e+01
2.160000000000000000e+02	4.090700000000000003e+00	4.776551599999999098e+01	4.773769999999999669e+01	2.025034519590185056e+01
2.200000000000000000e+02	4.214199999999999946e+00	4.773664399999999830e+01	4.771009999999999707e+01	8.906004073102675989e+01
2.250000000000000000e+02	4.367300000000000182e+00	4.770135599999998988e+01	4.767150000000000176e+01	9.532769140917744721e+01
2.303000000000000114e+02	4.519599999999999618e+00	4.766606799999998856e+01	4.751149999999999807e+01	1.008728988350391234e+02
1.840000000000000000e+02	3.515600000000000058e+00	6.381032799999999838e+01	6.318719999999999715e+01	8.834386569423379854e+01
1.880000000000000000e+02	3.709600000000000009e+00	6.376862400000000264e+01	6.331289999999999907e+01	1.012199475725136466e+02
1.920000000000000000e+02	3.898899999999999810e+00	6.372691999999999268e+01	6.336800000000000210e+01	1.135485922991794041e+02
1.960000000000000000e+02	4.089999999999999858e+00	6.368681999999999022e+01	6.354110000000000014e+01	1.254580980690209060e+02
2.000000000000000000e+02	4.275000000000000355e+00	6.365153200000000311e+01	6.357350000000000279e+01	1.349905404484468932e+02
2.040000000000000000e+02	4.455599999999999561e+00	6.360501599999999200e+01	6.353430000000000177e+01	1.435858625395175068e+02
1.920000000000000000e+02	4.277000000000000135e+00	7.902747599999997874e+01	7.842560000000000286e+01	1.448588331961751692e+02
1.960000000000000000e+02	4.522100000000000009e+00	7.897454399999999453e+01	7.848990000000000578e+01	1.580401138488419690e+02
1.920000000000000000e+02	4.537099999999999689e+00	9.540271199999997975e+01	9.493280000000000030e+01	1.638703527171034580e+02
2.250000000000000000e+02	9.966000000000000414e-01	9.484131200000000206e+01	8.947839999999999350e+00	8.514724588531525029e+00
