# Temperature (K)	Pressure (MPa)	Experimental(m/s)	NIST(m/s)	Model(m/s)
1.908499999999999943e+02	4.589999999999999858e+00	2.485999999999999943e+02	2.492189999999999941e+02	5.101472962675852614e+02
1.908499999999999943e+02	4.620000000000000107e+00	2.397899999999999920e+02	2.410289999999999964e+02	5.103173632353368703e+02
1.908499999999999943e+02	4.629999999999999893e+00	2.288700000000000045e+02	2.346479999999999961e+02	5.103740522245875582e+02
1.908499999999999943e+02	4.639999999999999680e+00	2.157700000000000102e+02	2.133870000000000005e+02	5.104307412138377913e+02
1.908499999999999943e+02	4.639999999999999680e+00	2.050600000000000023e+02	2.133870000000000005e+02	5.104307412138377913e+02
1.908499999999999943e+02	4.639999999999999680e+00	2.044399999999999977e+02	2.133870000000000005e+02	5.104307412138377913e+02
1.908499999999999943e+02	4.639999999999999680e+00	2.050900000000000034e+02	2.133870000000000005e+02	5.104307412138377913e+02
1.908499999999999943e+02	4.650000000000000355e+00	2.128799999999999955e+02	2.324900000000000091e+02	5.104874302030884792e+02
1.908499999999999943e+02	4.650000000000000355e+00	2.258700000000000045e+02	2.324900000000000091e+02	5.104874302030884792e+02
1.906299999999999955e+02	4.559999999999999609e+00	2.473499999999999943e+02	2.496289999999999907e+02	5.124360070977395480e+02
1.906299999999999955e+02	4.610000000000000320e+00	2.040900000000000034e+02	2.134199999999999875e+02	5.127194520439920780e+02
1.906299999999999955e+02	4.610000000000000320e+00	1.912599999999999909e+02	2.134199999999999875e+02	5.127194520439920780e+02
1.906299999999999955e+02	4.610000000000000320e+00	1.951599999999999966e+02	2.134199999999999875e+02	5.127194520439920780e+02
1.906299999999999955e+02	4.610000000000000320e+00	1.955399999999999920e+02	2.134199999999999875e+02	5.127194520439920780e+02
1.906299999999999955e+02	4.610000000000000320e+00	2.058700000000000045e+02	2.134199999999999875e+02	5.127194520439920780e+02
1.906299999999999955e+02	4.610000000000000320e+00	2.190500000000000114e+02	2.134199999999999875e+02	5.127194520439920780e+02
1.905600000000000023e+02	4.559999999999999609e+00	2.469300000000000068e+02	2.479869999999999948e+02	5.132183454879818783e+02
1.905600000000000023e+02	4.580000000000000071e+00	2.369600000000000080e+02	2.424559999999999889e+02	5.133317234664832540e+02
1.905000000000000000e+02	4.549999999999999822e+00	2.465699999999999932e+02	2.484960000000000093e+02	5.138322322617968894e+02
1.905000000000000000e+02	4.580000000000000071e+00	2.362899999999999920e+02	2.387239999999999895e+02	5.140022992295484983e+02
1.904300000000000068e+02	4.570000000000000284e+00	2.355200000000000102e+02	2.394970000000000141e+02	5.147279486305405953e+02
1.904300000000000068e+02	4.580000000000000071e+00	2.183000000000000114e+02	2.207160000000000082e+02	5.147846376197912832e+02
1.902500000000000000e+02	4.549999999999999822e+00	2.332299999999999898e+02	2.379230000000000018e+02	5.166262979412354071e+02
1.904300000000000068e+02	4.580000000000000071e+00	2.068300000000000125e+02	2.207160000000000082e+02	5.147846376197912832e+02
1.903700000000000045e+02	4.570000000000000284e+00	2.157700000000000102e+02	2.322050000000000125e+02	5.153985243936058396e+02
1.903499999999999943e+02	4.570000000000000284e+00	2.155900000000000034e+02	2.328830000000000098e+02	5.156220496479609210e+02
1.902500000000000000e+02	4.559999999999999609e+00	2.208300000000000125e+02	2.478549999999999898e+02	5.166829869304856402e+02
1.895000000000000000e+02	4.450000000000000178e+00	2.392899999999999920e+02	2.755649999999999977e+02	5.244416050870445360e+02
1.894000000000000057e+02	4.440000000000000391e+00	2.391100000000000136e+02	2.824959999999999809e+02	5.255025423695692552e+02
1.881500000000000057e+02	4.269999999999999574e+00	2.482299999999999898e+02	3.222629999999999768e+02	5.384989048455654483e+02
1.859000000000000057e+02	3.970000000000000195e+00	2.560000000000000000e+02	2.565160000000000196e+02	5.617799961072701080e+02
1.815500000000000114e+02	3.450000000000000178e+00	2.647400000000000091e+02	2.642629999999999768e+02	6.071265859262359754e+02
1.813000000000000114e+02	3.430000000000000160e+00	2.647799999999999727e+02	4.733910000000000196e+02	6.097881471878336015e+02
1.782500000000000000e+02	3.100000000000000089e+00	2.690199999999999818e+02	5.276849999999999454e+02	6.418679604363605904e+02
1.780500000000000114e+02	3.080000000000000071e+00	2.691299999999999955e+02	5.311530000000000200e+02	6.439757410435786369e+02
1.685500000000000114e+02	2.209999999999999964e+00	2.783199999999999932e+02	6.786000000000000227e+02	7.459753950758520205e+02
1.631500000000000057e+02	1.800000000000000044e+00	2.818899999999999864e+02	2.815210000000000150e+02	8.047997713217789624e+02
1.626500000000000057e+02	1.729999999999999982e+00	2.838100000000000023e+02	2.834010000000000105e+02	8.099850087513311792e+02
1.614499999999999886e+02	1.689999999999999947e+00	2.827699999999999818e+02	7.764539999999999509e+02	8.231694344013747013e+02
1.531500000000000057e+02	1.199999999999999956e+00	2.857900000000000205e+02	8.825000000000000000e+02	8.951983880864852381e+02
1.506500000000000057e+02	1.070000000000000062e+00	2.862599999999999909e+02	2.859110000000000014e+02	9.254447130234752876e+02
1.481500000000000057e+02	9.599999999999999645e-01	2.865699999999999932e+02	9.431219999999999573e+02	9.563035723250479805e+02
1.904300000000000068e+02	4.580000000000000071e+00	2.090600000000000023e+02	2.207160000000000082e+02	4.489398353776214208e+02
1.904300000000000068e+02	4.580000000000000071e+00	2.177299999999999898e+02	2.207160000000000082e+02	4.489398353776214208e+02
1.902500000000000000e+02	4.559999999999999609e+00	2.244499999999999886e+02	2.478549999999999898e+02	4.510878653026325082e+02
1.902500000000000000e+02	4.559999999999999609e+00	2.271299999999999955e+02	2.478549999999999898e+02	4.510878653026325082e+02
1.881500000000000057e+02	4.269999999999999574e+00	3.141200000000000045e+02	3.222629999999999768e+02	4.757577233886518115e+02
1.881500000000000057e+02	4.269999999999999574e+00	3.141800000000000068e+02	3.222629999999999768e+02	4.757577233886518115e+02
1.859099999999999966e+02	3.979999999999999982e+00	3.742400000000000091e+02	3.790960000000000036e+02	5.020306202294655122e+02
1.781500000000000057e+02	3.089999999999999858e+00	5.283700000000000045e+02	5.294220000000000255e+02	5.943284934373727992e+02
1.707500000000000000e+02	2.390000000000000124e+00	6.464700000000000273e+02	2.761299999999999955e+02	6.821925880532780866e+02
1.631500000000000057e+02	1.800000000000000044e+00	7.541000000000000227e+02	2.815210000000000150e+02	7.735973453115282155e+02
1.531500000000000057e+02	1.199999999999999956e+00	8.827799999999999727e+02	8.825000000000000000e+02	8.951983880864852381e+02
1.250900000000000034e+02	2.700000000000000178e-01	1.200309999999999945e+03	2.808220000000000027e+02	1.238637883798598068e+03
1.500000000000000000e+02	4.000000000000000000e+00	9.807000000000000455e+02	9.806230000000000473e+02	9.517880881506293917e+02
1.500000000000000000e+02	3.810000000000000053e+00	9.772000000000000455e+02	9.770900000000000318e+02	9.505963592185178186e+02
1.500000000000000000e+02	3.620000000000000107e+00	9.735000000000000000e+02	9.735209999999999582e+02	9.494046302864062454e+02
1.500000000000000000e+02	3.419999999999999929e+00	9.700000000000000000e+02	9.697240000000000464e+02	9.481501787789204627e+02
1.500000000000000000e+02	3.220000000000000195e+00	9.657000000000000455e+02	9.658840000000000146e+02	9.468957272714346800e+02
1.500000000000000000e+02	3.020000000000000018e+00	9.622999999999999545e+02	9.620000000000000000e+02	9.456412757639486699e+02
1.500000000000000000e+02	2.830000000000000071e+00	9.581000000000000227e+02	9.582680000000000291e+02	9.444495468318370968e+02
1.500000000000000000e+02	2.629999999999999893e+00	9.545000000000000000e+02	9.542939999999999827e+02	9.431965510178818022e+02
1.500000000000000000e+02	2.439999999999999947e+00	9.505000000000000000e+02	9.504740000000000464e+02	9.420700012856266312e+02
1.500000000000000000e+02	2.240000000000000213e+00	9.462999999999999545e+02	9.464039999999999964e+02	9.408004865579744092e+02
1.500000000000000000e+02	2.040000000000000036e+00	9.421000000000000227e+02	9.422839999999999918e+02	9.395309718303221871e+02
1.500000000000000000e+02	1.850000000000000089e+00	9.382999999999999545e+02	9.383200000000000500e+02	9.383249328390525079e+02
1.500000000000000000e+02	1.659999999999999920e+00	9.342000000000000455e+02	9.343070000000000164e+02	9.371188938477828287e+02
1.550000000000000000e+02	4.000000000000000000e+00	9.225000000000000000e+02	9.222400000000000091e+02	8.887088732909599003e+02
1.550000000000000000e+02	3.810000000000000053e+00	9.182999999999999545e+02	9.182140000000000555e+02	8.875528252388226065e+02
1.550000000000000000e+02	3.609999999999999876e+00	9.143999999999999773e+02	9.139220000000000255e+02	8.863359325523624648e+02
1.550000000000000000e+02	3.419999999999999929e+00	9.098999999999999773e+02	9.097910000000000537e+02	8.851798845002251710e+02
1.550000000000000000e+02	3.220000000000000195e+00	9.057999999999999545e+02	9.053840000000000146e+02	8.839629918137648019e+02
1.550000000000000000e+02	3.020000000000000018e+00	9.012999999999999545e+02	9.009139999999999873e+02	8.827460991273044328e+02
1.550000000000000000e+02	2.830000000000000071e+00	8.967999999999999545e+02	8.966090000000000373e+02	8.815900510751671391e+02
1.550000000000000000e+02	2.629999999999999893e+00	8.922000000000000455e+02	8.920109999999999673e+02	8.803731583887069974e+02
1.550000000000000000e+02	2.439999999999999947e+00	8.877000000000000455e+02	8.875789999999999509e+02	8.792171103365697036e+02
1.550000000000000000e+02	2.240000000000000213e+00	8.830000000000000000e+02	8.828429999999999609e+02	8.780517527551039620e+02
1.550000000000000000e+02	2.049999999999999822e+00	8.782999999999999545e+02	8.782749999999999773e+02	8.770207037616708021e+02
1.600000000000000000e+02	4.000000000000000000e+00	8.612000000000000455e+02	8.609080000000000155e+02	8.131717010477582335e+02
1.600000000000000000e+02	3.979999999999999982e+00	8.611000000000000227e+02	8.604210000000000491e+02	8.130566154389382518e+02
1.600000000000000000e+02	3.810000000000000053e+00	8.565000000000000000e+02	8.562450000000000045e+02	8.120783877639673847e+02
1.600000000000000000e+02	3.790000000000000036e+00	8.563999999999999773e+02	8.557500000000000000e+02	8.119633021551474030e+02
1.600000000000000000e+02	3.620000000000000107e+00	8.522000000000000455e+02	8.515090000000000146e+02	8.109850744801765359e+02
1.600000000000000000e+02	3.609999999999999876e+00	8.518999999999999773e+02	8.512580000000000382e+02	8.109275316757666587e+02
1.600000000000000000e+02	3.589999999999999858e+00	8.512999999999999545e+02	8.507540000000000191e+02	8.108124460669464497e+02
1.600000000000000000e+02	3.419999999999999929e+00	8.472999999999999545e+02	8.464410000000000309e+02	8.098342183919758099e+02
1.600000000000000000e+02	3.229999999999999982e+00	8.422999999999999545e+02	8.415449999999999591e+02	8.087409051081849611e+02
1.600000000000000000e+02	3.029999999999999805e+00	8.370000000000000000e+02	8.363010000000000446e+02	8.076247815631663798e+02
1.600000000000000000e+02	2.830000000000000071e+00	8.312999999999999545e+02	8.309610000000000127e+02	8.065114755634135690e+02
1.600000000000000000e+02	2.609999999999999876e+00	8.253999999999999773e+02	8.249690000000000509e+02	8.052868389636851134e+02
1.600000000000000000e+02	2.430000000000000160e+00	8.203999999999999773e+02	8.199710000000000036e+02	8.042848635639079475e+02
1.600000000000000000e+02	2.240000000000000213e+00	8.147999999999999545e+02	8.145960000000000036e+02	8.032272228641427319e+02
1.600000000000000000e+02	2.040000000000000036e+00	8.090000000000000000e+02	8.088239999999999554e+02	8.019822049970482567e+02
1.600000000000000000e+02	1.850000000000000089e+00	8.033999999999999773e+02	8.032250000000000227e+02	8.007999980995991791e+02
1.600000000000000000e+02	1.739999999999999991e+00	7.997999999999999545e+02	7.999299999999999500e+02	8.001670272510887116e+02
1.600000000000000000e+02	1.659999999999999920e+00	7.972999999999999545e+02	7.975080000000000382e+02	7.997066848158083303e+02
1.500000000000000000e+02	1.459999999999999964e+00	9.300000000000000000e+02	9.300270000000000437e+02	9.253603650412410389e+02
1.500000000000000000e+02	1.260000000000000009e+00	9.257999999999999545e+02	9.256889999999999645e+02	9.241167824869251035e+02
1.500000000000000000e+02	1.070000000000000062e+00	9.215000000000000000e+02	9.215119999999999436e+02	9.229353790603252037e+02
1.550000000000000000e+02	1.850000000000000089e+00	8.733999999999999773e+02	8.733890000000000100e+02	8.639758480496755055e+02
1.550000000000000000e+02	1.659999999999999920e+00	8.685000000000000000e+02	8.686730000000000018e+02	8.627552253187132010e+02
1.550000000000000000e+02	1.459999999999999964e+00	8.637000000000000455e+02	8.636250000000000000e+02	8.615032744693685345e+02
1.550000000000000000e+02	1.260000000000000009e+00	8.585000000000000000e+02	2.864470000000000027e+02	8.603078094357924783e+02
1.630000000000000000e+02	4.000000000000000000e+00	8.232999999999999545e+02	8.223269999999999982e+02	7.762944226844042532e+02
1.630000000000000000e+02	3.810000000000000053e+00	8.180000000000000000e+02	8.171810000000000400e+02	7.751402057975537900e+02
1.630000000000000000e+02	3.609999999999999876e+00	8.127000000000000455e+02	8.116630000000000109e+02	7.739252406535008504e+02
1.630000000000000000e+02	3.419999999999999929e+00	8.072999999999999545e+02	8.063189999999999600e+02	7.727710237666503872e+02
1.630000000000000000e+02	3.220000000000000195e+00	8.015000000000000000e+02	8.005819999999999936e+02	7.715560586225972202e+02
1.630000000000000000e+02	3.020000000000000018e+00	7.955000000000000000e+02	7.947229999999999563e+02	7.703410934785440531e+02
1.630000000000000000e+02	2.830000000000000071e+00	7.896000000000000227e+02	7.890389999999999873e+02	7.691868765916935899e+02
1.630000000000000000e+02	7.629999999999999893e+00	7.837000000000000455e+02	9.069560000000000173e+02	7.976529187612186433e+02
1.630000000000000000e+02	2.439999999999999947e+00	7.772999999999999545e+02	7.769829999999999472e+02	7.668176945607901871e+02
1.630000000000000000e+02	7.240000000000000213e+00	7.712000000000000455e+02	8.988590000000000373e+02	7.954005754218146649e+02
1.630000000000000000e+02	2.049999999999999822e+00	7.647000000000000455e+02	7.643479999999999563e+02	7.644485125298865569e+02
1.630000000000000000e+02	1.850000000000000089e+00	7.578999999999999773e+02	7.576200000000000045e+02	7.632335473858333899e+02
1.630000000000000000e+02	1.790000000000000036e+00	7.557000000000000455e+02	2.815849999999999795e+02	7.628690578426176216e+02
1.670000000000000000e+02	4.000000000000000000e+00	7.695000000000000000e+02	7.682229999999999563e+02	7.254215235036822378e+02
1.670000000000000000e+02	3.799999999999999822e+00	7.631000000000000227e+02	7.619379999999999882e+02	7.254508204617122828e+02
1.670000000000000000e+02	3.620000000000000107e+00	7.572000000000000455e+02	7.561509999999999536e+02	7.243514448676464781e+02
1.670000000000000000e+02	3.490000000000000213e+00	7.528999999999999773e+02	7.518920000000000528e+02	7.235574513830438264e+02
1.670000000000000000e+02	3.419999999999999929e+00	7.506000000000000227e+02	7.495689999999999600e+02	7.231299164297961397e+02
1.670000000000000000e+02	3.220000000000000195e+00	7.437999999999999545e+02	7.428139999999999645e+02	7.219083879919453466e+02
1.670000000000000000e+02	3.040000000000000036e+00	7.371000000000000227e+02	7.365779999999999745e+02	7.208090123978795418e+02
1.670000000000000000e+02	2.819999999999999840e+00	7.297000000000000455e+02	7.287400000000000091e+02	7.194653311162437603e+02
1.670000000000000000e+02	2.629999999999999893e+00	7.222000000000000455e+02	7.217630000000000337e+02	7.183048791002856888e+02
1.670000000000000000e+02	7.459999999999999964e+00	7.157999999999999545e+02	8.595280000000000200e+02	7.478047908743801599e+02
1.670000000000000000e+02	7.330000000000000071e+00	7.102999999999999545e+02	8.565489999999999782e+02	7.470107973897770535e+02
1.670000000000000000e+02	7.269999999999999574e+00	7.082000000000000455e+02	8.551639999999999873e+02	7.466443388584216336e+02
1.670000000000000000e+02	2.240000000000000213e+00	7.071000000000000227e+02	7.067780000000000200e+02	7.159228986464768241e+02
1.670000000000000000e+02	2.120000000000000107e+00	7.022000000000000455e+02	7.019679999999999609e+02	7.151899815837664391e+02
1.670000000000000000e+02	2.100000000000000089e+00	7.015000000000000000e+02	7.011570000000000391e+02	7.150678287399814508e+02
1.670000000000000000e+02	2.069999999999999840e+00	7.002000000000000455e+02	2.797200000000000273e+02	7.148845994743037409e+02
1.700000000000000000e+02	4.000000000000000000e+00	7.263999999999999773e+02	7.250960000000000036e+02	6.880445629839796311e+02
1.700000000000000000e+02	3.810000000000000053e+00	7.192999999999999545e+02	7.183139999999999645e+02	6.868841109680211048e+02
1.700000000000000000e+02	3.609999999999999876e+00	7.115000000000000000e+02	7.109690000000000509e+02	6.856625825301707664e+02
1.700000000000000000e+02	3.410000000000000142e+00	7.042000000000000455e+02	7.033959999999999582e+02	6.844410540923199733e+02
1.700000000000000000e+02	3.220000000000000195e+00	6.967000000000000455e+02	6.959740000000000464e+02	6.832806020763619017e+02
1.700000000000000000e+02	3.029999999999999805e+00	6.887999999999999545e+02	6.883089999999999691e+02	6.821201500604038301e+02
1.700000000000000000e+02	2.830000000000000071e+00	6.803999999999999773e+02	6.799569999999999936e+02	6.808986216225530370e+02
1.700000000000000000e+02	2.629999999999999893e+00	6.713999999999999773e+02	6.712830000000000155e+02	6.796770931847022439e+02
1.700000000000000000e+02	2.430000000000000160e+00	6.623999999999999773e+02	6.622549999999999955e+02	6.784555647468514508e+02
1.730000000000000000e+02	4.000000000000000000e+00	6.802000000000000455e+02	6.790639999999999645e+02	6.499514621178545895e+02
1.730000000000000000e+02	3.810000000000000053e+00	6.718999999999999773e+02	6.711929999999999836e+02	6.487566006397478304e+02
1.730000000000000000e+02	3.609999999999999876e+00	6.632000000000000455e+02	6.626040000000000418e+02	6.474988517154251895e+02
1.730000000000000000e+02	3.419999999999999929e+00	5.547000000000000455e+02	6.541280000000000427e+02	6.463039902373179757e+02
1.730000000000000000e+02	3.220000000000000195e+00	6.452000000000000455e+02	6.448350000000000364e+02	6.450462413129953347e+02
1.730000000000000000e+02	3.020000000000000018e+00	6.353999999999999773e+02	6.351190000000000282e+02	6.437884923886722390e+02
1.730000000000000000e+02	2.819999999999999840e+00	6.248999999999999773e+02	6.249249999999999545e+02	6.425307434643491433e+02
1.730000000000000000e+02	2.629999999999999893e+00	6.140000000000000000e+02	6.147380000000000564e+02	6.413358819862423843e+02
1.770000000000000000e+02	4.000000000000000000e+00	6.122000000000000455e+02	6.112269999999999754e+02	6.009308352159018796e+02
1.770000000000000000e+02	3.810000000000000053e+00	6.013999999999999773e+02	6.011219999999999573e+02	5.997359737377951205e+02
1.770000000000000000e+02	3.620000000000000107e+00	5.903999999999999773e+02	5.904729999999999563e+02	5.985411122596883615e+02
1.770000000000000000e+02	3.609999999999999876e+00	5.900000000000000000e+02	5.898959999999999582e+02	5.984782248134724796e+02
1.770000000000000000e+02	3.410000000000000142e+00	5.780000000000000000e+02	5.779700000000000273e+02	5.972204758891493839e+02
1.770000000000000000e+02	3.220000000000000195e+00	5.650000000000000000e+02	5.658759999999999764e+02	5.960256144110426249e+02
1.770000000000000000e+02	3.020000000000000018e+00	5.510000000000000000e+02	5.521810000000000400e+02	5.947678654867195291e+02
1.770000000000000000e+02	2.979999999999999982e+00	5.478999999999999773e+02	5.493049999999999500e+02	5.454480411686395200e+02
1.800000000000000000e+02	4.000000000000000000e+00	5.532999999999999545e+02	5.527440000000000282e+02	5.263348815786689556e+02
1.800000000000000000e+02	3.910000000000000142e+00	5.470000000000000000e+02	5.466810000000000400e+02	5.245445817978352352e+02
1.800000000000000000e+02	3.810000000000000053e+00	5.400000000000000000e+02	5.396860000000000355e+02	5.225323408599824688e+02
1.800000000000000000e+02	3.720000000000000195e+00	5.328999999999999773e+02	5.331330000000000382e+02	5.207213240159148882e+02
1.800000000000000000e+02	3.609999999999999876e+00	5.242999999999999545e+02	5.247549999999999955e+02	5.185078589842769361e+02
1.800000000000000000e+02	3.520000000000000018e+00	5.167999999999999545e+02	5.175579999999999927e+02	5.166968421402093554e+02
1.800000000000000000e+02	3.419999999999999929e+00	5.073999999999999773e+02	5.091510000000000105e+02	5.146846012023565891e+02
1.800000000000000000e+02	3.350000000000000089e+00	5.008999999999999773e+02	5.029739999999999895e+02	5.132760325458598345e+02
1.800000000000000000e+02	3.339999999999999858e+00	5.000000000000000000e+02	5.020699999999999932e+02	5.130748084520741941e+02
1.800000000000000000e+02	3.279999999999999805e+00	4.946999999999999886e+02	2.663620000000000232e+02	5.118931815635341991e+02
1.800000000000000000e+02	3.259999999999999787e+00	4.921000000000000227e+02	2.675710000000000264e+02	5.115222111360717463e+02
1.830000000000000000e+02	4.000000000000000000e+00	4.823999999999999773e+02	4.821480000000000246e+02	4.875842002510480597e+02
1.830000000000000000e+02	3.979999999999999982e+00	4.811999999999999886e+02	4.802350000000000136e+02	4.872269537064285032e+02
1.830000000000000000e+02	3.910000000000000142e+00	4.743999999999999773e+02	4.733260000000000218e+02	4.859295846042696212e+02
1.830000000000000000e+02	3.810000000000000053e+00	4.621000000000000227e+02	4.628090000000000259e+02	4.839173436664168548e+02
1.830000000000000000e+02	3.729999999999999982e+00	4.528000000000000114e+02	4.537409999999999854e+02	4.823075509161344598e+02
1.830000000000000000e+02	3.689999999999999947e+00	4.471000000000000227e+02	4.489510000000000218e+02	4.815026545409937171e+02
1.830000000000000000e+02	3.649999999999999911e+00	4.416999999999999886e+02	4.439639999999999986e+02	4.806977581658525196e+02
1.731500000000000057e+02	1.000000000000000000e+02	1.639660000000000082e+03	1.639890000000000100e+03	2.426091393667885768e+03
1.731500000000000057e+02	1.500000000000000000e+02	1.858039999999999964e+03	1.858190000000000055e+03	3.371019694106898442e+03
1.731500000000000057e+02	2.000000000000000000e+02	2.032480000000000018e+03	2.032380000000000109e+03	4.314571265040192884e+03
1.731500000000000057e+02	2.500000000000000000e+02	2.180369999999999891e+03	2.179599999999999909e+03	5.262469015865081019e+03
1.731500000000000057e+02	3.000000000000000000e+02	2.309960000000000036e+03	2.308320000000000164e+03	6.208313105605164310e+03
1.731500000000000057e+02	3.500000000000000000e+02	2.425960000000000036e+03	2.423440000000000055e+03	7.154157195345247601e+03
1.731500000000000057e+02	4.000000000000000000e+02	2.531369999999999891e+03	2.528050000000000182e+03	8.100001285085330892e+03
1.481500000000000057e+02	1.000000000000000000e+02	1.739990000000000009e+03	1.742660000000000082e+03	2.753106649337044473e+03
1.481500000000000057e+02	1.500000000000000000e+02	1.941039999999999964e+03	1.944980000000000018e+03	3.701903537017462440e+03
1.481500000000000057e+02	2.000000000000000000e+02	2.105030000000000200e+03	2.108989999999999782e+03	4.644757404899663015e+03
1.481500000000000057e+02	2.500000000000000000e+02	2.245539999999999964e+03	2.248900000000000091e+03	5.587117973835562225e+03
1.113299999999999983e+02	1.100000000000000006e-01	1.340900000000000091e+03	1.341579999999999927e+03	1.333342719630231841e+03
1.113299999999999983e+02	5.000000000000000000e-01	1.345000000000000000e+03	1.345299999999999955e+03	1.340278177116874986e+03
1.113299999999999983e+02	9.799999999999999822e-01	1.349599999999999909e+03	1.349829999999999927e+03	1.349483208079461065e+03
1.113299999999999983e+02	1.969999999999999973e+00	1.358700000000000045e+03	1.359059999999999945e+03	1.368114871550841372e+03
1.113299999999999983e+02	2.939999999999999947e+00	1.367000000000000000e+03	1.367930000000000064e+03	1.387442329913202229e+03
1.113299999999999983e+02	3.930000000000000160e+00	1.376599999999999909e+03	1.376819999999999936e+03	1.405658220356996935e+03
1.113299999999999983e+02	4.910000000000000142e+00	1.384799999999999955e+03	1.385470000000000027e+03	1.423526716772455529e+03
1.113299999999999983e+02	5.879999999999999893e+00	1.393099999999999909e+03	1.393890000000000100e+03	1.442079123347578616e+03
1.113299999999999983e+02	6.820000000000000284e+00	1.402099999999999909e+03	1.401920000000000073e+03	1.459299109925985476e+03
1.113299999999999983e+02	7.570000000000000284e+00	1.408500000000000000e+03	1.408240000000000009e+03	1.445474250126710558e+03
1.250999999999999943e+02	2.800000000000000266e-01	1.200599999999999909e+03	1.200400000000000091e+03	1.227201215132693733e+03
1.250999999999999943e+02	5.300000000000000266e-01	1.202900000000000091e+03	1.203470000000000027e+03	1.228650197009539170e+03
1.250999999999999943e+02	1.010000000000000009e+00	1.209000000000000000e+03	1.209309999999999945e+03	1.231651308907180919e+03
1.250999999999999943e+02	1.989999999999999991e+00	1.220799999999999955e+03	1.220970000000000027e+03	1.237950830034059436e+03
1.250999999999999943e+02	2.959999999999999964e+00	1.232099999999999909e+03	1.232220000000000027e+03	1.243835329696887811e+03
1.250999999999999943e+02	3.919999999999999929e+00	1.242700000000000045e+03	1.243069999999999936e+03	1.249163432538639881e+03
1.250999999999999943e+02	4.860000000000000320e+00	1.253799999999999955e+03	1.253450000000000045e+03	1.254409926430548012e+03
1.250999999999999943e+02	5.919999999999999929e+00	1.265099999999999909e+03	1.264880000000000109e+03	1.260364564420842044e+03
1.250999999999999943e+02	6.849999999999999645e+00	1.275000000000000000e+03	1.274670000000000073e+03	1.266397073931938621e+03
1.250999999999999943e+02	7.799999999999999822e+00	1.285000000000000000e+03	1.284470000000000027e+03	1.272376273448064921e+03
1.250999999999999943e+02	8.769999999999999574e+00	1.295000000000000000e+03	1.294279999999999973e+03	1.278202838866694037e+03
1.250999999999999943e+02	9.789999999999999147e+00	1.305200000000000045e+03	1.304369999999999891e+03	1.284742768447262961e+03
1.400300000000000011e+02	1.110000000000000098e+00	1.045000000000000000e+03	1.045220000000000027e+03	1.044372788374641914e+03
1.400300000000000011e+02	1.989999999999999991e+00	1.059500000000000000e+03	1.059609999999999900e+03	1.049693653055804589e+03
1.400300000000000011e+02	2.979999999999999982e+00	1.075000000000000000e+03	1.075150000000000091e+03	1.056467013943597976e+03
1.400300000000000011e+02	3.930000000000000160e+00	1.089099999999999909e+03	1.089490000000000009e+03	1.061980331323882183e+03
1.400300000000000011e+02	4.929999999999999716e+00	1.104000000000000000e+03	1.104039999999999964e+03	1.067530438450707152e+03
1.400300000000000011e+02	5.900000000000000355e+00	1.117900000000000091e+03	1.117650000000000091e+03	1.073075071712367844e+03
1.400300000000000011e+02	6.839999999999999858e+00	1.130599999999999909e+03	1.130430000000000064e+03	1.079150514854311041e+03
1.400300000000000011e+02	7.889999999999999680e+00	1.145299999999999955e+03	1.144240000000000009e+03	1.085642709164054168e+03
1.400300000000000011e+02	8.839999999999999858e+00	1.157000000000000000e+03	1.156369999999999891e+03	1.091942438206006727e+03
1.400300000000000011e+02	9.789999999999999147e+00	1.169500000000000000e+03	1.168170000000000073e+03	1.097463411183851576e+03
1.400300000000000011e+02	1.060999999999999943e+01	1.178700000000000045e+03	1.178099999999999909e+03	1.102540808140877516e+03
1.400300000000000011e+02	1.102999999999999936e+01	1.183900000000000091e+03	1.183099999999999909e+03	1.105211236526855828e+03
1.554300000000000068e+02	1.370000000000000107e+00	8.540000000000000000e+02	8.553350000000000364e+02	8.509626918480189488e+02
1.554300000000000068e+02	2.149999999999999911e+00	8.728999999999999773e+02	8.749940000000000282e+02	8.556367502129796776e+02
1.554300000000000068e+02	2.919999999999999929e+00	8.912999999999999545e+02	8.932110000000000127e+02	8.605325355872730597e+02
1.554300000000000068e+02	3.979999999999999982e+00	9.151000000000000227e+02	9.166649999999999636e+02	8.671270043784588779e+02
1.554300000000000068e+02	4.950000000000000178e+00	9.355000000000000000e+02	9.367350000000000136e+02	8.741304091590934604e+02
1.554300000000000068e+02	5.929999999999999716e+00	9.545000000000000000e+02	9.558650000000000091e+02	8.799560094650137216e+02
1.554300000000000068e+02	6.740000000000000213e+00	9.705000000000000000e+02	9.709189999999999827e+02	8.852683759509197898e+02
1.554300000000000068e+02	7.839999999999999858e+00	9.905000000000000000e+02	9.904030000000000200e+02	8.927595585106960243e+02
1.554300000000000068e+02	8.880000000000000782e+00	1.007700000000000045e+03	1.007919999999999959e+03	8.988549167858645887e+02
1.554300000000000068e+02	9.779999999999999361e+00	1.022500000000000000e+03	1.022460000000000036e+03	9.048737405262761513e+02
1.554300000000000068e+02	1.083999999999999986e+01	1.038599999999999909e+03	1.038920000000000073e+03	9.109214440058071887e+02
1.554300000000000068e+02	1.181000000000000050e+01	1.053599999999999909e+03	1.053410000000000082e+03	9.168669217139829470e+02
1.554300000000000068e+02	1.277999999999999936e+01	1.068599999999999909e+03	1.067400000000000091e+03	9.224910646650964736e+02
1.554300000000000068e+02	1.376999999999999957e+01	1.080900000000000091e+03	1.081220000000000027e+03	9.194729128081980889e+02
1.554300000000000068e+02	1.476999999999999957e+01	1.094900000000000091e+03	1.094740000000000009e+03	9.254318693792854447e+02
1.554300000000000068e+02	1.558999999999999986e+01	1.105500000000000000e+03	1.105519999999999982e+03	9.303478168170047411e+02
1.707299999999999898e+02	2.399999999999999911e+00	6.467999999999999545e+02	6.472419999999999618e+02	6.538908953844211283e+02
1.707299999999999898e+02	3.000000000000000000e+00	6.722000000000000455e+02	6.747119999999999891e+02	6.573086436169219269e+02
1.707299999999999898e+02	3.959999999999999964e+00	7.102000000000000455e+02	7.127340000000000373e+02	6.627770407889229318e+02
1.707299999999999898e+02	4.919999999999999929e+00	7.437000000000000455e+02	7.456620000000000346e+02	6.682454379609234820e+02
1.707299999999999898e+02	6.200000000000000178e+00	7.827000000000000455e+02	7.840819999999999936e+02	6.758903301002555963e+02
1.707299999999999898e+02	7.839999999999999858e+00	8.260000000000000000e+02	8.268790000000000191e+02	6.854233141064487427e+02
1.707299999999999898e+02	8.880000000000000782e+00	8.498999999999999773e+02	8.512580000000000382e+02	6.915334270799235128e+02
1.707299999999999898e+02	9.830000000000000071e+00	8.711000000000000227e+02	8.720520000000000209e+02	6.971275574369833521e+02
1.707299999999999898e+02	1.068999999999999950e+01	8.902999999999999545e+02	8.898440000000000509e+02	7.024004117988442886e+02
1.707299999999999898e+02	1.166999999999999993e+01	9.090000000000000000e+02	9.090829999999999700e+02	7.083843856753082946e+02
1.707299999999999898e+02	1.269999999999999929e+01	9.270000000000000000e+02	9.282670000000000528e+02	7.145592952617121227e+02
1.707299999999999898e+02	1.358000000000000007e+01	9.441000000000000227e+02	9.439149999999999636e+02	7.198349461704838177e+02
1.707299999999999898e+02	1.460999999999999943e+01	2.613999999999999773e+02	9.614600000000000364e+02	7.260098557568876458e+02
1.707299999999999898e+02	1.560999999999999943e+01	9.778999999999999773e+02	9.777809999999999491e+02	7.320049136077645926e+02
1.707299999999999898e+02	1.687000000000000099e+01	9.952999999999999545e+02	9.974560000000000173e+02	7.395586864998699639e+02
1.707299999999999898e+02	1.828999999999999915e+01	1.015600000000000023e+03	1.018570000000000050e+03	7.479154758185054561e+02
1.858799999999999955e+02	3.970000000000000195e+00	3.736000000000000227e+02	2.563190000000000168e+02	4.657125468025838018e+02
1.858799999999999955e+02	4.519999999999999574e+00	4.500000000000000000e+02	4.560720000000000027e+02	4.689603013568621463e+02
1.858799999999999955e+02	5.000000000000000000e+00	4.948000000000000114e+02	4.990059999999999718e+02	4.718221718171653265e+02
1.858799999999999955e+02	5.929999999999999716e+00	5.562000000000000455e+02	5.598980000000000246e+02	4.774556630133115505e+02
1.858799999999999955e+02	6.889999999999999680e+00	6.030000000000000000e+02	6.078220000000000027e+02	4.832109185501535649e+02
1.858799999999999955e+02	7.889999999999999680e+00	6.466000000000000227e+02	6.489679999999999609e+02	4.892059764010309664e+02
1.858799999999999955e+02	8.929999999999999716e+00	6.856000000000000227e+02	6.857010000000000218e+02	4.954408365659433002e+02
1.858799999999999955e+02	9.810000000000000497e+00	7.073999999999999773e+02	7.133630000000000564e+02	5.007164874747149952e+02
1.858799999999999955e+02	1.081000000000000050e+01	7.387000000000000455e+02	7.419289999999999736e+02	5.067115453255923967e+02
1.858799999999999955e+02	1.182000000000000028e+01	7.667999999999999545e+02	7.683339999999999463e+02	5.127665537549783039e+02
1.858799999999999955e+02	1.325000000000000000e+01	8.006000000000000227e+02	8.024170000000000300e+02	5.213394864817328198e+02
1.858799999999999955e+02	1.481000000000000050e+01	8.362999999999999545e+02	8.361299999999999955e+02	5.306917767291010932e+02
1.858799999999999955e+02	1.589000000000000057e+01	8.561000000000000227e+02	8.577649999999999864e+02	5.371664392080488142e+02
1.858799999999999955e+02	1.735999999999999943e+01	8.842000000000000455e+02	8.853630000000000564e+02	5.459791742488382624e+02
1.858799999999999955e+02	1.833999999999999986e+01	9.017999999999999545e+02	9.027409999999999854e+02	5.518543309426977430e+02
1.900000000000000000e+02	4.549999999999999822e+00	2.641999999999999886e+02	2.815779999999999745e+02	4.157700040833678941e+02
1.900000000000000000e+02	4.780000000000000249e+00	3.401999999999999886e+02	3.560539999999999736e+02	4.171190749822544603e+02
1.900000000000000000e+02	5.299999999999999822e+00	4.156000000000000227e+02	4.304100000000000250e+02	4.202365050647108546e+02
1.900000000000000000e+02	5.950000000000000178e+00	4.823000000000000114e+02	4.877590000000000146e+02	4.243087395562865822e+02
1.900000000000000000e+02	6.839999999999999858e+00	5.397999999999999545e+02	5.443949999999999818e+02	4.255190331155899912e+02
1.900000000000000000e+02	7.790000000000000036e+00	5.908999999999999773e+02	5.915149999999999864e+02	4.316574778677631912e+02
1.900000000000000000e+02	8.859999999999999432e+00	6.345000000000000000e+02	6.353120000000000118e+02	4.385792449466352991e+02
1.900000000000000000e+02	1.009999999999999964e+01	6.777000000000000455e+02	6.783210000000000264e+02	4.466880581325262938e+02
1.900000000000000000e+02	1.134999999999999964e+01	7.157000000000000455e+02	7.159819999999999709e+02	4.550079309134666801e+02
1.900000000000000000e+02	1.257000000000000028e+01	7.487999999999999545e+02	7.487690000000000055e+02	4.631281267476647372e+02
1.900000000000000000e+02	1.378999999999999915e+01	7.782000000000000455e+02	7.785679999999999836e+02	4.708930863268969915e+02
1.900000000000000000e+02	1.503999999999999915e+01	8.072000000000000455e+02	8.066440000000000055e+02	4.783843067287753001e+02
1.900000000000000000e+02	1.632999999999999829e+01	8.332999999999999545e+02	8.334980000000000473e+02	4.861152461835135909e+02
1.900000000000000000e+02	1.751000000000000156e+01	8.551000000000000227e+02	8.564900000000000091e+02	4.929774129890574841e+02
1.900000000000000000e+02	1.873000000000000043e+01	8.785000000000000000e+02	8.789180000000000064e+02	4.999459989667602713e+02
1.900000000000000000e+02	1.996999999999999886e+01	9.005000000000000000e+02	9.005019999999999527e+02	5.074654103124594258e+02
1.150000000000000000e+02	9.799999999999999822e-01	1.311000000000000000e+03	1.313160000000000082e+03	1.381584476835838359e+03
1.150000000000000000e+02	1.959999999999999964e+00	1.323000000000000000e+03	1.322880000000000109e+03	1.387010360787226546e+03
1.150000000000000000e+02	2.939999999999999947e+00	1.331000000000000000e+03	1.332400000000000091e+03	1.392424695502134227e+03
1.150000000000000000e+02	3.919999999999999929e+00	1.341000000000000000e+03	1.341740000000000009e+03	1.398411333426330202e+03
1.150000000000000000e+02	4.900000000000000355e+00	1.345000000000000000e+03	1.350910000000000082e+03	1.404417150033889811e+03
1.150000000000000000e+02	5.879999999999999893e+00	1.359000000000000000e+03	1.359900000000000091e+03	1.410650438522787908e+03
1.150000000000000000e+02	6.860000000000000320e+00	1.367000000000000000e+03	1.368740000000000009e+03	1.416828855943472036e+03
1.150000000000000000e+02	7.839999999999999858e+00	1.377000000000000000e+03	1.377420000000000073e+03	1.422708298667324698e+03
1.250000000000000000e+02	9.799999999999999822e-01	1.209000000000000000e+03	1.210000000000000000e+03	1.250469729040465609e+03
1.250000000000000000e+02	1.959999999999999964e+00	1.221000000000000000e+03	1.221660000000000082e+03	1.256074408124234196e+03
1.250000000000000000e+02	2.939999999999999947e+00	1.232000000000000000e+03	1.233000000000000000e+03	1.261581733949706631e+03
1.250000000000000000e+02	3.919999999999999929e+00	1.243000000000000000e+03	1.244069999999999936e+03	1.267089059775178839e+03
1.250000000000000000e+02	4.900000000000000355e+00	1.255000000000000000e+03	1.254859999999999900e+03	1.273535257743396414e+03
1.250000000000000000e+02	5.879999999999999893e+00	1.266000000000000000e+03	1.265410000000000082e+03	1.279450863971884928e+03
1.250000000000000000e+02	6.860000000000000320e+00	1.275000000000000000e+03	1.275720000000000027e+03	1.285128637690547293e+03
1.250000000000000000e+02	7.839999999999999858e+00	1.286000000000000000e+03	1.285809999999999945e+03	1.290775030480910573e+03
1.250000000000000000e+02	8.820000000000000284e+00	1.296000000000000000e+03	1.295690000000000055e+03	1.296764665174168613e+03
1.250000000000000000e+02	9.800000000000000711e+00	1.306000000000000000e+03	1.305369999999999891e+03	1.302311142964873170e+03
1.250000000000000000e+02	1.077999999999999936e+01	1.315000000000000000e+03	1.314859999999999900e+03	1.308147553087871756e+03
1.400000000000000000e+02	9.799999999999999822e-01	1.043000000000000000e+03	1.043400000000000091e+03	1.051194041304344410e+03
1.400000000000000000e+02	1.959999999999999964e+00	1.059000000000000000e+03	1.059470000000000027e+03	1.057281864005344687e+03
1.400000000000000000e+02	2.939999999999999947e+00	1.074000000000000000e+03	1.074869999999999891e+03	1.064088382224023690e+03
1.400000000000000000e+02	3.919999999999999929e+00	1.089000000000000000e+03	1.089670000000000073e+03	1.070511226911985432e+03
1.400000000000000000e+02	4.900000000000000355e+00	1.103000000000000000e+03	1.103920000000000073e+03	1.075782135905358700e+03
1.400000000000000000e+02	5.879999999999999893e+00	1.118000000000000000e+03	1.117680000000000064e+03	1.081215482117548845e+03
1.400000000000000000e+02	6.860000000000000320e+00	1.131000000000000000e+03	1.130990000000000009e+03	1.087222526998291187e+03
1.400000000000000000e+02	7.839999999999999858e+00	1.144000000000000000e+03	1.143890000000000100e+03	1.086169071249652916e+03
1.400000000000000000e+02	8.820000000000000284e+00	1.156000000000000000e+03	1.156400000000000091e+03	1.092940995254775089e+03
1.400000000000000000e+02	9.800000000000000711e+00	1.169000000000000000e+03	1.168569999999999936e+03	1.099090624834662776e+03
1.400000000000000000e+02	1.077999999999999936e+01	1.180000000000000000e+03	1.180400000000000091e+03	1.105538463744170031e+03
1.550000000000000000e+02	1.959999999999999964e+00	8.730000000000000000e+02	8.760860000000000127e+02	8.609739533975227914e+02
1.550000000000000000e+02	2.939999999999999947e+00	8.950000000000000000e+02	8.991090000000000373e+02	8.663676597793391920e+02
1.550000000000000000e+02	3.919999999999999929e+00	9.180000000000000000e+02	9.205510000000000446e+02	8.722046161860221218e+02
1.550000000000000000e+02	4.900000000000000355e+00	9.390000000000000000e+02	9.406670000000000300e+02	8.784965784676658132e+02
1.550000000000000000e+02	5.879999999999999893e+00	9.580000000000000000e+02	9.596530000000000200e+02	8.846472258391347623e+02
1.550000000000000000e+02	6.860000000000000320e+00	9.770000000000000000e+02	9.776609999999999445e+02	8.908121662055291381e+02
1.550000000000000000e+02	7.839999999999999858e+00	9.940000000000000000e+02	9.948120000000000118e+02	8.968737132799747087e+02
1.550000000000000000e+02	8.820000000000000284e+00	1.011000000000000000e+03	1.011210000000000036e+03	9.029994248840778255e+02
1.550000000000000000e+02	9.800000000000000711e+00	1.026000000000000000e+03	1.026930000000000064e+03	9.091259495293709278e+02
1.550000000000000000e+02	1.077999999999999936e+01	1.041000000000000000e+03	1.042039999999999964e+03	9.146385321869215659e+02
1.550000000000000000e+02	1.175999999999999979e+01	1.056000000000000000e+03	1.056609999999999900e+03	9.207736407378411059e+02
1.550000000000000000e+02	1.274000000000000021e+01	1.070000000000000000e+03	1.070670000000000073e+03	9.271852056103000450e+02
1.550000000000000000e+02	1.372000000000000064e+01	1.084000000000000000e+03	1.084279999999999973e+03	9.336279829045929546e+02
1.550000000000000000e+02	1.469999999999999929e+01	1.096000000000000000e+03	1.097470000000000027e+03	9.395632028132852156e+02
1.455999999999999943e+02	8.599999999999999867e-01	9.700000000000000000e+02	9.734039999999999964e+02	9.726782539604394060e+02
1.455999999999999943e+02	1.820000000000000062e+00	9.800000000000000000e+02	9.917300000000000182e+02	9.784637406734154865e+02
1.455999999999999943e+02	3.060000000000000053e+00	1.020000000000000000e+03	1.014039999999999964e+03	9.863149814217306357e+02
1.455999999999999943e+02	5.019999999999999574e+00	1.050000000000000000e+03	1.046690000000000055e+03	9.976088593179676991e+02
1.455999999999999943e+02	7.200000000000000178e+00	1.080000000000000000e+03	1.079960000000000036e+03	1.011637335739471837e+03
1.455999999999999943e+02	8.580000000000000071e+00	1.100000000000000000e+03	1.099660000000000082e+03	1.020891726821451812e+03
1.250000000000000000e+02	3.400000000000000244e-01	1.200000000000000000e+03	1.202210000000000036e+03	1.228510020168468145e+03
1.250999999999999943e+02	1.020000000000000018e+00	1.210000000000000000e+03	1.209430000000000064e+03	1.231118040996143009e+03
1.250000000000000000e+02	3.540000000000000036e+00	1.240000000000000000e+03	1.239809999999999945e+03	1.248466307059630481e+03
1.249000000000000057e+02	5.879999999999999893e+00	1.260000000000000000e+03	1.266369999999999891e+03	1.265336487023887003e+03
1.250000000000000000e+02	7.940000000000000391e+00	1.282000000000000000e+03	1.286829999999999927e+03	1.277761569812821790e+03
1.250999999999999943e+02	8.730000000000000426e+00	1.295000000000000000e+03	1.293880000000000109e+03	1.281530429734438712e+03
1.130000000000000000e+02	2.399999999999999911e-01	1.330000000000000000e+03	1.326000000000000000e+03	1.379434631337310975e+03
1.135999999999999943e+02	7.700000000000000178e-01	1.332000000000000000e+03	1.325160000000000082e+03	1.375218488225396641e+03
1.140000000000000000e+02	1.379999999999999893e+00	1.335000000000000000e+03	1.327130000000000109e+03	1.373563476219007725e+03
1.150000000000000000e+02	2.649999999999999911e+00	1.340000000000000000e+03	1.329599999999999909e+03	1.369026546221578883e+03
1.170000000000000000e+02	5.099999999999999645e+00	1.345000000000000000e+03	1.333849999999999909e+03	1.359486270479651239e+03
1.120000000000000000e+02	1.600000000000000033e-01	1.350000000000000000e+03	1.335319999999999936e+03	1.391695958358572170e+03
1.119000000000000057e+02	3.020000000000000018e+00	1.380000000000000000e+03	1.363170000000000073e+03	1.410030653588319637e+03
1.120999999999999943e+02	6.120000000000000107e+00	1.400000000000000000e+03	1.388869999999999891e+03	1.428063233301152195e+03
1.120000000000000000e+02	8.720000000000000639e+00	1.430000000000000000e+03	1.411829999999999927e+03	1.457939941066984829e+03
1.050000000000000000e+02	1.600000000000000033e-01	1.485000000000000000e+03	1.404759999999999991e+03	1.498251991257721329e+03
9.400000000000000000e+01	1.600000000000000033e-01	1.520000000000000000e+03	1.509390000000000100e+03	1.640557631910606460e+03
1.000000000000000000e+02	3.338000000000000256e+01	1.672599999999999909e+03	1.669119999999999891e+03	1.763598833440568797e+03
1.000000000000000000e+02	2.607999999999999829e+01	1.630700000000000045e+03	1.627740000000000009e+03	1.719362448041419384e+03
1.000000000000000000e+02	1.912000000000000099e+01	1.588099999999999909e+03	1.585640000000000100e+03	1.678128416660878429e+03
1.000000000000000000e+02	1.308999999999999986e+01	1.548500000000000000e+03	1.546680000000000064e+03	1.640645921146220644e+03
1.000000000000000000e+02	7.240000000000000213e+00	1.507400000000000091e+03	1.506240000000000009e+03	1.605855713983249188e+03
1.000000000000000000e+02	1.659999999999999920e+00	1.465099999999999909e+03	1.464750000000000000e+03	1.571382649213031982e+03
1.200000000000000000e+02	3.116000000000000014e+01	1.517200000000000045e+03	1.516349999999999909e+03	1.487671995658582773e+03
1.200000000000000000e+02	2.623000000000000043e+01	1.482799999999999955e+03	1.482069999999999936e+03	1.460163212833359466e+03
1.200000000000000000e+02	1.998000000000000043e+01	1.436000000000000000e+03	1.435500000000000000e+03	1.422768901548116446e+03
1.200000000000000000e+02	1.515000000000000036e+01	1.397000000000000000e+03	1.396670000000000073e+03	1.393224027134161133e+03
1.200000000000000000e+02	9.259999999999999787e+00	1.345200000000000045e+03	1.345130000000000109e+03	1.356554798491134761e+03
1.200000000000000000e+02	4.370000000000000107e+00	1.290500000000000000e+03	1.297940000000000055e+03	1.327735471534175076e+03
1.500000000000000000e+02	3.453000000000000114e+01	1.339599999999999909e+03	1.339039999999999964e+03	1.114985408284169580e+03
1.500000000000000000e+02	2.883999999999999986e+01	1.290000000000000000e+03	1.289289999999999964e+03	1.082466441580700121e+03
1.500000000000000000e+02	2.367000000000000171e+01	1.240299999999999955e+03	1.239730000000000018e+03	1.050707935928233383e+03
1.500000000000000000e+02	1.842999999999999972e+01	1.184599999999999909e+03	1.184049999999999955e+03	1.020013475138539661e+03
1.500000000000000000e+02	1.266999999999999993e+01	1.114500000000000000e+03	1.114200000000000045e+03	9.863052676608585898e+02
1.500000000000000000e+02	7.259999999999999787e+00	1.036599999999999909e+03	1.036380000000000109e+03	9.542905303353281852e+02
1.500000000000000000e+02	3.020000000000000018e+00	9.621000000000000227e+02	9.620000000000000000e+02	9.285673886621525526e+02
1.700000000000000000e+02	3.146000000000000085e+01	1.183799999999999955e+03	1.183089999999999918e+03	8.369523315250999076e+02
1.700000000000000000e+02	2.698999999999999844e+01	1.135500000000000000e+03	1.134799999999999955e+03	8.098608998041363520e+02
1.700000000000000000e+02	2.076999999999999957e+01	1.059200000000000045e+03	1.058579999999999927e+03	7.724894619953936399e+02
1.700000000000000000e+02	1.753999999999999915e+01	1.013899999999999977e+03	1.013360000000000014e+03	7.527388060708904050e+02
1.700000000000000000e+02	1.300999999999999979e+01	9.407000000000000455e+02	9.404279999999999973e+02	7.262274769513292085e+02
1.700000000000000000e+02	7.769999999999999574e+00	8.335000000000000000e+02	8.333440000000000509e+02	6.952021775797966257e+02
1.700000000000000000e+02	4.530000000000000249e+00	7.428999999999999773e+02	7.431119999999999663e+02	6.754641902445600863e+02
1.840000000000000000e+02	3.425000000000000000e+01	1.129000000000000000e+03	1.128329999999999927e+03	6.709650802947489865e+02
1.840000000000000000e+02	2.787999999999999901e+01	1.055099999999999909e+03	1.054609999999999900e+03	6.321485766388946104e+02
1.840000000000000000e+02	2.251000000000000156e+01	2.828000000000000114e+02	9.823949999999999818e+02	6.017675836716671256e+02
1.840000000000000000e+02	1.785999999999999943e+01	9.090000000000000000e+02	9.087340000000000373e+02	5.731509682943719781e+02
1.840000000000000000e+02	1.383999999999999986e+01	8.318999999999999773e+02	8.319669999999999845e+02	5.473175702121161521e+02
1.840000000000000000e+02	1.043999999999999950e+01	7.512000000000000455e+02	7.510069999999999482e+02	5.281943442611332102e+02
1.840000000000000000e+02	7.719999999999999751e+00	6.666000000000000227e+02	6.663590000000000373e+02	5.110376982754032724e+02
1.840000000000000000e+02	5.769999999999999574e+00	5.798999999999999773e+02	5.823640000000000327e+02	5.001275637717744758e+02
1.840000000000000000e+02	5.299999999999999822e+00	5.527999999999999545e+02	5.562430000000000518e+02	4.974979416093615328e+02
