# Temperature (K)	Pressure (MPa)	Experimental(kJ/mol)	NIST(kJ/mol)	Model(kJ/mol)
1.800000000000000000e+02	3.200000000000000178e+00	7.157000000000000028e+00	8.670930000000000248e+00	1.076008889827605586e+01
1.850000000000000000e+02	3.200000000000000178e+00	7.581699999999999662e+00	9.097229999999999706e+00	1.085138153262947114e+01
1.900000000000000000e+02	3.200000000000000178e+00	7.924500000000000099e+00	9.432550000000000878e+00	1.094246778093304329e+01
2.000000000000000000e+02	3.200000000000000178e+00	8.508300000000000196e+00	9.995900000000000674e+00	1.112861616385026586e+01
2.100000000000000000e+02	3.200000000000000178e+00	8.974099999999999966e+00	1.048949999999999960e+01	1.131486804071414376e+01
3.387099999999999795e+02	3.450000000000000178e+00	4.254000000000000004e-01	1.566549999999999976e+01	1.405809835998200619e+01
2.942599999999999909e+02	3.450000000000000178e+00	5.661000000000000476e-01	1.390900000000000070e+01	1.303576534411735821e+01
3.109300000000000068e+02	3.450000000000000178e+00	4.993000000000000216e-01	1.456509999999999927e+01	1.340614681615858927e+01
3.275899999999999750e+02	3.450000000000000178e+00	4.552999999999999825e-01	1.522330000000000005e+01	1.379782818350327922e+01
3.442599999999999909e+02	3.450000000000000178e+00	4.190999999999999726e-01	1.588739999999999952e+01	1.418681110034437332e+01
3.609300000000000068e+02	3.450000000000000178e+00	3.803000000000000269e-01	1.655930000000000035e+01	1.459492548120915956e+01
3.775899999999999750e+02	3.450000000000000178e+00	3.512000000000000122e-01	1.724060000000000059e+01	1.501835744880230017e+01
9.981999999999999318e+01	0.000000000000000000e+00	8.449299999999999145e+00	7.901449999999999640e+00	9.315093621879952934e+00
1.053700000000000045e+02	0.000000000000000000e+00	8.632099999999999440e+00	8.086130000000000706e+00	9.414153589402568301e+00
1.109300000000000068e+02	0.000000000000000000e+00	8.818699999999999761e+00	8.271160000000000068e+00	9.512867532439781115e+00
1.164800000000000040e+02	0.000000000000000000e+00	9.001599999999999824e+00	8.455859999999999488e+00	9.610890107251305992e+00
1.220400000000000063e+02	0.000000000000000000e+00	9.184499999999999886e+00	8.640900000000000247e+00	9.709804596600271509e+00
1.275900000000000034e+02	0.000000000000000000e+00	9.367300000000000182e+00	8.825620000000000687e+00	9.809342113552627751e+00
1.331500000000000057e+02	0.000000000000000000e+00	9.553900000000000503e+00	9.010690000000000310e+00	9.909148978128174079e+00
1.387100000000000080e+02	0.000000000000000000e+00	9.736800000000000566e+00	9.195790000000000575e+00	1.000893287654742814e+01
1.442599999999999909e+02	0.000000000000000000e+00	9.919700000000000628e+00	9.380570000000000519e+00	1.010908652808422659e+01
1.498199999999999932e+02	0.000000000000000000e+00	1.010260000000000069e+01	9.565720000000000667e+00	1.020958237898939203e+01
1.553700000000000045e+02	0.000000000000000000e+00	1.028919999999999924e+01	9.750569999999999737e+00	1.031044189374917508e+01
1.609300000000000068e+02	0.000000000000000000e+00	1.047199999999999953e+01	9.935810000000000031e+00	1.041114099660463133e+01
1.664799999999999898e+02	0.000000000000000000e+00	1.065489999999999959e+01	1.012079999999999913e+01	1.051199439133835689e+01
1.720399999999999920e+02	0.000000000000000000e+00	1.083779999999999966e+01	1.030620000000000047e+01	1.061326485543424525e+01
1.775900000000000034e+02	0.000000000000000000e+00	1.102439999999999998e+01	1.049140000000000050e+01	1.071426858236435464e+01
1.831500000000000057e+02	0.000000000000000000e+00	1.120720000000000027e+01	1.067699999999999960e+01	1.081570200871906096e+01
1.859300000000000068e+02	0.000000000000000000e+00	1.130049999999999955e+01	1.076989999999999981e+01	1.086639678675708254e+01
1.887100000000000080e+02	0.000000000000000000e+00	1.139380000000000059e+01	1.086280000000000001e+01	1.091716192024328791e+01
1.905900000000000034e+02	0.000000000000000000e+00	1.145730000000000004e+01	1.092559999999999931e+01	1.095147257483935199e+01
1.942599999999999909e+02	0.000000000000000000e+00	1.158039999999999914e+01	1.104840000000000089e+01	1.101851194457572802e+01
1.970399999999999920e+02	0.000000000000000000e+00	1.167370000000000019e+01	1.114150000000000063e+01	1.106927252532017114e+01
1.998199999999999932e+02	0.000000000000000000e+00	1.176699999999999946e+01	1.123460000000000036e+01	1.112002224708908926e+01
2.025900000000000034e+02	0.000000000000000000e+00	1.186030000000000051e+01	1.132750000000000057e+01	1.117058936643083200e+01
2.053700000000000045e+02	0.000000000000000000e+00	1.195359999999999978e+01	1.142070000000000007e+01	1.122136205070007264e+01
2.109300000000000068e+02	0.000000000000000000e+00	1.214020000000000010e+01	1.160749999999999993e+01	1.132282521520074603e+01
2.164799999999999898e+02	0.000000000000000000e+00	1.232680000000000042e+01	1.179429999999999978e+01	1.142397865798773893e+01
2.220399999999999920e+02	0.000000000000000000e+00	1.251340000000000074e+01	1.198179999999999978e+01	1.152528500258843636e+01
2.275900000000000034e+02	0.000000000000000000e+00	1.269999999999999929e+01	1.216929999999999978e+01	1.162636761515032013e+01
2.331500000000000057e+02	0.000000000000000000e+00	1.288659999999999961e+01	1.235779999999999923e+01	1.172751183028987754e+01
2.387100000000000080e+02	0.000000000000000000e+00	1.307319999999999993e+01	1.254669999999999952e+01	1.182837337603465322e+01
2.442599999999999909e+02	0.000000000000000000e+00	1.325980000000000025e+01	1.273590000000000089e+01	1.192910713161890968e+01
2.498199999999999932e+02	0.000000000000000000e+00	1.345020000000000060e+01	1.292600000000000016e+01	1.202960589922032852e+01
2.553700000000000045e+02	0.000000000000000000e+00	1.364049999999999940e+01	1.311660000000000004e+01	1.212972588854636946e+01
2.609300000000000068e+02	0.000000000000000000e+00	1.383079999999999998e+01	1.330819999999999936e+01	1.223025344894063693e+01
2.664800000000000182e+02	0.000000000000000000e+00	1.402120000000000033e+01	1.350019999999999953e+01	1.232986327997913989e+01
2.720400000000000205e+02	0.000000000000000000e+00	1.421519999999999939e+01	1.369350000000000023e+01	1.242942249715753000e+01
2.775899999999999750e+02	0.000000000000000000e+00	1.440930000000000000e+01	1.388729999999999976e+01	1.252866740725538364e+01
2.831499999999999773e+02	0.000000000000000000e+00	1.460340000000000060e+01	1.408239999999999981e+01	1.262780269941733202e+01
1.275900000000000034e+02	3.400000000000000244e-01	1.533900000000000041e+00	9.115229999999999722e-01	9.905550843971649755e+00
1.331500000000000057e+02	3.400000000000000244e-01	9.359899999999999665e+00	8.768509999999999138e+00	9.869771718753090894e+00
1.387100000000000080e+02	3.400000000000000244e-01	9.546499999999999986e+00	8.975479999999999237e+00	9.972295392935411229e+00
1.442599999999999909e+02	3.400000000000000244e-01	9.733100000000000307e+00	9.178520000000000678e+00	1.007432507631489926e+01
1.498199999999999932e+02	3.400000000000000244e-01	9.927099999999999369e+00	9.379250000000000753e+00	1.017649910504067812e+01
1.553700000000000045e+02	3.400000000000000244e-01	1.012119999999999997e+01	9.577540000000000830e+00	1.027927256265444811e+01
1.609300000000000068e+02	3.400000000000000244e-01	1.031530000000000058e+01	9.774530000000000385e+00	1.038216195023257349e+01
1.664799999999999898e+02	3.400000000000000244e-01	1.050929999999999964e+01	9.969839999999999591e+00	1.048491758061568646e+01
1.720399999999999920e+02	3.400000000000000244e-01	1.070340000000000025e+01	1.016440000000000055e+01	1.058803713209532305e+01
1.775900000000000034e+02	3.400000000000000244e-01	1.089750000000000085e+01	1.035779999999999923e+01	1.069087050543285855e+01
1.831500000000000057e+02	3.400000000000000244e-01	1.108779999999999966e+01	1.055090000000000039e+01	1.079435090879344017e+01
1.859300000000000068e+02	3.400000000000000244e-01	1.118479999999999919e+01	1.064719999999999978e+01	1.084610770305756589e+01
1.887100000000000080e+02	3.400000000000000244e-01	1.127810000000000024e+01	1.074339999999999939e+01	1.089791919755652749e+01
1.905900000000000034e+02	3.400000000000000244e-01	1.134529999999999994e+01	1.080840000000000067e+01	1.093287816559726089e+01
1.942599999999999909e+02	3.400000000000000244e-01	1.146850000000000058e+01	1.093510000000000026e+01	1.100131339540583753e+01
1.970399999999999920e+02	3.400000000000000244e-01	1.156550000000000011e+01	1.103100000000000058e+01	1.105314984568159886e+01
1.998199999999999932e+02	3.400000000000000244e-01	1.165879999999999939e+01	1.112689999999999912e+01	1.110499632939788839e+01
2.025900000000000034e+02	3.400000000000000244e-01	1.175580000000000069e+01	1.122240000000000038e+01	1.115664247486001592e+01
2.053700000000000045e+02	3.400000000000000244e-01	1.184909999999999997e+01	1.131819999999999915e+01	1.120847445863521230e+01
2.109300000000000068e+02	3.400000000000000244e-01	1.203950000000000031e+01	1.150970000000000049e+01	1.131216803496590906e+01
2.164799999999999898e+02	3.400000000000000244e-01	1.222979999999999912e+01	1.170079999999999920e+01	1.141559767753763310e+01
2.220399999999999920e+02	3.400000000000000244e-01	1.242009999999999970e+01	1.189240000000000030e+01	1.151901914297752860e+01
2.275900000000000034e+02	3.400000000000000244e-01	1.261050000000000004e+01	1.208370000000000033e+01	1.162219825825940944e+01
2.331500000000000057e+02	3.400000000000000244e-01	1.280080000000000062e+01	1.227570000000000050e+01	1.172551971455203024e+01
2.387100000000000080e+02	3.400000000000000244e-01	1.299109999999999943e+01	1.246790000000000020e+01	1.182871347322718059e+01
2.442599999999999909e+02	3.400000000000000244e-01	1.318520000000000003e+01	1.266019999999999968e+01	1.193147694358492572e+01
2.498199999999999932e+02	3.400000000000000244e-01	1.337550000000000061e+01	1.285330000000000084e+01	1.203419110845087125e+01
2.553700000000000045e+02	3.400000000000000244e-01	1.356589999999999918e+01	1.304649999999999999e+01	1.213656924122614100e+01
2.609300000000000068e+02	3.400000000000000244e-01	1.375990000000000002e+01	1.324070000000000036e+01	1.223872473623781154e+01
2.664800000000000182e+02	3.400000000000000244e-01	1.395400000000000063e+01	1.343520000000000003e+01	1.234065561198020156e+01
2.720400000000000205e+02	3.400000000000000244e-01	1.415179999999999971e+01	1.363080000000000069e+01	1.244231914673904349e+01
2.775899999999999750e+02	3.400000000000000244e-01	1.434960000000000058e+01	1.382680000000000042e+01	1.254317631417767664e+01
2.831499999999999773e+02	3.400000000000000244e-01	1.454739999999999966e+01	1.402399999999999913e+01	1.264464415251936735e+01
1.442599999999999909e+02	6.899999999999999467e-01	9.531599999999999184e+00	8.935200000000000031e+00	1.007608505516060049e+01
1.498199999999999932e+02	6.899999999999999467e-01	9.733100000000000307e+00	9.160360000000000724e+00	1.017802353674118621e+01
1.553700000000000045e+02	6.899999999999999467e-01	9.938299999999999912e+00	9.378249999999999531e+00	1.028057963993305712e+01
1.609300000000000068e+02	6.899999999999999467e-01	1.014359999999999928e+01	9.591599999999999682e+00	1.038344768459261758e+01
1.664799999999999898e+02	6.899999999999999467e-01	1.034510000000000041e+01	9.800800000000000622e+00	1.048646575262523761e+01
1.720399999999999920e+02	6.899999999999999467e-01	1.054669999999999952e+01	1.000740000000000052e+01	1.058971636411609119e+01
1.775900000000000034e+02	6.899999999999999467e-01	1.074820000000000064e+01	1.021119999999999983e+01	1.069278319081587902e+01
1.831500000000000057e+02	6.899999999999999467e-01	1.094599999999999973e+01	1.041350000000000087e+01	1.079625105909226868e+01
1.859300000000000068e+02	6.899999999999999467e-01	1.104669999999999952e+01	1.051399999999999935e+01	1.084804432622880022e+01
1.887100000000000080e+02	6.899999999999999467e-01	1.114380000000000059e+01	1.061420000000000030e+01	1.089984337785955582e+01
1.905900000000000034e+02	6.899999999999999467e-01	1.121100000000000030e+01	1.068169999999999931e+01	1.093484336072807572e+01
1.942599999999999909e+02	6.899999999999999467e-01	1.134159999999999968e+01	1.081320000000000014e+01	1.100325845047097140e+01
1.970399999999999920e+02	6.899999999999999467e-01	1.144229999999999947e+01	1.091249999999999964e+01	1.105511197138660151e+01
1.998199999999999932e+02	6.899999999999999467e-01	1.153940000000000055e+01	1.101159999999999961e+01	1.110696564911453343e+01
2.025900000000000034e+02	6.899999999999999467e-01	1.164390000000000036e+01	1.111009999999999920e+01	1.115860430580982943e+01
2.053700000000000045e+02	6.899999999999999467e-01	1.173719999999999963e+01	1.120880000000000010e+01	1.121045426650312571e+01
2.109300000000000068e+02	6.899999999999999467e-01	1.193500000000000050e+01	1.140579999999999927e+01	1.131421579431110302e+01
2.164799999999999898e+02	6.899999999999999467e-01	1.212899999999999956e+01	1.160190000000000055e+01	1.141762754220732212e+01
2.220399999999999920e+02	6.899999999999999467e-01	1.232310000000000016e+01	1.179809999999999981e+01	1.152118654051098723e+01
2.275900000000000034e+02	6.899999999999999467e-01	1.251720000000000077e+01	1.199360000000000070e+01	1.162450656500142721e+01
2.331500000000000057e+02	6.899999999999999467e-01	1.271499999999999986e+01	1.218950000000000067e+01	1.172795057058723778e+01
2.387100000000000080e+02	6.899999999999999467e-01	1.291280000000000072e+01	1.238540000000000063e+01	1.183120346489232588e+01
2.442599999999999909e+02	6.899999999999999467e-01	1.310679999999999978e+01	1.258109999999999928e+01	1.193398344561686564e+01
2.498199999999999932e+02	6.899999999999999467e-01	1.330090000000000039e+01	1.277730000000000032e+01	1.203666039500796181e+01
2.553700000000000045e+02	6.899999999999999467e-01	1.349869999999999948e+01	1.297349999999999959e+01	1.213918310741275697e+01
2.609300000000000068e+02	6.899999999999999467e-01	1.369650000000000034e+01	1.317050000000000054e+01	1.224159205307984699e+01
2.664800000000000182e+02	6.899999999999999467e-01	1.389429999999999943e+01	1.336759999999999948e+01	1.234354288458150961e+01
2.720400000000000205e+02	6.899999999999999467e-01	1.409210000000000029e+01	1.356569999999999965e+01	1.244552761599126356e+01
2.775899999999999750e+02	6.899999999999999467e-01	1.428989999999999938e+01	1.376399999999999935e+01	1.254698119289720282e+01
2.831499999999999773e+02	6.899999999999999467e-01	1.448770000000000024e+01	1.396340000000000003e+01	1.264816819912722856e+01
1.498199999999999932e+02	1.030000000000000027e+00	2.892300000000000093e+00	8.907339999999999591e+00	1.023189920962852462e+01
1.553700000000000045e+02	1.030000000000000027e+00	9.707000000000000739e+00	9.156230000000000757e+00	1.026472130742235578e+01
1.609300000000000068e+02	1.030000000000000027e+00	9.938299999999999912e+00	9.392580000000000595e+00	1.036776577064079063e+01
1.664799999999999898e+02	1.030000000000000027e+00	1.016600000000000037e+01	9.620050000000000878e+00	1.047100664175987994e+01
1.720399999999999920e+02	1.030000000000000027e+00	1.038250000000000028e+01	9.841739999999999711e+00	1.057512681329093596e+01
1.775900000000000034e+02	1.030000000000000027e+00	1.059520000000000017e+01	1.005829999999999913e+01	1.067906113013978420e+01
1.831500000000000057e+02	1.030000000000000027e+00	1.080790000000000006e+01	1.027149999999999963e+01	1.078344141798634404e+01
1.859300000000000068e+02	1.030000000000000027e+00	1.091610000000000014e+01	1.037689999999999912e+01	1.083552479551516257e+01
1.887100000000000080e+02	1.030000000000000027e+00	1.101689999999999969e+01	1.048170000000000002e+01	1.088772987221257615e+01
1.905900000000000034e+02	1.030000000000000027e+00	1.106540000000000035e+01	1.055209999999999937e+01	1.092313022527909361e+01
1.942599999999999909e+02	1.030000000000000027e+00	1.122220000000000084e+01	1.068900000000000006e+01	1.099202831507874834e+01
1.970399999999999920e+02	1.030000000000000027e+00	1.132670000000000066e+01	1.079209999999999958e+01	1.104427278119922917e+01
1.998199999999999932e+02	1.030000000000000027e+00	1.142740000000000045e+01	1.089480000000000004e+01	1.109653639553724069e+01
2.025900000000000034e+02	1.030000000000000027e+00	1.153190000000000026e+01	1.099670000000000059e+01	1.114861141860192184e+01
2.053700000000000045e+02	1.030000000000000027e+00	1.163269999999999982e+01	1.109859999999999935e+01	1.120092482466725592e+01
2.109300000000000068e+02	1.030000000000000027e+00	1.183419999999999916e+01	1.130150000000000077e+01	1.130556800515345905e+01
2.164799999999999898e+02	1.030000000000000027e+00	1.203570000000000029e+01	1.150300000000000011e+01	1.140998812428005138e+01
2.220399999999999920e+02	1.030000000000000027e+00	1.223349999999999937e+01	1.170400000000000063e+01	1.151452704559325646e+01
2.275900000000000034e+02	1.030000000000000027e+00	1.243510000000000026e+01	1.190409999999999968e+01	1.161880716814146552e+01
2.331500000000000057e+02	1.030000000000000027e+00	1.263659999999999961e+01	1.210410000000000075e+01	1.172312242037754082e+01
2.387100000000000080e+02	1.030000000000000027e+00	1.283440000000000047e+01	1.230380000000000074e+01	1.182743459269504882e+01
2.442599999999999909e+02	1.030000000000000027e+00	1.303219999999999956e+01	1.250290000000000035e+01	1.193127194548455527e+01
2.498199999999999932e+02	1.030000000000000027e+00	1.323000000000000043e+01	1.270250000000000057e+01	1.203526710809568634e+01
2.553700000000000045e+02	1.030000000000000027e+00	1.343149999999999977e+01	1.290169999999999995e+01	1.213876412599215371e+01
2.609300000000000068e+02	1.030000000000000027e+00	1.362930000000000064e+01	1.310149999999999970e+01	1.224224926856728146e+01
2.664800000000000182e+02	1.030000000000000027e+00	1.383079999999999998e+01	1.330129999999999946e+01	1.234524349694942735e+01
2.720400000000000205e+02	1.030000000000000027e+00	1.403240000000000087e+01	1.350189999999999912e+01	1.244838077409866095e+01
2.775899999999999750e+02	1.030000000000000027e+00	1.423390000000000022e+01	1.370260000000000034e+01	1.255125715257553054e+01
2.831499999999999773e+02	1.030000000000000027e+00	1.443169999999999931e+01	1.390419999999999945e+01	1.265377452456661089e+01
1.609300000000000068e+02	1.379999999999999893e+00	9.707000000000000739e+00	9.155680000000000263e+00	1.036876374315068006e+01
1.664799999999999898e+02	1.379999999999999893e+00	9.960699999999999221e+00	9.411129999999999995e+00	1.047191011097034519e+01
1.720399999999999920e+02	1.379999999999999893e+00	1.019960000000000022e+01	9.654090000000000060e+00	1.057552647513116284e+01
1.775900000000000034e+02	1.379999999999999893e+00	1.043099999999999916e+01	9.887620000000000076e+00	1.067944591388598141e+01
1.831500000000000057e+02	1.379999999999999893e+00	1.065859999999999985e+01	1.011490000000000045e+01	1.078354163921189723e+01
1.859300000000000068e+02	1.379999999999999893e+00	1.077059999999999995e+01	1.022649999999999970e+01	1.083568595137971968e+01
1.887100000000000080e+02	1.379999999999999893e+00	1.087880000000000003e+01	1.033689999999999998e+01	1.088792537435436358e+01
1.905900000000000034e+02	1.379999999999999893e+00	1.095340000000000025e+01	1.041099999999999959e+01	1.092320937216010357e+01
1.942599999999999909e+02	1.379999999999999893e+00	1.109529999999999994e+01	1.055439999999999934e+01	1.099215672732997007e+01
1.970399999999999920e+02	1.379999999999999893e+00	1.120350000000000001e+01	1.066210000000000058e+01	1.104441649023912042e+01
1.998199999999999932e+02	1.379999999999999893e+00	1.131170000000000009e+01	1.076900000000000013e+01	1.109670015952551303e+01
2.025900000000000034e+02	1.379999999999999893e+00	1.141249999999999964e+01	1.087490000000000023e+01	1.114881853283302426e+01
2.053700000000000045e+02	1.379999999999999893e+00	1.152069999999999972e+01	1.098060000000000080e+01	1.120113352845794630e+01
2.109300000000000068e+02	1.379999999999999893e+00	1.172969999999999935e+01	1.119040000000000035e+01	1.130572257773741285e+01
2.164799999999999898e+02	1.379999999999999893e+00	1.193500000000000050e+01	1.139799999999999969e+01	1.141017739909650786e+01
2.220399999999999920e+02	1.379999999999999893e+00	1.214020000000000010e+01	1.160459999999999958e+01	1.151477922514145824e+01
2.275900000000000034e+02	1.379999999999999893e+00	1.234549999999999947e+01	1.180969999999999942e+01	1.161908232336566016e+01
2.331500000000000057e+02	1.379999999999999893e+00	1.255070000000000086e+01	1.201420000000000066e+01	1.172354081174349183e+01
2.387100000000000080e+02	1.379999999999999893e+00	1.275600000000000023e+01	1.221809999999999974e+01	1.182779561158617732e+01
2.442599999999999909e+02	1.379999999999999893e+00	1.295749999999999957e+01	1.242120000000000068e+01	1.193173586683171372e+01
2.498199999999999932e+02	1.379999999999999893e+00	1.315910000000000046e+01	1.262420000000000009e+01	1.203559918024945752e+01
2.553700000000000045e+02	1.379999999999999893e+00	1.336059999999999981e+01	1.282680000000000042e+01	1.213898519655224106e+01
2.609300000000000068e+02	1.379999999999999893e+00	1.356209999999999916e+01	1.302970000000000006e+01	1.224218518621835017e+01
2.664800000000000182e+02	1.379999999999999893e+00	1.376370000000000005e+01	1.323240000000000016e+01	1.234518481517306299e+01
2.720400000000000205e+02	1.379999999999999893e+00	1.396519999999999939e+01	1.343560000000000088e+01	1.244784969623742832e+01
2.775899999999999750e+02	1.379999999999999893e+00	1.416670000000000051e+01	1.363879999999999981e+01	1.254983465796078157e+01
2.831499999999999773e+02	1.379999999999999893e+00	1.436819999999999986e+01	1.384280000000000044e+01	1.265242812605159628e+01
1.664799999999999898e+02	1.719999999999999973e+00	9.725600000000000023e+00	9.175330000000000652e+00	1.047475801832397835e+01
1.720399999999999920e+02	1.719999999999999973e+00	9.998100000000000875e+00	9.449350000000000804e+00	1.057775090297328191e+01
1.775900000000000034e+02	1.719999999999999973e+00	1.025559999999999938e+01	9.705489999999999284e+00	1.068115707576662565e+01
1.831500000000000057e+02	1.719999999999999973e+00	1.049440000000000062e+01	9.950369999999999493e+00	1.078526812127811318e+01
1.859300000000000068e+02	1.719999999999999973e+00	1.061379999999999946e+01	1.006949999999999967e+01	1.083737313830537374e+01
1.887100000000000080e+02	1.719999999999999973e+00	1.072949999999999982e+01	1.018670000000000009e+01	1.088952004096345405e+01
1.905900000000000034e+02	1.719999999999999973e+00	1.080790000000000006e+01	1.026510000000000034e+01	1.092471469729972533e+01
1.942599999999999909e+02	1.719999999999999973e+00	1.095720000000000027e+01	1.041610000000000014e+01	1.099358260912591234e+01
1.970399999999999920e+02	1.719999999999999973e+00	1.106910000000000061e+01	1.052899999999999991e+01	1.104579067080344501e+01
1.998199999999999932e+02	1.719999999999999973e+00	1.118110000000000070e+01	1.064080000000000048e+01	1.109807215827511229e+01
2.025900000000000034e+02	1.719999999999999973e+00	1.129310000000000080e+01	1.075120000000000076e+01	1.115016477330911115e+01
2.053700000000000045e+02	1.719999999999999973e+00	1.139760000000000062e+01	1.086100000000000065e+01	1.120246253833171046e+01
2.164799999999999898e+02	1.719999999999999973e+00	1.183050000000000068e+01	1.129269999999999996e+01	1.141162210175737002e+01
2.220399999999999920e+02	1.719999999999999973e+00	1.204320000000000057e+01	1.150520000000000032e+01	1.151628545069122822e+01
2.275900000000000034e+02	1.719999999999999973e+00	1.225220000000000020e+01	1.171570000000000000e+01	1.162058902316338838e+01
2.331500000000000057e+02	1.719999999999999973e+00	1.246119999999999983e+01	1.192500000000000071e+01	1.172508089862247083e+01
2.387100000000000080e+02	1.719999999999999973e+00	1.267019999999999946e+01	1.213330000000000020e+01	1.182930123990857041e+01
2.442599999999999909e+02	1.719999999999999973e+00	1.287540000000000084e+01	1.234029999999999916e+01	1.193336344077412292e+01
2.498199999999999932e+02	1.719999999999999973e+00	1.308070000000000022e+01	1.254710000000000036e+01	1.203752295758655677e+01
2.553700000000000045e+02	1.719999999999999973e+00	1.328599999999999959e+01	1.275309999999999988e+01	1.214114268925266593e+01
2.609300000000000068e+02	1.719999999999999973e+00	1.349119999999999919e+01	1.295909999999999940e+01	1.224470650850458675e+01
2.664800000000000182e+02	1.719999999999999973e+00	1.369650000000000034e+01	1.316469999999999985e+01	1.234790358946400879e+01
2.720400000000000205e+02	1.719999999999999973e+00	1.390169999999999995e+01	1.337059999999999960e+01	1.245109894992218003e+01
2.775899999999999750e+02	1.719999999999999973e+00	1.410699999999999932e+01	1.357639999999999958e+01	1.255285481223429578e+01
2.831499999999999773e+02	1.719999999999999973e+00	1.431230000000000047e+01	1.378270000000000017e+01	1.265539832435802303e+01
1.720399999999999920e+02	2.069999999999999840e+00	9.755499999999999616e+00	9.204290000000000305e+00	1.057947695565106727e+01
1.775900000000000034e+02	2.069999999999999840e+00	1.005030000000000001e+01	9.495340000000000558e+00	1.068217810917272281e+01
1.831500000000000057e+02	2.069999999999999840e+00	1.032269999999999932e+01	9.764939999999999287e+00	1.078575959012215435e+01
1.859300000000000068e+02	2.069999999999999840e+00	1.044960000000000022e+01	9.894030000000000769e+00	1.083772098090770264e+01
1.887100000000000080e+02	2.069999999999999840e+00	1.057280000000000086e+01	1.002009999999999934e+01	1.088971384898126793e+01
1.905900000000000034e+02	2.069999999999999840e+00	1.065859999999999985e+01	1.010389999999999944e+01	1.092489708453410380e+01
1.942599999999999909e+02	2.069999999999999840e+00	1.081910000000000061e+01	1.026449999999999996e+01	1.099369842297802258e+01
1.970399999999999920e+02	2.069999999999999840e+00	1.093479999999999919e+01	1.038390000000000057e+01	1.104585313948865810e+01
1.998199999999999932e+02	2.069999999999999840e+00	1.105790000000000006e+01	1.050159999999999982e+01	1.109805016513197451e+01
2.025900000000000034e+02	2.069999999999999840e+00	1.116990000000000016e+01	1.061739999999999995e+01	1.115008634088834505e+01
2.053700000000000045e+02	2.069999999999999840e+00	1.128560000000000052e+01	1.073230000000000040e+01	1.120230760469272191e+01
2.109300000000000068e+02	2.069999999999999840e+00	1.150949999999999918e+01	1.095850000000000080e+01	1.130672460466177398e+01
2.164799999999999898e+02	2.069999999999999840e+00	1.172600000000000087e+01	1.118060000000000009e+01	1.141106735195611321e+01
2.220399999999999920e+02	2.069999999999999840e+00	1.194239999999999924e+01	1.139990000000000059e+01	1.151569686754251265e+01
2.275900000000000034e+02	2.069999999999999840e+00	1.215889999999999915e+01	1.161640000000000050e+01	1.162003016320008975e+01
2.331500000000000057e+02	2.069999999999999840e+00	1.237160000000000082e+01	1.183109999999999928e+01	1.172452122019829623e+01
2.387100000000000080e+02	2.069999999999999840e+00	1.258430000000000071e+01	1.204429999999999978e+01	1.182887426813013931e+01
2.442599999999999909e+02	2.069999999999999840e+00	1.279330000000000034e+01	1.225569999999999915e+01	1.193281973271083274e+01
2.498199999999999932e+02	2.069999999999999840e+00	1.300229999999999997e+01	1.246649999999999991e+01	1.203682373165768205e+01
2.553700000000000045e+02	2.069999999999999840e+00	1.321129999999999960e+01	1.267609999999999992e+01	1.214038399652643463e+01
2.609300000000000068e+02	2.069999999999999840e+00	1.342029999999999923e+01	1.288560000000000016e+01	1.224410502979507953e+01
2.664800000000000182e+02	2.069999999999999840e+00	1.362930000000000064e+01	1.309430000000000049e+01	1.234742645961487995e+01
2.720400000000000205e+02	2.069999999999999840e+00	1.383830000000000027e+01	1.330310000000000059e+01	1.245024288652469302e+01
2.775899999999999750e+02	2.069999999999999840e+00	1.404359999999999964e+01	1.351159999999999961e+01	1.255295256783818303e+01
2.831499999999999773e+02	2.069999999999999840e+00	1.425249999999999950e+01	1.372049999999999947e+01	1.265481106707692049e+01
1.720399999999999920e+02	2.410000000000000142e+00	9.460599999999999454e+00	8.908709999999999241e+00	1.058172086169918380e+01
1.775900000000000034e+02	2.410000000000000142e+00	9.815200000000000813e+00	9.259130000000000749e+00	1.068401667064675564e+01
1.831500000000000057e+02	2.410000000000000142e+00	1.012119999999999997e+01	9.564109999999999445e+00	1.078725901674451748e+01
1.859300000000000068e+02	2.410000000000000142e+00	1.026299999999999990e+01	9.706440000000000623e+00	1.083899272143250947e+01
1.887100000000000080e+02	2.410000000000000142e+00	1.040109999999999957e+01	9.843840000000000146e+00	1.089078151537678707e+01
1.905900000000000034e+02	2.410000000000000142e+00	1.049070000000000036e+01	9.934419999999999362e+00	1.092579486576864412e+01
1.942599999999999909e+02	2.410000000000000142e+00	1.066239999999999988e+01	1.010670000000000002e+01	1.099457514518014634e+01
1.970399999999999920e+02	2.410000000000000142e+00	1.079299999999999926e+01	1.023380000000000045e+01	1.104661075390719382e+01
1.998199999999999932e+02	2.410000000000000142e+00	1.091610000000000014e+01	1.035839999999999961e+01	1.109879718962648454e+01
2.025900000000000034e+02	2.410000000000000142e+00	1.103930000000000078e+01	1.048039999999999949e+01	1.115071900172736363e+01
2.053700000000000045e+02	2.410000000000000142e+00	1.115869999999999962e+01	1.060089999999999932e+01	1.120294707187572847e+01
2.109300000000000068e+02	2.410000000000000142e+00	1.139010000000000034e+01	1.083719999999999928e+01	1.130729486020097241e+01
2.164799999999999898e+02	2.410000000000000142e+00	1.161769999999999925e+01	1.106770000000000032e+01	1.141154977479639498e+01
2.220399999999999920e+02	2.410000000000000142e+00	1.184169999999999945e+01	1.129439999999999955e+01	1.151613190170363588e+01
2.275900000000000034e+02	2.410000000000000142e+00	1.206189999999999962e+01	1.151730000000000054e+01	1.162050310212280912e+01
2.331500000000000057e+02	2.410000000000000142e+00	1.228200000000000003e+01	1.173780000000000001e+01	1.172486597461213975e+01
2.387100000000000080e+02	2.410000000000000142e+00	1.250220000000000020e+01	1.195599999999999952e+01	1.182930321601206103e+01
2.442599999999999909e+02	2.410000000000000142e+00	1.271499999999999986e+01	1.217200000000000060e+01	1.193330256689178270e+01
2.498199999999999932e+02	2.410000000000000142e+00	1.292769999999999975e+01	1.238700000000000045e+01	1.203732500995257126e+01
2.553700000000000045e+02	2.410000000000000142e+00	1.314039999999999964e+01	1.260040000000000049e+01	1.214112080901800184e+01
2.609300000000000068e+02	2.410000000000000142e+00	1.335309999999999953e+01	1.281329999999999991e+01	1.224494330210967519e+01
2.664800000000000182e+02	2.410000000000000142e+00	1.356589999999999918e+01	1.302519999999999989e+01	1.234772455617768827e+01
2.720400000000000205e+02	2.410000000000000142e+00	1.377480000000000082e+01	1.323700000000000010e+01	1.245060604258274495e+01
2.775899999999999750e+02	2.410000000000000142e+00	1.398380000000000045e+01	1.344819999999999993e+01	1.255328234363977380e+01
2.831499999999999773e+02	2.410000000000000142e+00	1.419280000000000008e+01	1.365970000000000084e+01	1.265534925599322236e+01
1.775900000000000034e+02	2.759999999999999787e+00	9.512900000000000134e+00	8.960679999999999978e+00	1.068467236619056671e+01
1.831500000000000057e+02	2.759999999999999787e+00	9.878600000000000492e+00	9.327070000000000860e+00	1.078745425692003579e+01
1.859300000000000068e+02	2.759999999999999787e+00	1.003909999999999947e+01	9.489440000000000097e+00	1.083916238807764820e+01
1.887100000000000080e+02	2.759999999999999787e+00	1.019589999999999996e+01	9.643039999999999168e+00	1.089074910143622965e+01
1.905900000000000034e+02	2.759999999999999787e+00	1.030030000000000001e+01	9.743000000000000327e+00	1.092580783098355646e+01
1.942599999999999909e+02	2.759999999999999787e+00	1.048690000000000033e+01	9.930839999999999890e+00	1.099430308593442973e+01
1.970399999999999920e+02	2.759999999999999787e+00	1.062500000000000000e+01	1.006789999999999985e+01	1.104627722186587313e+01
1.998199999999999932e+02	2.759999999999999787e+00	1.075939999999999941e+01	1.020120000000000005e+01	1.109833924134013472e+01
2.025900000000000034e+02	2.759999999999999787e+00	1.088630000000000031e+01	1.033089999999999975e+01	1.115021614049908472e+01
2.053700000000000045e+02	2.759999999999999787e+00	1.101319999999999943e+01	1.045839999999999925e+01	1.120228537355386145e+01
2.109300000000000068e+02	2.759999999999999787e+00	1.125949999999999918e+01	1.070659999999999989e+01	1.130659184646416904e+01
2.164799999999999898e+02	2.759999999999999787e+00	1.149830000000000041e+01	1.094710000000000072e+01	1.141070228346912963e+01
2.220399999999999920e+02	2.759999999999999787e+00	1.173339999999999961e+01	1.118229999999999968e+01	1.151507407966587593e+01
2.275900000000000034e+02	2.759999999999999787e+00	1.196110000000000007e+01	1.141249999999999964e+01	1.161920300556220553e+01
2.331500000000000057e+02	2.759999999999999787e+00	1.218500000000000050e+01	1.163940000000000019e+01	1.172351664100236412e+01
2.387100000000000080e+02	2.759999999999999787e+00	1.240889999999999915e+01	1.186330000000000062e+01	1.182770705154824853e+01
2.442599999999999909e+02	2.759999999999999787e+00	1.262909999999999933e+01	1.208430000000000071e+01	1.193152532683171785e+01
2.498199999999999932e+02	2.759999999999999787e+00	1.284559999999999924e+01	1.230380000000000074e+01	1.203550486122849783e+01
2.553700000000000045e+02	2.759999999999999787e+00	1.306199999999999939e+01	1.252139999999999986e+01	1.213907341919890115e+01
2.609300000000000068e+02	2.759999999999999787e+00	1.327849999999999930e+01	1.273799999999999955e+01	1.224223077968640538e+01
2.664800000000000182e+02	2.759999999999999787e+00	1.349489999999999945e+01	1.295340000000000025e+01	1.234519696217379803e+01
2.720400000000000205e+02	2.759999999999999787e+00	1.370770000000000088e+01	1.316830000000000034e+01	1.244840815655040167e+01
2.775899999999999750e+02	2.759999999999999787e+00	1.392040000000000077e+01	1.338240000000000052e+01	1.255087650837584334e+01
2.831499999999999773e+02	2.759999999999999787e+00	1.413310000000000066e+01	1.359660000000000046e+01	1.265312183765402132e+01
1.831500000000000057e+02	3.100000000000000089e+00	9.591300000000000381e+00	9.050280000000000769e+00	1.078899945752009515e+01
1.859300000000000068e+02	3.100000000000000089e+00	9.789099999999999469e+00	9.244949999999999335e+00	1.084004526807167323e+01
1.887100000000000080e+02	3.100000000000000089e+00	9.968199999999999505e+00	9.422319999999999141e+00	1.089127772061950061e+01
1.905900000000000034e+02	3.100000000000000089e+00	1.008760000000000012e+01	9.535259999999999181e+00	1.092610677881090098e+01
1.942599999999999909e+02	3.100000000000000089e+00	1.029659999999999975e+01	9.743629999999999569e+00	1.099421551458831381e+01
1.970399999999999920e+02	3.100000000000000089e+00	1.044589999999999996e+01	9.893200000000000216e+00	1.104607863604245033e+01
1.998199999999999932e+02	3.100000000000000089e+00	1.059140000000000015e+01	1.003720000000000034e+01	1.109811330998852519e+01
2.025900000000000034e+02	3.100000000000000089e+00	1.073329999999999984e+01	1.017619999999999969e+01	1.114979545939516292e+01
2.053700000000000045e+02	3.100000000000000089e+00	1.086759999999999948e+01	1.031179999999999986e+01	1.120180170538845843e+01
2.109300000000000068e+02	3.100000000000000089e+00	1.112889999999999979e+01	1.057360000000000078e+01	1.130601835176690351e+01
2.164799999999999898e+02	3.100000000000000089e+00	1.137889999999999979e+01	1.082520000000000060e+01	1.141019333378754652e+01
2.220399999999999920e+02	3.100000000000000089e+00	1.162149999999999928e+01	1.106959999999999944e+01	1.151446794481047853e+01
2.275900000000000034e+02	3.100000000000000089e+00	1.185660000000000025e+01	1.130770000000000053e+01	1.161864873011331412e+01
2.331500000000000057e+02	3.100000000000000089e+00	1.208799999999999919e+01	1.154139999999999944e+01	1.172288529404846713e+01
2.387100000000000080e+02	3.100000000000000089e+00	1.231939999999999991e+01	1.177130000000000010e+01	1.182714967729453726e+01
2.442599999999999909e+02	3.100000000000000089e+00	1.254330000000000034e+01	1.199760000000000026e+01	1.193094412195316245e+01
2.498199999999999932e+02	3.100000000000000089e+00	1.276350000000000051e+01	1.222180000000000000e+01	1.203506714294454483e+01
2.553700000000000045e+02	3.100000000000000089e+00	1.298370000000000068e+01	1.244350000000000023e+01	1.213840461550989325e+01
2.609300000000000068e+02	3.100000000000000089e+00	1.320390000000000086e+01	1.266409999999999947e+01	1.224202428589411262e+01
2.664800000000000182e+02	3.100000000000000089e+00	1.342029999999999923e+01	1.288289999999999935e+01	1.234538392825493425e+01
2.720400000000000205e+02	3.100000000000000089e+00	1.363679999999999914e+01	1.310110000000000063e+01	1.244854473927481386e+01
2.775899999999999750e+02	3.100000000000000089e+00	1.385319999999999929e+01	1.331809999999999938e+01	1.255061511330718282e+01
2.831499999999999773e+02	3.100000000000000089e+00	1.406969999999999921e+01	1.353500000000000014e+01	1.265246392408601395e+01
1.831500000000000057e+02	3.450000000000000178e+00	9.218099999999999739e+00	8.671160000000000423e+00	1.079051482694264763e+01
1.859300000000000068e+02	3.450000000000000178e+00	9.471799999999999997e+00	8.935850000000000293e+00	1.084152450143462154e+01
1.887100000000000080e+02	3.450000000000000178e+00	9.695800000000000196e+00	9.155760000000000787e+00	1.089280753941651270e+01
1.905900000000000034e+02	3.450000000000000178e+00	9.848800000000000665e+00	9.289680000000000604e+00	1.092759453886619880e+01
1.942599999999999909e+02	3.450000000000000178e+00	1.008760000000000012e+01	9.528729999999999478e+00	1.099576899059335133e+01
1.970399999999999920e+02	3.450000000000000178e+00	1.025929999999999964e+01	9.695830000000000837e+00	1.104745608728176620e+01
1.998199999999999932e+02	3.450000000000000178e+00	1.041600000000000037e+01	9.854150000000000631e+00	1.109929158646783875e+01
2.025900000000000034e+02	3.450000000000000178e+00	1.056910000000000061e+01	1.000510000000000055e+01	1.115105651173655055e+01
2.053700000000000045e+02	3.450000000000000178e+00	1.071460000000000079e+01	1.015090000000000003e+01	1.120301087382327765e+01
2.109300000000000068e+02	3.450000000000000178e+00	1.099080000000000013e+01	1.042960000000000065e+01	1.130721617224834219e+01
2.164799999999999898e+02	3.450000000000000178e+00	1.125200000000000067e+01	1.069430000000000014e+01	1.141123691420291308e+01
2.220399999999999920e+02	3.450000000000000178e+00	1.150580000000000069e+01	1.094960000000000022e+01	1.151549485970710052e+01
2.275900000000000034e+02	3.450000000000000178e+00	1.174840000000000018e+01	1.119660000000000011e+01	1.161967272596220901e+01
2.331500000000000057e+02	3.450000000000000178e+00	1.198719999999999963e+01	1.143800000000000061e+01	1.172391300951954918e+01
2.387100000000000080e+02	3.450000000000000178e+00	1.222230000000000061e+01	1.167450000000000010e+01	1.182814722217326420e+01
2.442599999999999909e+02	3.450000000000000178e+00	1.245369999999999955e+01	1.190659999999999918e+01	1.193196104999596585e+01
2.498199999999999932e+02	3.450000000000000178e+00	1.267759999999999998e+01	1.213599999999999923e+01	1.203591719734825993e+01
2.553700000000000045e+02	3.450000000000000178e+00	1.290160000000000018e+01	1.236239999999999917e+01	1.213950147003334479e+01
2.609300000000000068e+02	3.450000000000000178e+00	1.312550000000000061e+01	1.258699999999999974e+01	1.224298910621052983e+01
2.664800000000000182e+02	3.450000000000000178e+00	1.334570000000000078e+01	1.280959999999999965e+01	1.234635780841035668e+01
2.720400000000000205e+02	3.450000000000000178e+00	1.356589999999999918e+01	1.303120000000000012e+01	1.244961709314347154e+01
2.775899999999999750e+02	3.450000000000000178e+00	1.378599999999999959e+01	1.325140000000000029e+01	1.255233905639786229e+01
2.831499999999999773e+02	3.450000000000000178e+00	1.400619999999999976e+01	1.347119999999999962e+01	1.265477275758630782e+01
1.859300000000000068e+02	3.790000000000000036e+00	9.035199999999999676e+00	8.516379999999999839e+00	1.084379367883704681e+01
1.887100000000000080e+02	3.790000000000000036e+00	9.378500000000000725e+00	8.831649999999999778e+00	1.089440402975849764e+01
1.905900000000000034e+02	3.790000000000000036e+00	9.565099999999999270e+00	9.003130000000000521e+00	1.092888825310566325e+01
1.942599999999999909e+02	3.790000000000000036e+00	9.852499999999999147e+00	9.290089999999999293e+00	1.099648758768277190e+01
1.970399999999999920e+02	3.790000000000000036e+00	1.004659999999999975e+01	9.481730000000000658e+00	1.104797301356850703e+01
1.998199999999999932e+02	3.790000000000000036e+00	1.022199999999999953e+01	9.658939999999999415e+00	1.109976470675290550e+01
2.025900000000000034e+02	3.790000000000000036e+00	1.038620000000000054e+01	9.824939999999999785e+00	1.115162903445949638e+01
2.053700000000000045e+02	3.790000000000000036e+00	1.054289999999999949e+01	9.983349999999999724e+00	1.120357516942652687e+01
2.109300000000000068e+02	3.790000000000000036e+00	1.084520000000000017e+01	1.028170000000000073e+01	1.130766387668039030e+01
2.164799999999999898e+02	3.790000000000000036e+00	1.112509999999999977e+01	1.056140000000000079e+01	1.141167199299249724e+01
2.220399999999999920e+02	3.790000000000000036e+00	1.138640000000000008e+01	1.082859999999999978e+01	1.151601967335955656e+01
2.275900000000000034e+02	3.790000000000000036e+00	1.164010000000000034e+01	1.108539999999999992e+01	1.162002563328082339e+01
2.331500000000000057e+02	3.790000000000000036e+00	1.189020000000000010e+01	1.133500000000000085e+01	1.172440902305998378e+01
2.387100000000000080e+02	3.790000000000000036e+00	1.213279999999999959e+01	1.157850000000000001e+01	1.182873704578713436e+01
2.442599999999999909e+02	3.790000000000000036e+00	1.236790000000000056e+01	1.181670000000000087e+01	1.193273231630891651e+01
2.498199999999999932e+02	3.790000000000000036e+00	1.259929999999999950e+01	1.205129999999999946e+01	1.203677767170806945e+01
2.553700000000000045e+02	3.790000000000000036e+00	1.283070000000000022e+01	1.228240000000000087e+01	1.214039051963691485e+01
2.609300000000000068e+02	3.790000000000000036e+00	1.305829999999999913e+01	1.251130000000000031e+01	1.224397374643253933e+01
2.664800000000000182e+02	3.790000000000000036e+00	1.328219999999999956e+01	1.273770000000000024e+01	1.234735147716232007e+01
2.720400000000000205e+02	3.790000000000000036e+00	1.350609999999999999e+01	1.296279999999999966e+01	1.245056884041358636e+01
2.775899999999999750e+02	3.790000000000000036e+00	1.373010000000000019e+01	1.318609999999999971e+01	1.255289203510563567e+01
2.831499999999999773e+02	3.790000000000000036e+00	1.395030000000000037e+01	1.340889999999999915e+01	1.265549972650817878e+01
1.887100000000000080e+02	4.139999999999999680e+00	8.889599999999999724e+00	8.340550000000000352e+00	1.089430799042197862e+01
1.905900000000000034e+02	4.139999999999999680e+00	9.173299999999999343e+00	8.615330000000000155e+00	1.092825329933022438e+01
1.942599999999999909e+02	4.139999999999999680e+00	9.553900000000000503e+00	8.997769999999999158e+00	1.099543539109289902e+01
1.970399999999999920e+02	4.139999999999999680e+00	9.792799999999999727e+00	9.229430000000000689e+00	1.104683380469215948e+01
1.998199999999999932e+02	4.139999999999999680e+00	9.998100000000000875e+00	9.434670000000000556e+00	1.109858204100620327e+01
2.025900000000000034e+02	4.139999999999999680e+00	1.018469999999999942e+01	9.621700000000000585e+00	1.115014875100300351e+01
2.053700000000000045e+02	4.139999999999999680e+00	1.036379999999999946e+01	9.796770000000000422e+00	1.120201314424067363e+01
2.109300000000000068e+02	4.139999999999999680e+00	1.068469999999999942e+01	1.012010000000000076e+01	1.130605364525224310e+01
2.164799999999999898e+02	4.139999999999999680e+00	1.098329999999999984e+01	1.041799999999999926e+01	1.140991333050036616e+01
2.220399999999999920e+02	4.139999999999999680e+00	1.126319999999999943e+01	1.069919999999999938e+01	1.151417664748526448e+01
2.275900000000000034e+02	4.139999999999999680e+00	1.152820000000000000e+01	1.096720000000000006e+01	1.161831378309238794e+01
2.331500000000000057e+02	4.139999999999999680e+00	1.178570000000000029e+01	1.122610000000000063e+01	1.172259355235048162e+01
2.387100000000000080e+02	4.139999999999999680e+00	1.203200000000000003e+01	1.147739999999999938e+01	1.182695317755884545e+01
2.442599999999999909e+02	4.139999999999999680e+00	1.227459999999999951e+01	1.172230000000000061e+01	1.193103908083357112e+01
2.498199999999999932e+02	4.139999999999999680e+00	1.251340000000000074e+01	1.196279999999999966e+01	1.203478336610874777e+01
2.553700000000000045e+02	4.139999999999999680e+00	1.274849999999999994e+01	1.219899999999999984e+01	1.213851828242263231e+01
2.609300000000000068e+02	4.139999999999999680e+00	1.297990000000000066e+01	1.243249999999999922e+01	1.224187356129258042e+01
2.664800000000000182e+02	4.139999999999999680e+00	1.321129999999999960e+01	1.266300000000000026e+01	1.234507772631956790e+01
2.720400000000000205e+02	4.139999999999999680e+00	1.343520000000000003e+01	1.289179999999999993e+01	1.244796461943722754e+01
2.775899999999999750e+02	4.139999999999999680e+00	1.365920000000000023e+01	1.311849999999999916e+01	1.255072061153824237e+01
2.831499999999999773e+02	4.139999999999999680e+00	1.388310000000000066e+01	1.334430000000000049e+01	1.265307770904818696e+01
1.905900000000000034e+02	4.309999999999999609e+00	8.923199999999999577e+00	8.354689999999999728e+00	1.092722053696473239e+01
1.942599999999999909e+02	4.309999999999999609e+00	9.382300000000000750e+00	8.829579999999999984e+00	1.099396235001186106e+01
1.970399999999999920e+02	4.309999999999999609e+00	9.639799999999999258e+00	9.090830000000000410e+00	1.104553859008480465e+01
1.998199999999999932e+02	4.309999999999999609e+00	9.863699999999999690e+00	9.314780000000000726e+00	1.109698896133677692e+01
2.025900000000000034e+02	4.309999999999999609e+00	1.006900000000000084e+01	9.514989999999999171e+00	1.114842829504809352e+01
2.053700000000000045e+02	4.309999999999999609e+00	1.025559999999999938e+01	9.700070000000000192e+00	1.120013437891634567e+01
2.109300000000000068e+02	4.309999999999999609e+00	1.059890000000000043e+01	1.003780000000000072e+01	1.130400567593403593e+01
2.164799999999999898e+02	4.309999999999999609e+00	1.090869999999999962e+01	1.034580000000000055e+01	1.140784579716721758e+01
2.220399999999999920e+02	4.309999999999999609e+00	1.119599999999999973e+01	1.063449999999999918e+01	1.151206847418339940e+01
2.275900000000000034e+02	4.309999999999999609e+00	1.146850000000000058e+01	1.090840000000000032e+01	1.161618302916719614e+01
2.331500000000000057e+02	4.309999999999999609e+00	1.173719999999999963e+01	1.117210000000000036e+01	1.172043794930040406e+01
2.387100000000000080e+02	4.309999999999999609e+00	1.198349999999999937e+01	1.142750000000000021e+01	1.182459298664558744e+01
2.442599999999999909e+02	4.309999999999999609e+00	1.222979999999999912e+01	1.167580000000000062e+01	1.192844896742703753e+01
2.498199999999999932e+02	4.309999999999999609e+00	1.247240000000000038e+01	1.191929999999999978e+01	1.203238574601099486e+01
2.553700000000000045e+02	4.309999999999999609e+00	1.270749999999999957e+01	1.215809999999999924e+01	1.213582491100083161e+01
2.609300000000000068e+02	4.309999999999999609e+00	1.294260000000000055e+01	1.239390000000000036e+01	1.223960856761133087e+01
2.664800000000000182e+02	4.309999999999999609e+00	1.317399999999999949e+01	1.262650000000000006e+01	1.234273357967339990e+01
2.720400000000000205e+02	4.309999999999999609e+00	1.340160000000000018e+01	1.285710000000000086e+01	1.244559898384903995e+01
2.775899999999999750e+02	4.309999999999999609e+00	1.362930000000000064e+01	1.308549999999999969e+01	1.254821645167326238e+01
2.831499999999999773e+02	4.309999999999999609e+00	1.385699999999999932e+01	1.331290000000000084e+01	1.265050216621217949e+01
