# Temperature (K)	Pressure (MPa)	Experimental(kg/m3)	NIST(kg/m3)	Model(kg/m3)
1.500000000000000000e+02	1.026000000000000023e+00	1.603999999999999915e+01	1.604870000000000019e+01	3.852517656458045536e+01
1.550000000000000000e+02	1.074400000000000022e+00	1.603999999999999915e+01	1.604289999999999949e+01	3.842547380906273702e+01
1.600000000000000000e+02	1.122200000000000086e+00	1.603999999999999915e+01	1.603819999999999979e+01	3.824052704749086473e+01
1.650000000000000000e+02	1.169599999999999973e+00	1.603999999999999915e+01	1.603509999999999991e+01	3.777410153300739637e+01
1.700000000000000000e+02	1.216499999999999915e+00	1.603999999999999915e+01	1.603020000000000067e+01	3.569614681706194403e+01
1.750000000000000000e+02	1.263200000000000101e+00	1.603999999999999915e+01	1.602730000000000032e+01	3.914333248060309245e+01
1.800000000000000000e+02	1.309600000000000097e+00	1.603999999999999915e+01	1.602420000000000044e+01	3.972187413381954002e+01
1.850000000000000000e+02	1.355900000000000105e+00	1.603999999999999915e+01	1.602309999999999945e+01	5.210044057224216374e+01
1.900000000000000000e+02	1.401999999999999913e+00	1.603999999999999915e+01	1.602220000000000155e+01	1.031058202125227155e+02
1.950000000000000000e+02	1.447899999999999965e+00	1.603999999999999915e+01	1.602100000000000080e+01	4.754901146000513279e+01
2.000000000000000000e+02	1.493700000000000028e+00	1.603999999999999915e+01	1.602070000000000149e+01	3.491925416379145020e+01
2.050000000000000000e+02	1.539400000000000102e+00	1.603999999999999915e+01	1.602090000000000103e+01	2.831694326885632051e+01
2.100000000000000000e+02	1.585099999999999953e+00	1.603999999999999915e+01	1.602250000000000085e+01	3.877869162112209978e+01
2.150000000000000000e+02	1.630600000000000049e+00	1.603999999999999915e+01	1.602309999999999945e+01	4.007524588699227053e+01
2.200000000000000000e+02	1.676099999999999923e+00	1.603999999999999915e+01	1.602469999999999928e+01	3.476709862551915364e+01
2.250000000000000000e+02	1.721500000000000030e+00	1.603999999999999915e+01	1.602619999999999933e+01	5.082695045445588988e+01
2.300000000000000000e+02	1.766799999999999926e+00	1.603999999999999915e+01	1.602749999999999986e+01	4.447857136657071209e+01
2.350000000000000000e+02	1.812000000000000055e+00	1.603999999999999915e+01	1.602860000000000085e+01	3.555990749711810395e+01
2.400000000000000000e+02	1.857199999999999962e+00	1.603999999999999915e+01	1.603020000000000067e+01	3.540193720725660853e+01
2.450000000000000000e+02	1.902300000000000102e+00	1.603999999999999915e+01	1.603150000000000119e+01	2.645207815579342991e+01
2.500000000000000000e+02	1.947400000000000020e+00	1.603999999999999915e+01	1.603320000000000078e+01	2.544314067501273868e+01
2.550000000000000000e+02	1.992399999999999949e+00	1.603999999999999915e+01	1.603450000000000131e+01	2.781099862051208405e+01
2.600000000000000000e+02	2.037300000000000111e+00	1.603999999999999915e+01	1.603539999999999921e+01	3.208000000000000540e+01
2.650000000000000000e+02	2.082199999999999829e+00	1.603999999999999915e+01	1.603659999999999997e+01	2.825379456401718770e+01
2.700000000000000000e+02	2.127099999999999991e+00	1.603999999999999915e+01	1.603819999999999979e+01	2.268752901526373833e+01
1.700000000000000000e+02	2.061599999999999877e+00	3.207999999999999829e+01	3.195260000000000034e+01	2.295507987489600410e+01
1.750000000000000000e+02	2.166300000000000114e+00	3.207999999999999829e+01	3.194760000000000133e+01	3.662183896158469310e+01
1.800000000000000000e+02	2.269699999999999829e+00	3.207999999999999829e+01	3.194729999999999848e+01	3.708645397323900994e+01
1.950000000000000000e+02	2.574500000000000011e+00	3.207999999999999829e+01	3.195789999999999864e+01	4.608703029567219289e+01
2.000000000000000000e+02	2.674799999999999844e+00	3.207999999999999829e+01	3.196409999999999840e+01	4.070680788542446749e+01
2.050000000000000000e+02	2.774599999999999955e+00	3.207999999999999829e+01	3.197100000000000009e+01	3.903209634701320851e+01
2.100000000000000000e+02	2.873899999999999899e+00	3.207999999999999829e+01	3.197769999999999868e+01	3.266294114581765484e+01
2.150000000000000000e+02	2.972900000000000098e+00	3.207999999999999829e+01	3.198610000000000042e+01	3.653127933471931499e+01
2.200000000000000000e+02	3.071499999999999897e+00	3.207999999999999829e+01	3.199409999999999954e+01	3.585571296464110702e+01
2.250000000000000000e+02	3.169799999999999951e+00	3.207999999999999829e+01	3.200249999999999773e+01	3.620174398929524529e+01
2.300000000000000000e+02	3.267700000000000049e+00	3.207999999999999829e+01	3.200959999999999894e+01	3.410471973226658093e+01
2.350000000000000000e+02	3.365400000000000169e+00	3.207999999999999829e+01	3.201740000000000208e+01	3.103474306169582064e+01
2.400000000000000000e+02	3.462899999999999867e+00	3.207999999999999829e+01	3.202570000000000050e+01	3.051177255679501243e+01
2.450000000000000000e+02	3.560099999999999820e+00	3.207999999999999829e+01	3.203289999999999793e+01	2.281298129419858967e+01
2.500000000000000000e+02	3.657000000000000028e+00	3.207999999999999829e+01	3.203920000000000101e+01	2.202083268539355032e+01
2.550000000000000000e+02	3.753699999999999815e+00	3.207999999999999829e+01	3.204520000000000124e+01	1.966293270516511527e+01
2.600000000000000000e+02	3.850200000000000067e+00	3.207999999999999829e+01	3.205089999999999861e+01	1.995917195050087756e+01
2.650000000000000000e+02	3.946499999999999897e+00	3.207999999999999829e+01	3.205630000000000024e+01	2.019209395395434470e+01
2.700000000000000000e+02	4.042600000000000193e+00	3.207999999999999829e+01	3.206110000000000326e+01	2.433692117220939366e+01
1.725269999999999868e+02	2.466000000000000192e+00	4.105117200000000111e+01	4.095879999999999654e+01	2.821507514939774097e+01
1.746910000000000025e+02	2.528300000000000214e+00	4.105117200000000111e+01	4.096659999999999968e+01	3.117284987535714791e+01
1.772030000000000030e+02	2.599400000000000155e+00	4.120034400000000119e+01	4.096410000000000196e+01	3.738061781297951569e+01
1.831759999999999877e+02	2.766599999999999948e+00	4.119071999999999889e+01	4.097879999999999967e+01	4.650748011462491860e+01
1.905320000000000107e+02	2.967600000000000016e+00	4.102550800000000208e+01	4.096990000000000265e+01	1.667156237460317527e+02
1.918489999999999895e+02	3.003800000000000026e+00	4.101107199999999864e+01	4.097979999999999734e+01	7.859173317916854273e+01
2.030840000000000032e+02	3.304800000000000182e+00	4.099022000000000077e+01	4.097299999999999898e+01	4.212117607800886532e+01
2.130409999999999968e+02	3.567200000000000149e+00	4.097097200000000328e+01	4.096309999999999718e+01	3.769653288489324439e+01
2.178640000000000043e+02	3.693099999999999827e+00	4.256534799999999308e+01	4.095729999999999649e+01	3.677208328082234345e+01
2.238309999999999889e+02	3.846099999999999852e+00	4.095011999999999119e+01	4.092499999999999716e+01	3.706377900407681381e+01
2.335459999999999923e+02	4.099000000000000199e+00	4.253487200000000001e+01	4.094729999999999848e+01	2.933576122560075206e+01
2.397969999999999970e+02	4.259000000000000341e+00	4.092124799999999851e+01	4.093930000000000291e+01	2.772733504867000320e+01
1.904290000000000020e+02	4.472000000000000419e+00	1.037306800000000067e+02	1.018050000000000068e+02	6.590164609234297188e+01
1.905320000000000107e+02	4.481399999999999828e+00	1.037563439999999986e+02	1.018569999999999993e+02	6.636971075575962686e+01
1.900519999999999925e+02	4.498899999999999899e+00	1.160157159999999976e+02	1.136479999999999961e+02	6.755977393356059224e+01
1.905320000000000107e+02	4.549299999999999677e+00	1.160461920000000049e+02	1.141440000000000055e+02	6.666308584856589903e+01
1.900320000000000107e+02	4.523600000000000065e+00	2.031963240000000042e+02	2.003029999999999973e+02	6.760104732322825782e+01
1.905320000000000107e+02	4.023900000000000254e+00	2.064043240000000026e+02	7.072990000000000066e+01	6.356298038263317807e+01
1.900320000000000107e+02	4.024000000000000021e+00	2.206221799999999860e+02	7.192310000000000514e+01	6.509176783254223153e+01
1.910320000000000107e+02	4.352299999999999613e+00	2.206125560000000121e+02	8.639770000000000039e+01	6.858999346055696833e+01
2.731499999999999773e+02	1.637599999999999945e+00	1.202999999999999936e+01	1.203190000000000026e+01	1.556878692694030164e+01
2.981419999999999959e+02	1.802000000000000046e+00	1.202999999999999936e+01	1.203250000000000064e+01	1.478339016714194010e+01
3.031429999999999723e+02	1.834699999999999998e+00	1.202999999999999936e+01	1.203170000000000073e+01	1.801595926200129583e+01
3.231399999999999864e+02	1.965600000000000014e+00	1.202999999999999936e+01	1.203059999999999974e+01	1.680846646958645607e+01
3.981429999999999723e+02	2.129199999999999982e+00	1.202999999999999936e+01	1.041799999999999926e+01	1.299895438117983382e+01
3.731499999999999773e+02	2.292499999999999982e+00	1.202999999999999936e+01	1.203069999999999951e+01	1.503214983874062405e+01
3.981600000000000250e+02	2.455700000000000216e+00	1.202999999999999936e+01	1.203120000000000012e+01	1.225331298072463504e+01
2.731499999999999773e+02	2.155800000000000161e+00	1.603999999999999915e+01	1.604250000000000043e+01	1.846114688027158479e+01
2.981419999999999959e+02	2.378600000000000048e+00	1.603999999999999915e+01	1.604240000000000066e+01	1.359366767320615921e+01
3.031429999999999723e+02	2.423200000000000021e+00	1.603999999999999915e+01	1.604319999999999879e+01	1.256157247166900248e+01
3.231399999999999864e+02	2.600600000000000023e+00	1.603999999999999915e+01	1.604189999999999827e+01	1.607838547940517415e+01
3.481429999999999723e+02	2.822099999999999831e+00	1.603999999999999915e+01	1.604179999999999851e+01	1.687746118717782551e+01
3.731499999999999773e+02	3.043099999999999916e+00	1.603999999999999915e+01	1.604149999999999920e+01	1.602824955914315197e+01
3.981600000000000250e+02	3.263700000000000045e+00	1.603999999999999915e+01	1.604110000000000014e+01	1.272131810782165928e+01
2.731499999999999773e+02	3.153900000000000148e+00	2.405999999999999872e+01	2.406180000000000163e+01	1.928230816304365547e+01
2.981419999999999959e+02	3.499299999999999855e+00	2.405999999999999872e+01	2.406200000000000117e+01	1.956372366904854232e+01
3.031429999999999723e+02	3.568499999999999783e+00	2.405999999999999872e+01	2.406419999999999959e+01	1.326999720449462394e+01
3.231399999999999864e+02	3.842699999999999783e+00	2.405999999999999872e+01	2.405969999999999942e+01	2.212604371733179320e+01
3.481429999999999723e+02	4.185200000000000031e+00	2.405999999999999872e+01	2.405999999999999872e+01	1.928955839297049124e+01
3.731499999999999773e+02	4.526699999999999946e+00	2.405999999999999872e+01	2.406019999999999825e+01	1.525568729379492261e+01
2.731499999999999773e+02	4.105299999999999727e+00	3.207999999999999829e+01	3.208330000000000126e+01	2.979122558178335112e+01
2.030840000000000032e+02	1.013000000000000012e-01	9.688160000000000105e-01	9.683640000000000025e-01	2.777929153952390351e+01
2.232489999999999952e+02	1.013000000000000012e-01	8.805959999999998233e-01	8.795439999999999925e-01	4.318801134049549972e+01
2.481750000000000114e+02	1.013000000000000012e-01	7.907719999999999194e-01	7.901730000000000143e-01	2.447022087399832202e+01
2.731499999999999773e+02	1.013000000000000012e-01	7.169879999999998477e-01	7.172809999999999464e-01	1.660055912689748681e+01
2.981419999999999959e+02	1.013000000000000012e-01	6.560359999999999525e-01	6.567370000000000152e-01	1.689774815783959383e+01
3.231399999999999864e+02	1.013000000000000012e-01	6.063119999999999621e-01	6.056519999999999682e-01	1.789152062123651277e+01
3.731499999999999773e+02	1.013000000000000012e-01	5.245079999999999742e-01	5.241639999999999633e-01	1.427448260325529183e+01
4.231700000000000159e+02	1.013000000000000012e-01	4.619519999999999738e-01	4.620409999999999795e-01	1.376051696585735407e+01
4.731929999999999836e+02	1.013000000000000012e-01	4.138319999999999776e-01	4.131050000000000000e-01	1.335658589681936803e+01
2.030840000000000032e+02	2.026499999999999968e+00	2.216407200000000088e+01	2.220759999999999934e+01	3.892394665559650235e+01
2.232489999999999952e+02	2.026499999999999968e+00	1.938273600000000130e+01	1.937509999999999977e+01	4.222455902163011388e+01
2.981419999999999959e+02	2.026499999999999968e+00	1.360031599999999941e+01	1.358440000000000047e+01	1.443327314394896810e+01
2.030840000000000032e+02	3.039699999999999847e+00	3.641240400000000221e+01	3.661659999999999826e+01	4.043405936232110065e+01
2.232489999999999952e+02	3.039699999999999847e+00	3.078236400000000117e+01	3.083790000000000120e+01	3.097965144756494738e+01
2.481750000000000114e+02	3.039699999999999847e+00	2.629918400000000034e+01	2.629240000000000066e+01	2.023310091803580946e+01
2.731499999999999773e+02	3.039699999999999847e+00	2.313288800000000123e+01	2.312399999999999878e+01	2.253883653136505671e+01
3.231399999999999864e+02	3.039699999999999847e+00	1.885822800000000043e+01	1.885060000000000002e+01	1.781597301828309554e+01
3.731499999999999773e+02	3.039699999999999847e+00	1.604641599999999713e+01	1.602329999999999899e+01	1.602228199300579803e+01
4.231700000000000159e+02	3.039699999999999847e+00	1.400131599999999921e+01	1.398049999999999926e+01	4.332454341732795200e+00
2.731929999999999836e+02	3.039699999999999847e+00	1.243099999999999916e+01	2.311939999999999884e+01	2.246383692182727287e+01
2.030840000000000032e+02	4.052999999999999936e+00	5.471725200000000200e+01	5.522160000000000224e+01	4.483114809817202939e+01
2.232489999999999952e+02	4.052999999999999936e+00	4.382769600000000310e+01	4.397059999999999746e+01	3.530466735036739578e+01
2.481750000000000114e+02	4.052999999999999936e+00	3.644608800000000315e+01	3.646920000000000073e+01	2.169448073593211035e+01
2.731499999999999773e+02	4.052999999999999936e+00	3.165333599999999947e+01	3.163250000000000028e+01	3.088530420032342860e+01
2.981419999999999959e+02	4.052999999999999936e+00	2.813576400000000177e+01	2.813459999999999894e+01	1.815630618178896682e+01
3.231399999999999864e+02	4.052999999999999936e+00	2.542821199999999493e+01	2.543919999999999959e+01	2.093912769838014398e+01
1.760000000000000000e+02	2.796199999999999797e+00	4.804621600000000115e+01	4.800269999999999726e+01	3.454442437906008223e+01
1.800000000000000000e+02	2.933499999999999996e+00	4.801734400000000136e+01	4.797699999999999676e+01	3.342080536174675132e+01
1.840000000000000000e+02	3.068299999999999805e+00	4.798847200000000157e+01	4.795929999999999893e+01	5.062122213276717275e+01
1.880000000000000000e+02	3.200800000000000090e+00	4.796120400000000217e+01	4.793549999999999756e+01	1.026854646881517539e+02
1.920000000000000000e+02	3.331599999999999895e+00	4.793233200000000238e+01	4.791109999999999758e+01	7.649322415168380473e+01
1.960000000000000000e+02	3.460999999999999854e+00	4.790346000000000259e+01	4.788649999999999807e+01	5.602916462928202890e+01
2.000000000000000000e+02	3.588999999999999968e+00	4.787298400000000242e+01	4.785810000000000031e+01	4.528753302451401908e+01
2.040000000000000000e+02	3.715800000000000214e+00	4.784892399999999668e+01	4.782750000000000057e+01	4.784384199477819521e+01
2.080000000000000000e+02	3.841699999999999893e+00	4.782005199999999689e+01	4.779849999999999710e+01	3.097815479872052791e+01
2.120000000000000000e+02	3.966499999999999915e+00	4.779278399999999749e+01	4.776610000000000156e+01	3.145309667747212856e+01
2.160000000000000000e+02	4.090700000000000003e+00	4.776551599999999098e+01	4.773769999999999669e+01	3.502439842041761153e+01
2.200000000000000000e+02	4.214199999999999946e+00	4.773664399999999830e+01	4.771009999999999707e+01	3.280606494514358928e+01
2.250000000000000000e+02	4.367300000000000182e+00	4.770135599999998988e+01	4.767150000000000176e+01	3.436482077374937205e+01
2.303000000000000114e+02	4.519599999999999618e+00	4.766606799999998856e+01	4.751149999999999807e+01	2.905152693297212707e+01
1.840000000000000000e+02	3.515600000000000058e+00	6.381032799999999838e+01	6.318719999999999715e+01	4.316727050182176129e+01
1.880000000000000000e+02	3.709600000000000009e+00	6.376862400000000264e+01	6.331289999999999907e+01	1.032690869550543340e+02
1.920000000000000000e+02	3.898899999999999810e+00	6.372691999999999268e+01	6.336800000000000210e+01	1.059998017564689547e+02
1.960000000000000000e+02	4.089999999999999858e+00	6.368681999999999022e+01	6.354110000000000014e+01	4.121245932025738057e+01
2.000000000000000000e+02	4.275000000000000355e+00	6.365153200000000311e+01	6.357350000000000279e+01	4.096870669507796947e+01
2.040000000000000000e+02	4.455599999999999561e+00	6.360501599999999200e+01	6.353430000000000177e+01	4.479170392151764446e+01
1.920000000000000000e+02	4.277000000000000135e+00	7.902747599999997874e+01	7.842560000000000286e+01	1.230451389348340001e+02
1.960000000000000000e+02	4.522100000000000009e+00	7.897454399999999453e+01	7.848990000000000578e+01	4.010798018637003537e+01
1.920000000000000000e+02	4.537099999999999689e+00	9.540271199999997975e+01	9.493280000000000030e+01	1.141103625308207228e+02
2.250000000000000000e+02	9.966000000000000414e-01	9.484131200000000206e+01	8.947839999999999350e+00	1.815603646143626548e+01
