# Temperature (K)	Pressure (MPa)	Experimental(m/s)	NIST(m/s)	Model(m/s)
1.908499999999999943e+02	4.589999999999999858e+00	2.485999999999999943e+02	2.492189999999999941e+02	2.150904133333329753e+02
1.908499999999999943e+02	4.620000000000000107e+00	2.397899999999999920e+02	2.410289999999999964e+02	2.150904133333329753e+02
1.908499999999999943e+02	4.629999999999999893e+00	2.288700000000000045e+02	2.346479999999999961e+02	2.150904133333329753e+02
1.908499999999999943e+02	4.639999999999999680e+00	2.157700000000000102e+02	2.133870000000000005e+02	2.150904133333329753e+02
1.908499999999999943e+02	4.639999999999999680e+00	2.050600000000000023e+02	2.133870000000000005e+02	2.150904133333329753e+02
1.908499999999999943e+02	4.639999999999999680e+00	2.044399999999999977e+02	2.133870000000000005e+02	2.150904133333329753e+02
1.908499999999999943e+02	4.639999999999999680e+00	2.050900000000000034e+02	2.133870000000000005e+02	2.150904133333329753e+02
1.908499999999999943e+02	4.650000000000000355e+00	2.128799999999999955e+02	2.324900000000000091e+02	2.150904133333329753e+02
1.908499999999999943e+02	4.650000000000000355e+00	2.258700000000000045e+02	2.324900000000000091e+02	2.150904133333329753e+02
1.906299999999999955e+02	4.559999999999999609e+00	2.473499999999999943e+02	2.496289999999999907e+02	2.212101422222216343e+02
1.906299999999999955e+02	4.610000000000000320e+00	2.040900000000000034e+02	2.134199999999999875e+02	2.150904133333329753e+02
1.906299999999999955e+02	4.610000000000000320e+00	1.912599999999999909e+02	2.134199999999999875e+02	2.150904133333329753e+02
1.906299999999999955e+02	4.610000000000000320e+00	1.951599999999999966e+02	2.134199999999999875e+02	2.150904133333329753e+02
1.906299999999999955e+02	4.610000000000000320e+00	1.955399999999999920e+02	2.134199999999999875e+02	2.150904133333329753e+02
1.906299999999999955e+02	4.610000000000000320e+00	2.058700000000000045e+02	2.134199999999999875e+02	2.150904133333329753e+02
1.906299999999999955e+02	4.610000000000000320e+00	2.190500000000000114e+02	2.134199999999999875e+02	2.150904133333329753e+02
1.905600000000000023e+02	4.559999999999999609e+00	2.469300000000000068e+02	2.479869999999999948e+02	2.212101422222216343e+02
1.905600000000000023e+02	4.580000000000000071e+00	2.369600000000000080e+02	2.424559999999999889e+02	2.150904133333329753e+02
1.905000000000000000e+02	4.549999999999999822e+00	2.465699999999999932e+02	2.484960000000000093e+02	2.248804422222216033e+02
1.905000000000000000e+02	4.580000000000000071e+00	2.362899999999999920e+02	2.387239999999999895e+02	2.150904133333329753e+02
1.904300000000000068e+02	4.570000000000000284e+00	2.355200000000000102e+02	2.394970000000000141e+02	2.150904133333329753e+02
1.904300000000000068e+02	4.580000000000000071e+00	2.183000000000000114e+02	2.207160000000000082e+02	2.150904133333329753e+02
1.902500000000000000e+02	4.549999999999999822e+00	2.332299999999999898e+02	2.379230000000000018e+02	2.293276354761897551e+02
1.904300000000000068e+02	4.580000000000000071e+00	2.068300000000000125e+02	2.207160000000000082e+02	2.150904133333329753e+02
1.903700000000000045e+02	4.570000000000000284e+00	2.157700000000000102e+02	2.322050000000000125e+02	2.150904133333329753e+02
1.903499999999999943e+02	4.570000000000000284e+00	2.155900000000000034e+02	2.328830000000000098e+02	2.150904133333329753e+02
1.902500000000000000e+02	4.559999999999999609e+00	2.208300000000000125e+02	2.478549999999999898e+02	2.262665976984120846e+02
1.895000000000000000e+02	4.450000000000000178e+00	2.392899999999999920e+02	2.755649999999999977e+02	2.905780666666653360e+02
1.894000000000000057e+02	4.440000000000000391e+00	2.391100000000000136e+02	2.824959999999999809e+02	2.905780666666653360e+02
1.881500000000000057e+02	4.269999999999999574e+00	2.482299999999999898e+02	3.222629999999999768e+02	3.130853566666659162e+02
1.859000000000000057e+02	3.970000000000000195e+00	2.560000000000000000e+02	2.565160000000000196e+02	3.931872333333350298e+02
1.815500000000000114e+02	3.450000000000000178e+00	2.647400000000000091e+02	2.642629999999999768e+02	4.459276666666664255e+02
1.813000000000000114e+02	3.430000000000000160e+00	2.647799999999999727e+02	4.733910000000000196e+02	5.063009999999975435e+02
1.782500000000000000e+02	3.100000000000000089e+00	2.690199999999999818e+02	5.276849999999999454e+02	5.399751333333315415e+02
1.780500000000000114e+02	3.080000000000000071e+00	2.691299999999999955e+02	5.311530000000000200e+02	5.399751333333315415e+02
1.685500000000000114e+02	2.209999999999999964e+00	2.783199999999999932e+02	6.786000000000000227e+02	6.624535666666643010e+02
1.631500000000000057e+02	1.800000000000000044e+00	2.818899999999999864e+02	2.815210000000000150e+02	7.561530000000029759e+02
1.626500000000000057e+02	1.729999999999999982e+00	2.838100000000000023e+02	2.834010000000000105e+02	7.586320000000017671e+02
1.614499999999999886e+02	1.689999999999999947e+00	2.827699999999999818e+02	7.764539999999999509e+02	7.992869999999962829e+02
1.531500000000000057e+02	1.199999999999999956e+00	2.857900000000000205e+02	8.825000000000000000e+02	8.623170000000004620e+02
1.506500000000000057e+02	1.070000000000000062e+00	2.862599999999999909e+02	2.859110000000000014e+02	9.256559999999991533e+02
1.481500000000000057e+02	9.599999999999999645e-01	2.865699999999999932e+02	9.431219999999999573e+02	9.431395666666659281e+02
1.904300000000000068e+02	4.580000000000000071e+00	2.090600000000000023e+02	2.207160000000000082e+02	2.151081030952388744e+02
1.904300000000000068e+02	4.580000000000000071e+00	2.177299999999999898e+02	2.207160000000000082e+02	2.151081030952388744e+02
1.902500000000000000e+02	4.559999999999999609e+00	2.244499999999999886e+02	2.478549999999999898e+02	2.261601333333342438e+02
1.902500000000000000e+02	4.559999999999999609e+00	2.271299999999999955e+02	2.478549999999999898e+02	2.261601333333342438e+02
1.881500000000000057e+02	4.269999999999999574e+00	3.141200000000000045e+02	3.222629999999999768e+02	2.471768666666671379e+02
1.881500000000000057e+02	4.269999999999999574e+00	3.141800000000000068e+02	3.222629999999999768e+02	2.471768666666671379e+02
1.859099999999999966e+02	3.979999999999999982e+00	3.742400000000000091e+02	3.790960000000000036e+02	3.208344333333334930e+02
1.781500000000000057e+02	3.089999999999999858e+00	5.283700000000000045e+02	5.294220000000000255e+02	3.077907666666670252e+02
1.707500000000000000e+02	2.390000000000000124e+00	6.464700000000000273e+02	2.761299999999999955e+02	6.432688666666642803e+02
1.631500000000000057e+02	1.800000000000000044e+00	7.541000000000000227e+02	2.815210000000000150e+02	4.331294333333324289e+02
1.531500000000000057e+02	1.199999999999999956e+00	8.827799999999999727e+02	8.825000000000000000e+02	8.623170000000004620e+02
1.250900000000000034e+02	2.700000000000000178e-01	1.200309999999999945e+03	2.808220000000000027e+02	1.201363999999997759e+03
1.500000000000000000e+02	4.000000000000000000e+00	9.807000000000000455e+02	9.806230000000000473e+02	9.788946666666669216e+02
1.500000000000000000e+02	3.810000000000000053e+00	9.772000000000000455e+02	9.770900000000000318e+02	9.749446666666669898e+02
1.500000000000000000e+02	3.620000000000000107e+00	9.735000000000000000e+02	9.735209999999999582e+02	9.749446666666669898e+02
1.500000000000000000e+02	3.419999999999999929e+00	9.700000000000000000e+02	9.697240000000000464e+02	9.703203333333337923e+02
1.500000000000000000e+02	3.220000000000000195e+00	9.657000000000000455e+02	9.658840000000000146e+02	9.703203333333337923e+02
1.500000000000000000e+02	3.020000000000000018e+00	9.622999999999999545e+02	9.620000000000000000e+02	9.660840000000008558e+02
1.500000000000000000e+02	2.830000000000000071e+00	9.581000000000000227e+02	9.582680000000000291e+02	9.533313333333334185e+02
1.500000000000000000e+02	2.629999999999999893e+00	9.545000000000000000e+02	9.542939999999999827e+02	9.533313333333334185e+02
1.500000000000000000e+02	2.439999999999999947e+00	9.505000000000000000e+02	9.504740000000000464e+02	9.491843333333332566e+02
1.500000000000000000e+02	2.240000000000000213e+00	9.462999999999999545e+02	9.464039999999999964e+02	9.405699999999998226e+02
1.500000000000000000e+02	2.040000000000000036e+00	9.421000000000000227e+02	9.422839999999999918e+02	9.371449999999991860e+02
1.500000000000000000e+02	1.850000000000000089e+00	9.382999999999999545e+02	9.383200000000000500e+02	9.333556666666655701e+02
1.500000000000000000e+02	1.659999999999999920e+00	9.342000000000000455e+02	9.343070000000000164e+02	9.313013333333321953e+02
1.550000000000000000e+02	4.000000000000000000e+00	9.225000000000000000e+02	9.222400000000000091e+02	9.200573333333340997e+02
1.550000000000000000e+02	3.810000000000000053e+00	9.182999999999999545e+02	9.182140000000000555e+02	9.179203333333335877e+02
1.550000000000000000e+02	3.609999999999999876e+00	9.143999999999999773e+02	9.139220000000000255e+02	9.179203333333335877e+02
1.550000000000000000e+02	3.419999999999999929e+00	9.098999999999999773e+02	9.097910000000000537e+02	9.114816666666662286e+02
1.550000000000000000e+02	3.220000000000000195e+00	9.057999999999999545e+02	9.053840000000000146e+02	9.114816666666662286e+02
1.550000000000000000e+02	3.020000000000000018e+00	9.012999999999999545e+02	9.009139999999999873e+02	9.089273333333329674e+02
1.550000000000000000e+02	2.830000000000000071e+00	8.967999999999999545e+02	8.966090000000000373e+02	8.940679999999981646e+02
1.550000000000000000e+02	2.629999999999999893e+00	8.922000000000000455e+02	8.920109999999999673e+02	8.940679999999981646e+02
1.550000000000000000e+02	2.439999999999999947e+00	8.877000000000000455e+02	8.875789999999999509e+02	8.758493333333314013e+02
1.550000000000000000e+02	2.240000000000000213e+00	8.830000000000000000e+02	8.828429999999999609e+02	8.738223333333312439e+02
1.550000000000000000e+02	2.049999999999999822e+00	8.782999999999999545e+02	8.782749999999999773e+02	8.735599999999989222e+02
1.600000000000000000e+02	4.000000000000000000e+00	8.612000000000000455e+02	8.609080000000000155e+02	6.751322800000009465e+02
1.600000000000000000e+02	3.979999999999999982e+00	8.611000000000000227e+02	8.604210000000000491e+02	6.742532800000013822e+02
1.600000000000000000e+02	3.810000000000000053e+00	8.565000000000000000e+02	8.562450000000000045e+02	6.740396133333341595e+02
1.600000000000000000e+02	3.790000000000000036e+00	8.563999999999999773e+02	8.557500000000000000e+02	6.745069300000009207e+02
1.600000000000000000e+02	3.620000000000000107e+00	8.522000000000000455e+02	8.515090000000000146e+02	6.722975966666666636e+02
1.600000000000000000e+02	3.609999999999999876e+00	8.518999999999999773e+02	8.512580000000000382e+02	6.714215966666665736e+02
1.600000000000000000e+02	3.589999999999999858e+00	8.512999999999999545e+02	8.507540000000000191e+02	6.713572633333332078e+02
1.600000000000000000e+02	3.419999999999999929e+00	8.472999999999999545e+02	8.464410000000000309e+02	6.648535299999999779e+02
1.600000000000000000e+02	3.229999999999999982e+00	8.422999999999999545e+02	8.415449999999999591e+02	6.587678522222212223e+02
1.600000000000000000e+02	3.029999999999999805e+00	8.370000000000000000e+02	8.363010000000000446e+02	6.507309883333336984e+02
1.600000000000000000e+02	2.830000000000000071e+00	8.312999999999999545e+02	8.309610000000000127e+02	6.471183216666669296e+02
1.600000000000000000e+02	2.609999999999999876e+00	8.253999999999999773e+02	8.249690000000000509e+02	6.428436550000009220e+02
1.600000000000000000e+02	2.430000000000000160e+00	8.203999999999999773e+02	8.199710000000000036e+02	6.359259883333344305e+02
1.600000000000000000e+02	2.240000000000000213e+00	8.147999999999999545e+02	8.145960000000000036e+02	6.100609216666678094e+02
1.600000000000000000e+02	2.040000000000000036e+00	8.090000000000000000e+02	8.088239999999999554e+02	5.899343849999995655e+02
1.600000000000000000e+02	1.850000000000000089e+00	8.033999999999999773e+02	8.032250000000000227e+02	4.570456103968255661e+02
1.600000000000000000e+02	1.739999999999999991e+00	7.997999999999999545e+02	7.999299999999999500e+02	3.134220416666661890e+02
1.600000000000000000e+02	1.659999999999999920e+00	7.972999999999999545e+02	7.975080000000000382e+02	3.184826194444444241e+02
1.500000000000000000e+02	1.459999999999999964e+00	9.300000000000000000e+02	9.300270000000000437e+02	8.780140511111135311e+02
1.500000000000000000e+02	1.260000000000000009e+00	9.257999999999999545e+02	9.256889999999999645e+02	6.696856261111122421e+02
1.500000000000000000e+02	1.070000000000000062e+00	9.215000000000000000e+02	9.215119999999999436e+02	4.828670677777780611e+02
1.550000000000000000e+02	1.850000000000000089e+00	8.733999999999999773e+02	8.733890000000000100e+02	8.546851277777764153e+02
1.550000000000000000e+02	1.659999999999999920e+00	8.685000000000000000e+02	8.686730000000000018e+02	7.999615499999989652e+02
1.550000000000000000e+02	1.459999999999999964e+00	8.637000000000000455e+02	8.636250000000000000e+02	8.105975599999990209e+02
1.550000000000000000e+02	1.260000000000000009e+00	8.585000000000000000e+02	2.864470000000000027e+02	6.342798880555552614e+02
1.630000000000000000e+02	4.000000000000000000e+00	8.232999999999999545e+02	8.223269999999999982e+02	6.834366466666690485e+02
1.630000000000000000e+02	3.810000000000000053e+00	8.180000000000000000e+02	8.171810000000000400e+02	6.848709800000025325e+02
1.630000000000000000e+02	3.609999999999999876e+00	8.127000000000000455e+02	8.116630000000000109e+02	6.834982966666684661e+02
1.630000000000000000e+02	3.419999999999999929e+00	8.072999999999999545e+02	8.063189999999999600e+02	6.776895188888908024e+02
1.630000000000000000e+02	3.220000000000000195e+00	8.015000000000000000e+02	8.005819999999999936e+02	6.702631744444444166e+02
1.630000000000000000e+02	3.020000000000000018e+00	7.955000000000000000e+02	7.947229999999999563e+02	6.583961355555576347e+02
1.630000000000000000e+02	2.830000000000000071e+00	7.896000000000000227e+02	7.890389999999999873e+02	6.562224688888908304e+02
1.630000000000000000e+02	7.629999999999999893e+00	7.837000000000000455e+02	9.069560000000000173e+02	7.434947499999990441e+02
1.630000000000000000e+02	2.439999999999999947e+00	7.772999999999999545e+02	7.769829999999999472e+02	6.458765355555570977e+02
1.630000000000000000e+02	7.240000000000000213e+00	7.712000000000000455e+02	8.988590000000000373e+02	6.724434111111125958e+02
1.630000000000000000e+02	2.049999999999999822e+00	7.647000000000000455e+02	7.643479999999999563e+02	6.124795238888899576e+02
1.630000000000000000e+02	1.850000000000000089e+00	7.578999999999999773e+02	7.576200000000000045e+02	5.008858338888894650e+02
1.630000000000000000e+02	1.790000000000000036e+00	7.557000000000000455e+02	2.815849999999999795e+02	4.742506255555560415e+02
1.670000000000000000e+02	4.000000000000000000e+00	7.695000000000000000e+02	7.682229999999999563e+02	7.537190000000027794e+02
1.670000000000000000e+02	3.799999999999999822e+00	7.631000000000000227e+02	7.619379999999999882e+02	7.455289666666683388e+02
1.670000000000000000e+02	3.620000000000000107e+00	7.572000000000000455e+02	7.561509999999999536e+02	7.443783000000020138e+02
1.670000000000000000e+02	3.490000000000000213e+00	7.528999999999999773e+02	7.518920000000000528e+02	7.403433666666677482e+02
1.670000000000000000e+02	3.419999999999999929e+00	7.506000000000000227e+02	7.495689999999999600e+02	7.352233666666677436e+02
1.670000000000000000e+02	3.220000000000000195e+00	7.437999999999999545e+02	7.428139999999999645e+02	7.331243666666680383e+02
1.670000000000000000e+02	3.040000000000000036e+00	7.371000000000000227e+02	7.365779999999999745e+02	7.239938000000011016e+02
1.670000000000000000e+02	2.819999999999999840e+00	7.297000000000000455e+02	7.287400000000000091e+02	7.002348000000016555e+02
1.670000000000000000e+02	2.629999999999999893e+00	7.222000000000000455e+02	7.217630000000000337e+02	6.957523000000001048e+02
1.670000000000000000e+02	7.459999999999999964e+00	7.157999999999999545e+02	8.595280000000000200e+02	7.849415333333349736e+02
1.670000000000000000e+02	7.330000000000000071e+00	7.102999999999999545e+02	8.565489999999999782e+02	7.831002000000015641e+02
1.670000000000000000e+02	7.269999999999999574e+00	7.082000000000000455e+02	8.551639999999999873e+02	7.828215333333348553e+02
1.670000000000000000e+02	2.240000000000000213e+00	7.071000000000000227e+02	7.067780000000000200e+02	5.024780666666681554e+02
1.670000000000000000e+02	2.120000000000000107e+00	7.022000000000000455e+02	7.019679999999999609e+02	5.127848694444459170e+02
1.670000000000000000e+02	2.100000000000000089e+00	7.015000000000000000e+02	7.011570000000000391e+02	5.110674694444459192e+02
1.670000000000000000e+02	2.069999999999999840e+00	7.002000000000000455e+02	2.797200000000000273e+02	5.078136416666681043e+02
1.700000000000000000e+02	4.000000000000000000e+00	7.263999999999999773e+02	7.250960000000000036e+02	7.436912333333340257e+02
1.700000000000000000e+02	3.810000000000000053e+00	7.192999999999999545e+02	7.183139999999999645e+02	7.367530000000015207e+02
1.700000000000000000e+02	3.609999999999999876e+00	7.115000000000000000e+02	7.109690000000000509e+02	7.327920000000021901e+02
1.700000000000000000e+02	3.410000000000000142e+00	7.042000000000000455e+02	7.033959999999999582e+02	7.211550000000016780e+02
1.700000000000000000e+02	3.220000000000000195e+00	6.967000000000000455e+02	6.959740000000000464e+02	7.198473333333350865e+02
1.700000000000000000e+02	3.029999999999999805e+00	6.887999999999999545e+02	6.883089999999999691e+02	7.107130000000011023e+02
1.700000000000000000e+02	2.830000000000000071e+00	6.803999999999999773e+02	6.799569999999999936e+02	7.014586666666682504e+02
1.700000000000000000e+02	2.629999999999999893e+00	6.713999999999999773e+02	6.712830000000000155e+02	6.950088000000002921e+02
1.700000000000000000e+02	2.430000000000000160e+00	6.623999999999999773e+02	6.622549999999999955e+02	6.817001333333331559e+02
1.730000000000000000e+02	4.000000000000000000e+00	6.802000000000000455e+02	6.790639999999999645e+02	7.627656333333356997e+02
1.730000000000000000e+02	3.810000000000000053e+00	6.718999999999999773e+02	6.711929999999999836e+02	7.544133000000030052e+02
1.730000000000000000e+02	3.609999999999999876e+00	6.632000000000000455e+02	6.626040000000000418e+02	7.504001000000031354e+02
1.730000000000000000e+02	3.419999999999999929e+00	5.547000000000000455e+02	6.541280000000000427e+02	7.356564333333358263e+02
1.730000000000000000e+02	3.220000000000000195e+00	6.452000000000000455e+02	6.448350000000000364e+02	7.354045333333359622e+02
1.730000000000000000e+02	3.020000000000000018e+00	6.353999999999999773e+02	6.351190000000000282e+02	7.264480666666689785e+02
1.730000000000000000e+02	2.819999999999999840e+00	6.248999999999999773e+02	6.249249999999999545e+02	7.185102000000024418e+02
1.730000000000000000e+02	2.629999999999999893e+00	6.140000000000000000e+02	6.147380000000000564e+02	7.132967666666680771e+02
1.770000000000000000e+02	4.000000000000000000e+00	6.122000000000000455e+02	6.112269999999999754e+02	5.056171666666665487e+02
1.770000000000000000e+02	3.810000000000000053e+00	6.013999999999999773e+02	6.011219999999999573e+02	4.943724999999996044e+02
1.770000000000000000e+02	3.620000000000000107e+00	5.903999999999999773e+02	5.904729999999999563e+02	4.788359333333334007e+02
1.770000000000000000e+02	3.609999999999999876e+00	5.900000000000000000e+02	5.898959999999999582e+02	4.787272666666667646e+02
1.770000000000000000e+02	3.410000000000000142e+00	5.780000000000000000e+02	5.779700000000000273e+02	4.449073999999991997e+02
1.770000000000000000e+02	3.220000000000000195e+00	5.650000000000000000e+02	5.658759999999999764e+02	4.498030000000000541e+02
1.770000000000000000e+02	3.020000000000000018e+00	5.510000000000000000e+02	5.521810000000000400e+02	4.827617999999982885e+02
1.770000000000000000e+02	2.979999999999999982e+00	5.478999999999999773e+02	5.493049999999999500e+02	5.573326666666663414e+02
1.800000000000000000e+02	4.000000000000000000e+00	5.532999999999999545e+02	5.527440000000000282e+02	3.441701972222227823e+02
1.800000000000000000e+02	3.910000000000000142e+00	5.470000000000000000e+02	5.466810000000000400e+02	3.315696638888894086e+02
1.800000000000000000e+02	3.810000000000000053e+00	5.400000000000000000e+02	5.396860000000000355e+02	3.285958000000005086e+02
1.800000000000000000e+02	3.720000000000000195e+00	5.328999999999999773e+02	5.331330000000000382e+02	3.292315000000005512e+02
1.800000000000000000e+02	3.609999999999999876e+00	5.242999999999999545e+02	5.247549999999999955e+02	2.973546333333335383e+02
1.800000000000000000e+02	3.520000000000000018e+00	5.167999999999999545e+02	5.175579999999999927e+02	2.821551000000000613e+02
1.800000000000000000e+02	3.419999999999999929e+00	5.073999999999999773e+02	5.091510000000000105e+02	2.818790999999997098e+02
1.800000000000000000e+02	3.350000000000000089e+00	5.008999999999999773e+02	5.029739999999999895e+02	2.816277666666663322e+02
1.800000000000000000e+02	3.339999999999999858e+00	5.000000000000000000e+02	5.020699999999999932e+02	2.816277666666663322e+02
1.800000000000000000e+02	3.279999999999999805e+00	4.946999999999999886e+02	2.663620000000000232e+02	2.815410999999996875e+02
1.800000000000000000e+02	3.259999999999999787e+00	4.921000000000000227e+02	2.675710000000000264e+02	2.977416000000000054e+02
1.830000000000000000e+02	4.000000000000000000e+00	4.823999999999999773e+02	4.821480000000000246e+02	3.454947305555564867e+02
1.830000000000000000e+02	3.979999999999999982e+00	4.811999999999999886e+02	4.802350000000000136e+02	3.406313305555564739e+02
1.830000000000000000e+02	3.910000000000000142e+00	4.743999999999999773e+02	4.733260000000000218e+02	3.332403972222230664e+02
1.830000000000000000e+02	3.810000000000000053e+00	4.621000000000000227e+02	4.628090000000000259e+02	3.305182666666675573e+02
1.830000000000000000e+02	3.729999999999999982e+00	4.528000000000000114e+02	4.537409999999999854e+02	3.313019666666676244e+02
1.830000000000000000e+02	3.689999999999999947e+00	4.471000000000000227e+02	4.489510000000000218e+02	3.020487000000006788e+02
1.830000000000000000e+02	3.649999999999999911e+00	4.416999999999999886e+02	4.439639999999999986e+02	3.020487000000006788e+02
1.731500000000000057e+02	1.000000000000000000e+02	1.639660000000000082e+03	1.639890000000000100e+03	1.095874999999997954e+03
1.731500000000000057e+02	1.500000000000000000e+02	1.858039999999999964e+03	1.858190000000000055e+03	1.095874999999997954e+03
1.731500000000000057e+02	2.000000000000000000e+02	2.032480000000000018e+03	2.032380000000000109e+03	1.095874999999997954e+03
1.731500000000000057e+02	2.500000000000000000e+02	2.180369999999999891e+03	2.179599999999999909e+03	1.095874999999997954e+03
1.731500000000000057e+02	3.000000000000000000e+02	2.309960000000000036e+03	2.308320000000000164e+03	1.095874999999997954e+03
1.731500000000000057e+02	3.500000000000000000e+02	2.425960000000000036e+03	2.423440000000000055e+03	1.095874999999997954e+03
1.731500000000000057e+02	4.000000000000000000e+02	2.531369999999999891e+03	2.528050000000000182e+03	1.095874999999997954e+03
1.481500000000000057e+02	1.000000000000000000e+02	1.739990000000000009e+03	1.742660000000000082e+03	1.311434999999996080e+03
1.481500000000000057e+02	1.500000000000000000e+02	1.941039999999999964e+03	1.944980000000000018e+03	1.311434999999996080e+03
1.481500000000000057e+02	2.000000000000000000e+02	2.105030000000000200e+03	2.108989999999999782e+03	1.311434999999996080e+03
1.481500000000000057e+02	2.500000000000000000e+02	2.245539999999999964e+03	2.248900000000000091e+03	1.311434999999996080e+03
1.113299999999999983e+02	1.100000000000000006e-01	1.340900000000000091e+03	1.341579999999999927e+03	1.366896999999999935e+03
1.113299999999999983e+02	5.000000000000000000e-01	1.345000000000000000e+03	1.345299999999999955e+03	1.364083666666666659e+03
1.113299999999999983e+02	9.799999999999999822e-01	1.349599999999999909e+03	1.349829999999999927e+03	1.362637999999999693e+03
1.113299999999999983e+02	1.969999999999999973e+00	1.358700000000000045e+03	1.359059999999999945e+03	1.366431333333332987e+03
1.113299999999999983e+02	2.939999999999999947e+00	1.367000000000000000e+03	1.367930000000000064e+03	1.368360999999999876e+03
1.113299999999999983e+02	3.930000000000000160e+00	1.376599999999999909e+03	1.376819999999999936e+03	1.371549333333333152e+03
1.113299999999999983e+02	4.910000000000000142e+00	1.384799999999999955e+03	1.385470000000000027e+03	1.376796333333333450e+03
1.113299999999999983e+02	5.879999999999999893e+00	1.393099999999999909e+03	1.393890000000000100e+03	1.391426333333333332e+03
1.113299999999999983e+02	6.820000000000000284e+00	1.402099999999999909e+03	1.401920000000000073e+03	1.403081000000000131e+03
1.113299999999999983e+02	7.570000000000000284e+00	1.408500000000000000e+03	1.408240000000000009e+03	1.401688999999995758e+03
1.250999999999999943e+02	2.800000000000000266e-01	1.200599999999999909e+03	1.200400000000000091e+03	1.195777966666665634e+03
1.250999999999999943e+02	5.300000000000000266e-01	1.202900000000000091e+03	1.203470000000000027e+03	1.195727333333332581e+03
1.250999999999999943e+02	1.010000000000000009e+00	1.209000000000000000e+03	1.209309999999999945e+03	1.206465366666666341e+03
1.250999999999999943e+02	1.989999999999999991e+00	1.220799999999999955e+03	1.220970000000000027e+03	1.217439300000000003e+03
1.250999999999999943e+02	2.959999999999999964e+00	1.232099999999999909e+03	1.232220000000000027e+03	1.228668499999999995e+03
1.250999999999999943e+02	3.919999999999999929e+00	1.242700000000000045e+03	1.243069999999999936e+03	1.235728499999999940e+03
1.250999999999999943e+02	4.860000000000000320e+00	1.253799999999999955e+03	1.253450000000000045e+03	1.246018100000000004e+03
1.250999999999999943e+02	5.919999999999999929e+00	1.265099999999999909e+03	1.264880000000000109e+03	1.258116433333333362e+03
1.250999999999999943e+02	6.849999999999999645e+00	1.275000000000000000e+03	1.274670000000000073e+03	1.264773099999999886e+03
1.250999999999999943e+02	7.799999999999999822e+00	1.285000000000000000e+03	1.284470000000000027e+03	1.277442066666666733e+03
1.250999999999999943e+02	8.769999999999999574e+00	1.295000000000000000e+03	1.294279999999999973e+03	1.285491033333333235e+03
1.250999999999999943e+02	9.789999999999999147e+00	1.305200000000000045e+03	1.304369999999999891e+03	1.293753333333333330e+03
1.400300000000000011e+02	1.110000000000000098e+00	1.045000000000000000e+03	1.045220000000000027e+03	1.027949100000000044e+03
1.400300000000000011e+02	1.989999999999999991e+00	1.059500000000000000e+03	1.059609999999999900e+03	1.058686666666666724e+03
1.400300000000000011e+02	2.979999999999999982e+00	1.075000000000000000e+03	1.075150000000000091e+03	1.071433333333333394e+03
1.400300000000000011e+02	3.930000000000000160e+00	1.089099999999999909e+03	1.089490000000000009e+03	1.084690000000000055e+03
1.400300000000000011e+02	4.929999999999999716e+00	1.104000000000000000e+03	1.104039999999999964e+03	1.101109999999999900e+03
1.400300000000000011e+02	5.900000000000000355e+00	1.117900000000000091e+03	1.117650000000000091e+03	1.116039999999999964e+03
1.400300000000000011e+02	6.839999999999999858e+00	1.130599999999999909e+03	1.130430000000000064e+03	1.125396666666666761e+03
1.400300000000000011e+02	7.889999999999999680e+00	1.145299999999999955e+03	1.144240000000000009e+03	1.139775333333333265e+03
1.400300000000000011e+02	8.839999999999999858e+00	1.157000000000000000e+03	1.156369999999999891e+03	1.153266666666666652e+03
1.400300000000000011e+02	9.789999999999999147e+00	1.169500000000000000e+03	1.168170000000000073e+03	1.164460000000000036e+03
1.400300000000000011e+02	1.060999999999999943e+01	1.178700000000000045e+03	1.178099999999999909e+03	1.173006666666666661e+03
1.400300000000000011e+02	1.102999999999999936e+01	1.183900000000000091e+03	1.183099999999999909e+03	1.172688333333333276e+03
1.554300000000000068e+02	1.370000000000000107e+00	8.540000000000000000e+02	8.553350000000000364e+02	8.552937455555587576e+02
1.554300000000000068e+02	2.149999999999999911e+00	8.728999999999999773e+02	8.749940000000000282e+02	8.815319999999993570e+02
1.554300000000000068e+02	2.919999999999999929e+00	8.912999999999999545e+02	8.932110000000000127e+02	8.959703333333320643e+02
1.554300000000000068e+02	3.979999999999999982e+00	9.151000000000000227e+02	9.166649999999999636e+02	9.215269999999993615e+02
1.554300000000000068e+02	4.950000000000000178e+00	9.355000000000000000e+02	9.367350000000000136e+02	9.431883333333333894e+02
1.554300000000000068e+02	5.929999999999999716e+00	9.545000000000000000e+02	9.558650000000000091e+02	9.626126666666666551e+02
1.554300000000000068e+02	6.740000000000000213e+00	9.705000000000000000e+02	9.709189999999999827e+02	9.774376666666664732e+02
1.554300000000000068e+02	7.839999999999999858e+00	9.905000000000000000e+02	9.904030000000000200e+02	9.946593333333335067e+02
1.554300000000000068e+02	8.880000000000000782e+00	1.007700000000000045e+03	1.007919999999999959e+03	1.013720666666666489e+03
1.554300000000000068e+02	9.779999999999999361e+00	1.022500000000000000e+03	1.022460000000000036e+03	1.022053999999999860e+03
1.554300000000000068e+02	1.083999999999999986e+01	1.038599999999999909e+03	1.038920000000000073e+03	1.044251999999999953e+03
1.554300000000000068e+02	1.181000000000000050e+01	1.053599999999999909e+03	1.053410000000000082e+03	1.063252999999999929e+03
1.554300000000000068e+02	1.277999999999999936e+01	1.068599999999999909e+03	1.067400000000000091e+03	1.073776333333333696e+03
1.554300000000000068e+02	1.376999999999999957e+01	1.080900000000000091e+03	1.081220000000000027e+03	1.072521333333332905e+03
1.554300000000000068e+02	1.476999999999999957e+01	1.094900000000000091e+03	1.094740000000000009e+03	1.076881333333333032e+03
1.554300000000000068e+02	1.558999999999999986e+01	1.105500000000000000e+03	1.105519999999999982e+03	1.078568333333332703e+03
1.707299999999999898e+02	2.399999999999999911e+00	6.467999999999999545e+02	6.472419999999999618e+02	6.401094666666663215e+02
1.707299999999999898e+02	3.000000000000000000e+00	6.722000000000000455e+02	6.747119999999999891e+02	6.605898666666651025e+02
1.707299999999999898e+02	3.959999999999999964e+00	7.102000000000000455e+02	7.127340000000000373e+02	6.986632333333323004e+02
1.707299999999999898e+02	4.919999999999999929e+00	7.437000000000000455e+02	7.456620000000000346e+02	7.111852333333320075e+02
1.707299999999999898e+02	6.200000000000000178e+00	7.827000000000000455e+02	7.840819999999999936e+02	7.202752333333330625e+02
1.707299999999999898e+02	7.839999999999999858e+00	8.260000000000000000e+02	8.268790000000000191e+02	8.391353333333343016e+02
1.707299999999999898e+02	8.880000000000000782e+00	8.498999999999999773e+02	8.512580000000000382e+02	8.633896666666688589e+02
1.707299999999999898e+02	9.830000000000000071e+00	8.711000000000000227e+02	8.720520000000000209e+02	8.676916666666681976e+02
1.707299999999999898e+02	1.068999999999999950e+01	8.902999999999999545e+02	8.898440000000000509e+02	9.094786666666692554e+02
1.707299999999999898e+02	1.166999999999999993e+01	9.090000000000000000e+02	9.090829999999999700e+02	9.119583333333360997e+02
1.707299999999999898e+02	1.269999999999999929e+01	9.270000000000000000e+02	9.282670000000000528e+02	9.312416666666696301e+02
1.707299999999999898e+02	1.358000000000000007e+01	9.441000000000000227e+02	9.439149999999999636e+02	9.443383333333360952e+02
1.707299999999999898e+02	1.460999999999999943e+01	2.613999999999999773e+02	9.614600000000000364e+02	9.619170000000032132e+02
1.707299999999999898e+02	1.560999999999999943e+01	9.778999999999999773e+02	9.777809999999999491e+02	9.849086666666681822e+02
1.707299999999999898e+02	1.687000000000000099e+01	9.952999999999999545e+02	9.974560000000000173e+02	9.895496666666681449e+02
1.707299999999999898e+02	1.828999999999999915e+01	1.015600000000000023e+03	1.018570000000000050e+03	1.016744333333335248e+03
1.858799999999999955e+02	3.970000000000000195e+00	3.736000000000000227e+02	2.563190000000000168e+02	3.104884996031746027e+02
1.858799999999999955e+02	4.519999999999999574e+00	4.500000000000000000e+02	4.560720000000000027e+02	2.977967100000000755e+02
1.858799999999999955e+02	5.000000000000000000e+00	4.948000000000000114e+02	4.990059999999999718e+02	3.819482930555563485e+02
1.858799999999999955e+02	5.929999999999999716e+00	5.562000000000000455e+02	5.598980000000000246e+02	4.941755509523799788e+02
1.858799999999999955e+02	6.889999999999999680e+00	6.030000000000000000e+02	6.078220000000000027e+02	5.391319459523812156e+02
1.858799999999999955e+02	7.889999999999999680e+00	6.466000000000000227e+02	6.489679999999999609e+02	6.091785259523812783e+02
1.858799999999999955e+02	8.929999999999999716e+00	6.856000000000000227e+02	6.857010000000000218e+02	6.284147833333341850e+02
1.858799999999999955e+02	9.810000000000000497e+00	7.073999999999999773e+02	7.133630000000000564e+02	6.762567666666691366e+02
1.858799999999999955e+02	1.081000000000000050e+01	7.387000000000000455e+02	7.419289999999999736e+02	7.143814333333363038e+02
1.858799999999999955e+02	1.182000000000000028e+01	7.667999999999999545e+02	7.683339999999999463e+02	7.167761000000017475e+02
1.858799999999999955e+02	1.325000000000000000e+01	8.006000000000000227e+02	8.024170000000000300e+02	7.690634333333346149e+02
1.858799999999999955e+02	1.481000000000000050e+01	8.362999999999999545e+02	8.361299999999999955e+02	7.916341000000003305e+02
1.858799999999999955e+02	1.589000000000000057e+01	8.561000000000000227e+02	8.577649999999999864e+02	8.088214333333320383e+02
1.858799999999999955e+02	1.735999999999999943e+01	8.842000000000000455e+02	8.853630000000000564e+02	8.372474333333345839e+02
1.858799999999999955e+02	1.833999999999999986e+01	9.017999999999999545e+02	9.027409999999999854e+02	8.563024333333331697e+02
1.900000000000000000e+02	4.549999999999999822e+00	2.641999999999999886e+02	2.815779999999999745e+02	2.888968180158728387e+02
1.900000000000000000e+02	4.780000000000000249e+00	3.401999999999999886e+02	3.560539999999999736e+02	2.792753553083028351e+02
1.900000000000000000e+02	5.299999999999999822e+00	4.156000000000000227e+02	4.304100000000000250e+02	4.110943564153441230e+02
1.900000000000000000e+02	5.950000000000000178e+00	4.823000000000000114e+02	4.877590000000000146e+02	5.038859344047611444e+02
1.900000000000000000e+02	6.839999999999999858e+00	5.397999999999999545e+02	5.443949999999999818e+02	4.744971605555567749e+02
1.900000000000000000e+02	7.790000000000000036e+00	5.908999999999999773e+02	5.915149999999999864e+02	4.899830738888904307e+02
1.900000000000000000e+02	8.859999999999999432e+00	6.345000000000000000e+02	6.353120000000000118e+02	5.001420738888901383e+02
1.900000000000000000e+02	1.009999999999999964e+01	6.777000000000000455e+02	6.783210000000000264e+02	5.071280738888893325e+02
1.900000000000000000e+02	1.134999999999999964e+01	7.157000000000000455e+02	7.159819999999999709e+02	5.166614072222225786e+02
1.900000000000000000e+02	1.257000000000000028e+01	7.487999999999999545e+02	7.487690000000000055e+02	5.245754072222230207e+02
1.900000000000000000e+02	1.378999999999999915e+01	7.782000000000000455e+02	7.785679999999999836e+02	5.317044072222225850e+02
1.900000000000000000e+02	1.503999999999999915e+01	8.072000000000000455e+02	8.066440000000000055e+02	5.349764072222228606e+02
1.900000000000000000e+02	1.632999999999999829e+01	8.332999999999999545e+02	8.334980000000000473e+02	5.403244072222229306e+02
1.900000000000000000e+02	1.751000000000000156e+01	8.551000000000000227e+02	8.564900000000000091e+02	5.466724072222228870e+02
1.900000000000000000e+02	1.873000000000000043e+01	8.785000000000000000e+02	8.789180000000000064e+02	5.492537405555556234e+02
1.900000000000000000e+02	1.996999999999999886e+01	9.005000000000000000e+02	9.005019999999999527e+02	5.481522738888889990e+02
1.150000000000000000e+02	9.799999999999999822e-01	1.311000000000000000e+03	1.313160000000000082e+03	1.336310666666666521e+03
1.150000000000000000e+02	1.959999999999999964e+00	1.323000000000000000e+03	1.322880000000000109e+03	1.338674000000000433e+03
1.150000000000000000e+02	2.939999999999999947e+00	1.331000000000000000e+03	1.332400000000000091e+03	1.346842666666666673e+03
1.150000000000000000e+02	3.919999999999999929e+00	1.341000000000000000e+03	1.341740000000000009e+03	1.349005333333331919e+03
1.150000000000000000e+02	4.900000000000000355e+00	1.345000000000000000e+03	1.350910000000000082e+03	1.355548333333330902e+03
1.150000000000000000e+02	5.879999999999999893e+00	1.359000000000000000e+03	1.359900000000000091e+03	1.382187666666663745e+03
1.150000000000000000e+02	6.860000000000000320e+00	1.367000000000000000e+03	1.368740000000000009e+03	1.392554666666665753e+03
1.150000000000000000e+02	7.839999999999999858e+00	1.377000000000000000e+03	1.377420000000000073e+03	1.397326666666667734e+03
1.250000000000000000e+02	9.799999999999999822e-01	1.209000000000000000e+03	1.210000000000000000e+03	1.208152433333333420e+03
1.250000000000000000e+02	1.959999999999999964e+00	1.221000000000000000e+03	1.221660000000000082e+03	1.218693833333328485e+03
1.250000000000000000e+02	2.939999999999999947e+00	1.232000000000000000e+03	1.233000000000000000e+03	1.233787366666663729e+03
1.250000000000000000e+02	3.919999999999999929e+00	1.243000000000000000e+03	1.244069999999999936e+03	1.242110000000002628e+03
1.250000000000000000e+02	4.900000000000000355e+00	1.255000000000000000e+03	1.254859999999999900e+03	1.253044999999997572e+03
1.250000000000000000e+02	5.879999999999999893e+00	1.266000000000000000e+03	1.265410000000000082e+03	1.263316666666665014e+03
1.250000000000000000e+02	6.860000000000000320e+00	1.275000000000000000e+03	1.275720000000000027e+03	1.273010666666666339e+03
1.250000000000000000e+02	7.839999999999999858e+00	1.286000000000000000e+03	1.285809999999999945e+03	1.284614000000000033e+03
1.250000000000000000e+02	8.820000000000000284e+00	1.296000000000000000e+03	1.295690000000000055e+03	1.292650666666666666e+03
1.250000000000000000e+02	9.800000000000000711e+00	1.306000000000000000e+03	1.305369999999999891e+03	1.298074000000004162e+03
1.250000000000000000e+02	1.077999999999999936e+01	1.315000000000000000e+03	1.314859999999999900e+03	1.298184000000004062e+03
1.400000000000000000e+02	9.799999999999999822e-01	1.043000000000000000e+03	1.043400000000000091e+03	1.027797477777778113e+03
1.400000000000000000e+02	1.959999999999999964e+00	1.059000000000000000e+03	1.059470000000000027e+03	1.068705999999999904e+03
1.400000000000000000e+02	2.939999999999999947e+00	1.074000000000000000e+03	1.074869999999999891e+03	1.079452666666666801e+03
1.400000000000000000e+02	3.919999999999999929e+00	1.089000000000000000e+03	1.089670000000000073e+03	1.091418666666666240e+03
1.400000000000000000e+02	4.900000000000000355e+00	1.103000000000000000e+03	1.103920000000000073e+03	1.105427333333333081e+03
1.400000000000000000e+02	5.879999999999999893e+00	1.118000000000000000e+03	1.117680000000000064e+03	1.118127666666667210e+03
1.400000000000000000e+02	6.860000000000000320e+00	1.131000000000000000e+03	1.130990000000000009e+03	1.133215666666665356e+03
1.400000000000000000e+02	7.839999999999999858e+00	1.144000000000000000e+03	1.143890000000000100e+03	1.137202666666662708e+03
1.400000000000000000e+02	8.820000000000000284e+00	1.156000000000000000e+03	1.156400000000000091e+03	1.153954333333332215e+03
1.400000000000000000e+02	9.800000000000000711e+00	1.169000000000000000e+03	1.168569999999999936e+03	1.168794000000001461e+03
1.400000000000000000e+02	1.077999999999999936e+01	1.180000000000000000e+03	1.180400000000000091e+03	1.176845333333337749e+03
1.550000000000000000e+02	1.959999999999999964e+00	8.730000000000000000e+02	8.760860000000000127e+02	8.765273333333291248e+02
1.550000000000000000e+02	2.939999999999999947e+00	8.950000000000000000e+02	8.991090000000000373e+02	8.960233333333294468e+02
1.550000000000000000e+02	3.919999999999999929e+00	9.180000000000000000e+02	9.205510000000000446e+02	9.178309999999989941e+02
1.550000000000000000e+02	4.900000000000000355e+00	9.390000000000000000e+02	9.406670000000000300e+02	9.306423333333332266e+02
1.550000000000000000e+02	5.879999999999999893e+00	9.580000000000000000e+02	9.596530000000000200e+02	9.534696666666665124e+02
1.550000000000000000e+02	6.860000000000000320e+00	9.770000000000000000e+02	9.776609999999999445e+02	9.682379999999998290e+02
1.550000000000000000e+02	7.839999999999999858e+00	9.940000000000000000e+02	9.948120000000000118e+02	9.899506666666675301e+02
1.550000000000000000e+02	8.820000000000000284e+00	1.011000000000000000e+03	1.011210000000000036e+03	1.008300666666670395e+03
1.550000000000000000e+02	9.800000000000000711e+00	1.026000000000000000e+03	1.026930000000000064e+03	1.018775000000001796e+03
1.550000000000000000e+02	1.077999999999999936e+01	1.041000000000000000e+03	1.042039999999999964e+03	1.034395333333333383e+03
1.550000000000000000e+02	1.175999999999999979e+01	1.056000000000000000e+03	1.056609999999999900e+03	1.054828333333332921e+03
1.550000000000000000e+02	1.274000000000000021e+01	1.070000000000000000e+03	1.070670000000000073e+03	1.066582666666665773e+03
1.550000000000000000e+02	1.372000000000000064e+01	1.084000000000000000e+03	1.084279999999999973e+03	1.075422333333334109e+03
1.550000000000000000e+02	1.469999999999999929e+01	1.096000000000000000e+03	1.097470000000000027e+03	1.081328333333333831e+03
1.455999999999999943e+02	8.599999999999999867e-01	9.700000000000000000e+02	9.734039999999999964e+02	5.409746916666691732e+02
1.455999999999999943e+02	1.820000000000000062e+00	9.800000000000000000e+02	9.917300000000000182e+02	8.781435999999985142e+02
1.455999999999999943e+02	3.060000000000000053e+00	1.020000000000000000e+03	1.014039999999999964e+03	9.019104317460327138e+02
1.455999999999999943e+02	5.019999999999999574e+00	1.050000000000000000e+03	1.046690000000000055e+03	9.490232000000029302e+02
1.455999999999999943e+02	7.200000000000000178e+00	1.080000000000000000e+03	1.079960000000000036e+03	9.700835333333352537e+02
1.455999999999999943e+02	8.580000000000000071e+00	1.100000000000000000e+03	1.099660000000000082e+03	1.015859700000001226e+03
1.250000000000000000e+02	3.400000000000000244e-01	1.200000000000000000e+03	1.202210000000000036e+03	1.202888933333332034e+03
1.250999999999999943e+02	1.020000000000000018e+00	1.210000000000000000e+03	1.209430000000000064e+03	1.207189500000000635e+03
1.250000000000000000e+02	3.540000000000000036e+00	1.240000000000000000e+03	1.239809999999999945e+03	1.241612666666667792e+03
1.249000000000000057e+02	5.879999999999999893e+00	1.260000000000000000e+03	1.266369999999999891e+03	1.266450333333332082e+03
1.250000000000000000e+02	7.940000000000000391e+00	1.282000000000000000e+03	1.286829999999999927e+03	1.287177333333333308e+03
1.250999999999999943e+02	8.730000000000000426e+00	1.295000000000000000e+03	1.293880000000000109e+03	1.294567000000000235e+03
1.130000000000000000e+02	2.399999999999999911e-01	1.330000000000000000e+03	1.326000000000000000e+03	1.343788333333337050e+03
1.135999999999999943e+02	7.700000000000000178e-01	1.332000000000000000e+03	1.325160000000000082e+03	1.319013666666666495e+03
1.140000000000000000e+02	1.379999999999999893e+00	1.335000000000000000e+03	1.327130000000000109e+03	1.318843000000000075e+03
1.150000000000000000e+02	2.649999999999999911e+00	1.340000000000000000e+03	1.329599999999999909e+03	1.332687333333333527e+03
1.170000000000000000e+02	5.099999999999999645e+00	1.345000000000000000e+03	1.333849999999999909e+03	1.355661333333332777e+03
1.120000000000000000e+02	1.600000000000000033e-01	1.350000000000000000e+03	1.335319999999999936e+03	1.343788333333337050e+03
1.119000000000000057e+02	3.020000000000000018e+00	1.380000000000000000e+03	1.363170000000000073e+03	1.365471666666666124e+03
1.120999999999999943e+02	6.120000000000000107e+00	1.400000000000000000e+03	1.388869999999999891e+03	1.396172666666660916e+03
1.120000000000000000e+02	8.720000000000000639e+00	1.430000000000000000e+03	1.411829999999999927e+03	1.400719333333332088e+03
1.050000000000000000e+02	1.600000000000000033e-01	1.485000000000000000e+03	1.404759999999999991e+03	1.345641333333334387e+03
9.400000000000000000e+01	1.600000000000000033e-01	1.520000000000000000e+03	1.509390000000000100e+03	1.345641333333334387e+03
1.000000000000000000e+02	3.338000000000000256e+01	1.672599999999999909e+03	1.669119999999999891e+03	1.402605333333331600e+03
1.000000000000000000e+02	2.607999999999999829e+01	1.630700000000000045e+03	1.627740000000000009e+03	1.402605333333331600e+03
1.000000000000000000e+02	1.912000000000000099e+01	1.588099999999999909e+03	1.585640000000000100e+03	1.402605333333331600e+03
1.000000000000000000e+02	1.308999999999999986e+01	1.548500000000000000e+03	1.546680000000000064e+03	1.402605333333331600e+03
1.000000000000000000e+02	7.240000000000000213e+00	1.507400000000000091e+03	1.506240000000000009e+03	1.403727666666664618e+03
1.000000000000000000e+02	1.659999999999999920e+00	1.465099999999999909e+03	1.464750000000000000e+03	1.353553666666669187e+03
1.200000000000000000e+02	3.116000000000000014e+01	1.517200000000000045e+03	1.516349999999999909e+03	1.358660666666666884e+03
1.200000000000000000e+02	2.623000000000000043e+01	1.482799999999999955e+03	1.482069999999999936e+03	1.358660666666666884e+03
1.200000000000000000e+02	1.998000000000000043e+01	1.436000000000000000e+03	1.435500000000000000e+03	1.358660666666666884e+03
1.200000000000000000e+02	1.515000000000000036e+01	1.397000000000000000e+03	1.396670000000000073e+03	1.358660666666666884e+03
1.200000000000000000e+02	9.259999999999999787e+00	1.345200000000000045e+03	1.345130000000000109e+03	1.355676666666666961e+03
1.200000000000000000e+02	4.370000000000000107e+00	1.290500000000000000e+03	1.297940000000000055e+03	1.322588999999999942e+03
1.500000000000000000e+02	3.453000000000000114e+01	1.339599999999999909e+03	1.339039999999999964e+03	1.100528666666667050e+03
1.500000000000000000e+02	2.883999999999999986e+01	1.290000000000000000e+03	1.289289999999999964e+03	1.100528666666667050e+03
1.500000000000000000e+02	2.367000000000000171e+01	1.240299999999999955e+03	1.239730000000000018e+03	1.100528666666667050e+03
1.500000000000000000e+02	1.842999999999999972e+01	1.184599999999999909e+03	1.184049999999999955e+03	1.100528666666667050e+03
1.500000000000000000e+02	1.266999999999999993e+01	1.114500000000000000e+03	1.114200000000000045e+03	1.070577666666666119e+03
1.500000000000000000e+02	7.259999999999999787e+00	1.036599999999999909e+03	1.036380000000000109e+03	1.010374000000001161e+03
1.500000000000000000e+02	3.020000000000000018e+00	9.621000000000000227e+02	9.620000000000000000e+02	9.623856666666636102e+02
1.700000000000000000e+02	3.146000000000000085e+01	1.183799999999999955e+03	1.183089999999999918e+03	9.773863333333328001e+02
1.700000000000000000e+02	2.698999999999999844e+01	1.135500000000000000e+03	1.134799999999999955e+03	9.773863333333328001e+02
1.700000000000000000e+02	2.076999999999999957e+01	1.059200000000000045e+03	1.058579999999999927e+03	9.773863333333328001e+02
1.700000000000000000e+02	1.753999999999999915e+01	1.013899999999999977e+03	1.013360000000000014e+03	9.699206666666635783e+02
1.700000000000000000e+02	1.300999999999999979e+01	9.407000000000000455e+02	9.404279999999999973e+02	9.106990000000006376e+02
1.700000000000000000e+02	7.769999999999999574e+00	8.335000000000000000e+02	8.333440000000000509e+02	7.950359999999999445e+02
1.700000000000000000e+02	4.530000000000000249e+00	7.428999999999999773e+02	7.431119999999999663e+02	7.326789999999998599e+02
1.840000000000000000e+02	3.425000000000000000e+01	1.129000000000000000e+03	1.128329999999999927e+03	8.961763333333320816e+02
1.840000000000000000e+02	2.787999999999999901e+01	1.055099999999999909e+03	1.054609999999999900e+03	8.961763333333320816e+02
1.840000000000000000e+02	2.251000000000000156e+01	2.828000000000000114e+02	9.823949999999999818e+02	8.961763333333320816e+02
1.840000000000000000e+02	1.785999999999999943e+01	9.090000000000000000e+02	9.087340000000000373e+02	8.792263333333349919e+02
1.840000000000000000e+02	1.383999999999999986e+01	8.318999999999999773e+02	8.319669999999999845e+02	7.926330000000033351e+02
1.840000000000000000e+02	1.043999999999999950e+01	7.512000000000000455e+02	7.510069999999999482e+02	7.024823333333341679e+02
1.840000000000000000e+02	7.719999999999999751e+00	6.666000000000000227e+02	6.663590000000000373e+02	6.101926666666664687e+02
1.840000000000000000e+02	5.769999999999999574e+00	5.798999999999999773e+02	5.823640000000000327e+02	5.277403333333330693e+02
1.840000000000000000e+02	5.299999999999999822e+00	5.527999999999999545e+02	5.562430000000000518e+02	4.944727999999997223e+02
