# Temperature (K)	Pressure (MPa)	Experimental(kJ/mol)	NIST(kJ/mol)	Model(kJ/mol)
1.950000000000000000e+02	5.000000000000000000e+00	7.402999999999999581e+00	7.862980000000000302e+00	8.385116456715303812e+00
2.000000000000000000e+02	5.000000000000000000e+00	8.309900000000000730e+00	8.733670000000000044e+00	9.414644085944205543e+00
2.100000000000000000e+02	5.000000000000000000e+00	9.226599999999999469e+00	9.607739999999999725e+00	1.032801847469200851e+01
2.200000000000000000e+02	5.000000000000000000e+00	9.853099999999999525e+00	1.024160000000000004e+01	1.100312743594099274e+01
2.300000000000000000e+02	5.000000000000000000e+00	1.039600000000000080e+01	1.078550000000000075e+01	1.127930019007294504e+01
2.400000000000000000e+02	5.000000000000000000e+00	1.089620000000000033e+01	1.128129999999999988e+01	1.182063087539351187e+01
2.500000000000000000e+02	5.000000000000000000e+00	1.136679999999999957e+01	1.174760000000000026e+01	1.232638787221848631e+01
2.550000000000000000e+02	5.000000000000000000e+00	1.159639999999999915e+01	1.197300000000000075e+01	1.258186225372981148e+01
3.387099999999999795e+02	6.889999999999999680e+00	8.478999999999999870e-01	1.524130000000000074e+01	7.923858127139025154e-01
3.387099999999999795e+02	1.033999999999999986e+01	1.258099999999999996e+00	1.483259999999999934e+01	1.168343191337638087e+00
3.387099999999999795e+02	1.378999999999999915e+01	1.616300000000000070e+00	1.445470000000000077e+01	5.843108474568482480e-01
2.942599999999999909e+02	6.889999999999999680e+00	1.121099999999999985e+00	1.332390000000000008e+01	1.337368940916946514e+01
2.942599999999999909e+02	1.033999999999999986e+01	1.664500000000000091e+00	1.274160000000000004e+01	1.274126664317856950e+01
3.109300000000000068e+02	6.889999999999999680e+00	9.930999999999999828e-01	1.405109999999999992e+01	1.337368940916946514e+01
3.109300000000000068e+02	1.033999999999999986e+01	1.462900000000000089e+00	1.354729999999999990e+01	1.274126664317856950e+01
3.275899999999999750e+02	6.889999999999999680e+00	8.990000000000000213e-01	1.476660000000000039e+01	7.923858127139025154e-01
3.275899999999999750e+02	1.033999999999999986e+01	1.313299999999999912e+00	1.432380000000000031e+01	1.168343191337638087e+00
3.442599999999999909e+02	6.889999999999999680e+00	8.154000000000000137e-01	1.547799999999999976e+01	7.923858127139025154e-01
3.442599999999999909e+02	1.033999999999999986e+01	1.169599999999999973e+00	1.508460000000000001e+01	1.226570078862069924e+00
3.609300000000000068e+02	6.889999999999999680e+00	7.486000000000000432e-01	1.619010000000000105e+01	8.164477711576493268e-01
3.609300000000000068e+02	1.033999999999999986e+01	1.077800000000000091e+00	1.583750000000000036e+01	1.226570078862069924e+00
3.775899999999999750e+02	6.889999999999999680e+00	6.814999999999999947e-01	1.690569999999999951e+01	8.164477711576493268e-01
3.775899999999999750e+02	1.033999999999999986e+01	9.848999999999999977e-01	1.658770000000000167e+01	1.226570078862069924e+00
1.942599999999999909e+02	4.690000000000000391e+00	8.826200000000000045e+00	8.335089999999999222e+00	8.402362350092214882e+00
1.970399999999999920e+02	4.690000000000000391e+00	9.247899999999999565e+00	8.723019999999999996e+00	9.037502188490636357e+00
1.998199999999999932e+02	4.690000000000000391e+00	9.538999999999999702e+00	9.011509999999999465e+00	9.405658575125173115e+00
2.025900000000000034e+02	4.690000000000000391e+00	9.785299999999999443e+00	9.252459999999999241e+00	9.746647580441550218e+00
2.053700000000000045e+02	4.690000000000000391e+00	1.000929999999999964e+01	9.466469999999999274e+00	9.899591556361766465e+00
2.109300000000000068e+02	4.690000000000000391e+00	1.039739999999999931e+01	9.843410000000000437e+00	1.038309162749118819e+01
2.164799999999999898e+02	4.690000000000000391e+00	1.074070000000000036e+01	1.017740000000000045e+01	1.066988169539717823e+01
2.220399999999999920e+02	4.690000000000000391e+00	1.105049999999999955e+01	1.048499999999999943e+01	1.098755984435358535e+01
2.275900000000000034e+02	4.690000000000000391e+00	1.133779999999999966e+01	1.077350000000000030e+01	1.127744160796310702e+01
2.331500000000000057e+02	4.690000000000000391e+00	1.161030000000000051e+01	1.104889999999999972e+01	1.155011279899019705e+01
2.387100000000000080e+02	4.690000000000000391e+00	1.187149999999999928e+01	1.131390000000000029e+01	1.181925811084597377e+01
2.442599999999999909e+02	4.690000000000000391e+00	1.212899999999999956e+01	1.157039999999999935e+01	1.206040036897598178e+01
2.498199999999999932e+02	4.690000000000000391e+00	1.237909999999999933e+01	1.182089999999999996e+01	1.240415486119573707e+01
2.553700000000000045e+02	4.690000000000000391e+00	1.261790000000000056e+01	1.206579999999999941e+01	1.262551332916433999e+01
2.609300000000000068e+02	4.690000000000000391e+00	1.285679999999999978e+01	1.230690000000000062e+01	1.303362505636945023e+01
2.664800000000000182e+02	4.690000000000000391e+00	1.309190000000000076e+01	1.254420000000000002e+01	1.327377676822461972e+01
2.720400000000000205e+02	4.690000000000000391e+00	1.332699999999999996e+01	1.277909999999999968e+01	1.350395465591379818e+01
2.775899999999999750e+02	4.690000000000000391e+00	1.355840000000000067e+01	1.301140000000000008e+01	1.373776571206920671e+01
2.831499999999999773e+02	4.690000000000000391e+00	1.378979999999999961e+01	1.324230000000000018e+01	1.396916571206920743e+01
1.942599999999999909e+02	4.830000000000000071e+00	8.397000000000000242e+00	8.069330000000000780e+00	8.780056352812017906e+00
1.970399999999999920e+02	4.830000000000000071e+00	9.035199999999999676e+00	8.557389999999999830e+00	9.040328725799877674e+00
1.998199999999999932e+02	4.830000000000000071e+00	9.408400000000000318e+00	8.883620000000000516e+00	9.347810581767458160e+00
2.025900000000000034e+02	4.830000000000000071e+00	9.677099999999999369e+00	9.145500000000000185e+00	9.586353395198223382e+00
2.053700000000000045e+02	4.830000000000000071e+00	9.919700000000000628e+00	9.373300000000000409e+00	9.839665858520795894e+00
2.109300000000000068e+02	4.830000000000000071e+00	1.032649999999999935e+01	9.767780000000000129e+00	1.015468258621173447e+01
2.164799999999999898e+02	4.830000000000000071e+00	1.067730000000000068e+01	1.011280000000000001e+01	1.056115240137578226e+01
2.220399999999999920e+02	4.830000000000000071e+00	1.099080000000000013e+01	1.042820000000000036e+01	1.062725457863133727e+01
2.275900000000000034e+02	4.830000000000000071e+00	1.128560000000000052e+01	1.072259999999999991e+01	1.117871188016846240e+01
2.331500000000000057e+02	4.830000000000000071e+00	1.156179999999999986e+01	1.100259999999999927e+01	1.146502976039530353e+01
2.387100000000000080e+02	4.830000000000000071e+00	1.182670000000000066e+01	1.127139999999999986e+01	1.177493440407240577e+01
2.442599999999999909e+02	4.830000000000000071e+00	1.208419999999999916e+01	1.153100000000000058e+01	1.202472139736334356e+01
2.498199999999999932e+02	4.830000000000000071e+00	1.233799999999999919e+01	1.178420000000000023e+01	1.231953145943468364e+01
2.553700000000000045e+02	4.830000000000000071e+00	1.258060000000000045e+01	1.203139999999999965e+01	1.248254823788443524e+01
2.609300000000000068e+02	4.830000000000000071e+00	1.282319999999999993e+01	1.227459999999999951e+01	1.273082717598387426e+01
2.664800000000000182e+02	4.830000000000000071e+00	1.306199999999999939e+01	1.251370000000000005e+01	1.296619307003461152e+01
2.720400000000000205e+02	4.830000000000000071e+00	1.329720000000000013e+01	1.275029999999999930e+01	1.332189927424461651e+01
2.775899999999999750e+02	4.830000000000000071e+00	1.352849999999999930e+01	1.298399999999999999e+01	1.357873954174806208e+01
2.831499999999999773e+02	4.830000000000000071e+00	1.375990000000000002e+01	1.321620000000000061e+01	1.380343591011027726e+01
1.942599999999999909e+02	5.519999999999999574e+00	6.613100000000000200e+00	6.086529999999999774e+00	6.888286214284964792e+00
1.970399999999999920e+02	5.519999999999999574e+00	7.583400000000000141e+00	7.120949999999999669e+00	7.475201938081121433e+00
1.998199999999999932e+02	5.519999999999999574e+00	8.546300000000000452e+00	8.019299999999999429e+00	7.458925980146333679e+00
2.025900000000000034e+02	5.519999999999999574e+00	9.031499999999999417e+00	8.496309999999999363e+00	8.086030032661401634e+00
2.053700000000000045e+02	5.519999999999999574e+00	9.367300000000000182e+00	8.838260000000000005e+00	7.981245001304175801e+00
2.109300000000000068e+02	5.519999999999999574e+00	9.904799999999999827e+00	9.357089999999999463e+00	9.533269321862668733e+00
2.164799999999999898e+02	5.519999999999999574e+00	1.032649999999999935e+01	9.771689999999999543e+00	1.000076906058098025e+01
2.220399999999999920e+02	5.519999999999999574e+00	1.069219999999999970e+01	1.013330000000000020e+01	1.045725287446149387e+01
2.275900000000000034e+02	5.519999999999999574e+00	1.102059999999999995e+01	1.046110000000000007e+01	1.094047985020820768e+01
2.331500000000000057e+02	5.519999999999999574e+00	1.132290000000000063e+01	1.076689999999999969e+01	1.111887826980996863e+01
2.387100000000000080e+02	5.519999999999999574e+00	1.161030000000000051e+01	1.105630000000000024e+01	1.153893497269775281e+01
2.442599999999999909e+02	5.519999999999999574e+00	1.188649999999999984e+01	1.133280000000000065e+01	1.173511665621993494e+01
2.498199999999999932e+02	5.519999999999999574e+00	1.215140000000000065e+01	1.160019999999999918e+01	1.199620702154005691e+01
2.553700000000000045e+02	5.519999999999999574e+00	1.240889999999999915e+01	1.185960000000000036e+01	1.220565466714207581e+01
2.609300000000000068e+02	5.519999999999999574e+00	1.265900000000000070e+01	1.211340000000000039e+01	1.244559672530855465e+01
2.664800000000000182e+02	5.519999999999999574e+00	1.290530000000000044e+01	1.236190000000000033e+01	1.271621829764076850e+01
2.720400000000000205e+02	5.519999999999999574e+00	1.315160000000000018e+01	1.260679999999999978e+01	1.295323728578725664e+01
2.775899999999999750e+02	5.519999999999999574e+00	1.339419999999999966e+01	1.284789999999999921e+01	1.316891593512936964e+01
2.831499999999999773e+02	5.519999999999999574e+00	1.363299999999999912e+01	1.308689999999999998e+01	1.340681144414133641e+01
1.942599999999999909e+02	6.209999999999999964e+00	6.299599999999999866e+00	5.753400000000000070e+00	6.154799709136828056e+00
1.970399999999999920e+02	6.209999999999999964e+00	6.766099999999999781e+00	6.193260000000000431e+00	6.479431238449421926e+00
1.998199999999999932e+02	6.209999999999999964e+00	7.348300000000000054e+00	6.813220000000000276e+00	6.904771412716250722e+00
2.025900000000000034e+02	6.209999999999999964e+00	8.053699999999999193e+00	7.550309999999999633e+00	7.388685812601282876e+00
2.053700000000000045e+02	6.209999999999999964e+00	8.568699999999999761e+00	8.126429999999999154e+00	7.901023319903755393e+00
2.109300000000000068e+02	6.209999999999999964e+00	9.363599999999999923e+00	8.868949999999999889e+00	8.848631351647936683e+00
2.164799999999999898e+02	6.209999999999999964e+00	9.893599999999999284e+00	9.387859999999999872e+00	9.343790182727850890e+00
2.220399999999999920e+02	6.209999999999999964e+00	1.033019999999999960e+01	9.811749999999999972e+00	9.883843696210131924e+00
2.275900000000000034e+02	6.209999999999999964e+00	1.071829999999999927e+01	1.018169999999999931e+01	1.085991514112188305e+01
2.331500000000000057e+02	6.209999999999999964e+00	1.107290000000000063e+01	1.051859999999999928e+01	1.127518228461954486e+01
2.387100000000000080e+02	6.209999999999999964e+00	1.138260000000000005e+01	1.083189999999999920e+01	1.138228814717876780e+01
2.442599999999999909e+02	6.209999999999999964e+00	1.167370000000000019e+01	1.112770000000000081e+01	1.159944598065522747e+01
2.498199999999999932e+02	6.209999999999999964e+00	1.195739999999999981e+01	1.141109999999999935e+01	1.188383545007534714e+01
2.553700000000000045e+02	6.209999999999999964e+00	1.223349999999999937e+01	1.168399999999999928e+01	1.218379265683803503e+01
2.609300000000000068e+02	6.209999999999999964e+00	1.249479999999999968e+01	1.194929999999999914e+01	1.244569429657754078e+01
2.664800000000000182e+02	6.209999999999999964e+00	1.275600000000000023e+01	1.220780000000000065e+01	1.264706294632734185e+01
2.720400000000000205e+02	6.209999999999999964e+00	1.300980000000000025e+01	1.246160000000000068e+01	1.283388064042355481e+01
2.775899999999999750e+02	6.209999999999999964e+00	1.325980000000000025e+01	1.271059999999999945e+01	1.311228942342068571e+01
2.831499999999999773e+02	6.209999999999999964e+00	1.350609999999999999e+01	1.295669999999999966e+01	1.330875059155678919e+01
1.942599999999999909e+02	6.889999999999999680e+00	6.154099999999999682e+00	5.595379999999999576e+00	6.643778132346127130e+00
1.970399999999999920e+02	6.889999999999999680e+00	6.478799999999999670e+00	5.927489999999999704e+00	7.211714725101980861e+00
1.998199999999999932e+02	6.889999999999999680e+00	6.848200000000000287e+00	6.322169999999999845e+00	7.709981799386213197e+00
2.025900000000000034e+02	6.889999999999999680e+00	7.299800000000000288e+00	6.802620000000000111e+00	8.693912317979751947e+00
2.053700000000000045e+02	6.889999999999999680e+00	7.833499999999999908e+00	7.354420000000000179e+00	8.958187895921689403e+00
2.109300000000000068e+02	6.889999999999999680e+00	8.781399999999999650e+00	8.310660000000000380e+00	9.380211011656037101e+00
2.164799999999999898e+02	6.889999999999999680e+00	9.438299999999999912e+00	8.965909999999999158e+00	9.861982161079630771e+00
2.220399999999999920e+02	6.889999999999999680e+00	9.964499999999999247e+00	9.468310000000000670e+00	1.030694688100258993e+01
2.275900000000000034e+02	6.889999999999999680e+00	1.041230000000000011e+01	9.889099999999999113e+00	1.025295539511708398e+01
2.331500000000000057e+02	6.889999999999999680e+00	1.080039999999999978e+01	1.026200000000000045e+01	1.052418492156632723e+01
2.387100000000000080e+02	6.889999999999999680e+00	1.114750000000000085e+01	1.060249999999999915e+01	1.082892391569833279e+01
2.442599999999999909e+02	6.889999999999999680e+00	1.146850000000000058e+01	1.091960000000000086e+01	1.114446196145504153e+01
2.498199999999999932e+02	6.889999999999999680e+00	1.176699999999999946e+01	1.122029999999999994e+01	1.140095411520089463e+01
2.553700000000000045e+02	6.889999999999999680e+00	1.205439999999999934e+01	1.150750000000000028e+01	1.176114379347135852e+01
2.609300000000000068e+02	6.889999999999999680e+00	1.233060000000000045e+01	1.178519999999999968e+01	1.200979928838966160e+01
2.664800000000000182e+02	6.889999999999999680e+00	1.259929999999999950e+01	1.205419999999999980e+01	1.227413580582522101e+01
2.720400000000000205e+02	6.889999999999999680e+00	1.286420000000000030e+01	1.231719999999999970e+01	1.248828243588619635e+01
2.775899999999999750e+02	6.889999999999999680e+00	1.312170000000000059e+01	1.257450000000000045e+01	1.271817806154930253e+01
2.831499999999999773e+02	6.889999999999999680e+00	1.337550000000000061e+01	1.282779999999999987e+01	1.294236428476666667e+01
1.942599999999999909e+02	8.269999999999999574e+00	5.993599999999999817e+00	5.414670000000000094e+00	5.643873441047208672e+00
1.970399999999999920e+02	8.269999999999999574e+00	6.247399999999999842e+00	5.672640000000000349e+00	5.931810576185275963e+00
1.998199999999999932e+02	8.269999999999999574e+00	6.523600000000000065e+00	5.950689999999999813e+00	6.297837421035718641e+00
2.025900000000000034e+02	8.269999999999999574e+00	6.825800000000000090e+00	6.252559999999999896e+00	6.997567651061069149e+00
2.053700000000000045e+02	8.269999999999999574e+00	7.150500000000000078e+00	6.584769999999999790e+00	7.506202264436926619e+00
2.109300000000000068e+02	8.269999999999999574e+00	7.885699999999999932e+00	7.329649999999999999e+00	8.318852603702547199e+00
2.164799999999999898e+02	8.269999999999999574e+00	8.639599999999999724e+00	8.082019999999999982e+00	8.336467216234968447e+00
2.220399999999999920e+02	8.269999999999999574e+00	9.288999999999999702e+00	8.727289999999999992e+00	8.934155822622150467e+00
2.275900000000000034e+02	8.269999999999999574e+00	9.818899999999999295e+00	9.259999999999999787e+00	9.407042270129741368e+00
2.331500000000000057e+02	8.269999999999999574e+00	1.027420000000000044e+01	9.715519999999999712e+00	9.744276238368822618e+00
2.387100000000000080e+02	8.269999999999999574e+00	1.067730000000000068e+01	1.011829999999999963e+01	1.002452730541801174e+01
2.442599999999999909e+02	8.269999999999999574e+00	1.104299999999999926e+01	1.048390000000000022e+01	1.038135210043505730e+01
2.498199999999999932e+02	8.269999999999999574e+00	1.138260000000000005e+01	1.082349999999999923e+01	1.064201120331686035e+01
2.553700000000000045e+02	8.269999999999999574e+00	1.170359999999999978e+01	1.114279999999999937e+01	1.093072928199325844e+01
2.609300000000000068e+02	8.269999999999999574e+00	1.200210000000000043e+01	1.144730000000000025e+01	1.119631374927065437e+01
2.664800000000000182e+02	8.269999999999999574e+00	1.229320000000000057e+01	1.173939999999999984e+01	1.146618552243030287e+01
2.720400000000000205e+02	8.269999999999999574e+00	1.257690000000000019e+01	1.202229999999999954e+01	1.181270238643354986e+01
2.775899999999999750e+02	8.269999999999999574e+00	1.285299999999999976e+01	1.229700000000000060e+01	1.207959221951258577e+01
2.831499999999999773e+02	8.269999999999999574e+00	1.312170000000000059e+01	1.256589999999999918e+01	1.272932136439439077e+01
1.942599999999999909e+02	1.033999999999999986e+01	5.900299999999999656e+00	5.272079999999999878e+00	5.953431871396201558e+00
1.970399999999999920e+02	1.033999999999999986e+01	6.113000000000000433e+00	5.489410000000000345e+00	6.209850971895664706e+00
1.998199999999999932e+02	1.033999999999999986e+01	6.340700000000000003e+00	5.714769999999999683e+00	6.498730082403779917e+00
2.025900000000000034e+02	1.033999999999999986e+01	6.572099999999999831e+00	5.948339999999999961e+00	6.768884950780275744e+00
2.053700000000000045e+02	1.033999999999999986e+01	6.814700000000000202e+00	6.192800000000000082e+00	7.806497665739491332e+00
2.109300000000000068e+02	1.033999999999999986e+01	7.340900000000000425e+00	6.714570000000000149e+00	8.371551031683621247e+00
2.164799999999999898e+02	1.033999999999999986e+01	7.900699999999999612e+00	7.274980000000000224e+00	9.132235760387823476e+00
2.220399999999999920e+02	1.033999999999999986e+01	8.479100000000000747e+00	7.853399999999999714e+00	9.509325808059401197e+00
2.275900000000000034e+02	1.033999999999999986e+01	9.038899999999999935e+00	8.414020000000000721e+00	1.001415367056275052e+01
2.331500000000000057e+02	1.033999999999999986e+01	9.557700000000000529e+00	8.934649999999999537e+00	1.045371429652081119e+01
2.387100000000000080e+02	1.033999999999999986e+01	1.002420000000000044e+01	9.407849999999999824e+00	1.084543042607815977e+01
2.442599999999999909e+02	1.033999999999999986e+01	1.044589999999999996e+01	9.837460000000000093e+00	1.138002418417470629e+01
2.498199999999999932e+02	1.033999999999999986e+01	1.083399999999999963e+01	1.023269999999999946e+01	1.166623545734915091e+01
2.553700000000000045e+02	1.033999999999999986e+01	1.119229999999999947e+01	1.059929999999999950e+01	1.201472511182582004e+01
2.609300000000000068e+02	1.033999999999999986e+01	1.152439999999999998e+01	1.094449999999999967e+01	1.238733732156551604e+01
2.664800000000000182e+02	1.033999999999999986e+01	1.184539999999999971e+01	1.127149999999999963e+01	1.279119591205939166e+01
2.720400000000000205e+02	1.033999999999999986e+01	1.215520000000000067e+01	1.158500000000000085e+01	1.307057200987287615e+01
2.775899999999999750e+02	1.033999999999999986e+01	1.245369999999999955e+01	1.188640000000000008e+01	1.321000550873578838e+01
2.831499999999999773e+02	1.033999999999999986e+01	1.274479999999999968e+01	1.217900000000000027e+01	1.318106416098150113e+01
1.942599999999999909e+02	1.378999999999999915e+01	5.803300000000000125e+00	5.160870000000000068e+00	6.427463797280926094e+00
1.970399999999999920e+02	1.378999999999999915e+01	5.986100000000000421e+00	5.350270000000000081e+00	6.623222653318924458e+00
1.998199999999999932e+02	1.378999999999999915e+01	6.180200000000000138e+00	5.542970000000000397e+00	6.222559189212051756e+00
2.025900000000000034e+02	1.378999999999999915e+01	6.374299999999999855e+00	5.738470000000000404e+00	6.429851777866603335e+00
2.053700000000000045e+02	1.378999999999999915e+01	6.568299999999999805e+00	5.938349999999999795e+00	6.691748602438091886e+00
2.109300000000000068e+02	1.378999999999999915e+01	6.967699999999999783e+00	6.349730000000000096e+00	7.260067195860396616e+00
2.164799999999999898e+02	1.378999999999999915e+01	7.385600000000000165e+00	6.775990000000000180e+00	7.849218681548213006e+00
2.220399999999999920e+02	1.378999999999999915e+01	7.818599999999999994e+00	7.217100000000000293e+00	8.417025722636413576e+00
2.275900000000000034e+02	1.378999999999999915e+01	8.262700000000000600e+00	7.667049999999999699e+00	8.980985982370324194e+00
2.331500000000000057e+02	1.378999999999999915e+01	8.710499999999999687e+00	8.120369999999999422e+00	9.494433041320377242e+00
2.387100000000000080e+02	1.378999999999999915e+01	9.158400000000000318e+00	8.568419999999999703e+00	9.965025554814811670e+00
2.442599999999999909e+02	1.378999999999999915e+01	9.587500000000000355e+00	9.003849999999999909e+00	1.040662121507691573e+01
2.498199999999999932e+02	1.378999999999999915e+01	1.000549999999999962e+01	9.423859999999999459e+00	1.066732629309431246e+01
2.553700000000000045e+02	1.378999999999999915e+01	1.040479999999999983e+01	9.824939999999999785e+00	1.104673806241951262e+01
2.609300000000000068e+02	1.378999999999999915e+01	1.078550000000000075e+01	1.020839999999999925e+01	1.137925569640256640e+01
2.664800000000000182e+02	1.378999999999999915e+01	1.114750000000000085e+01	1.057390000000000008e+01	1.166591930010386946e+01
2.720400000000000205e+02	1.378999999999999915e+01	1.149830000000000041e+01	1.092450000000000010e+01	1.195449991085019725e+01
2.775899999999999750e+02	1.378999999999999915e+01	1.183419999999999916e+01	1.126079999999999970e+01	1.271126940975419650e+01
2.831499999999999773e+02	1.378999999999999915e+01	1.215889999999999915e+01	1.158569999999999922e+01	1.298838387509034398e+01
