# Temperature (K)	Pressure (MPa)	Experimental(kJ/mol)	NIST(kJ/mol)	Model(kJ/mol)
1.800000000000000000e+02	3.200000000000000178e+00	7.157000000000000028e+00	8.670930000000000248e+00	9.268807630827156530e+00
1.850000000000000000e+02	3.200000000000000178e+00	7.581699999999999662e+00	9.097229999999999706e+00	9.800051969841250710e+00
1.900000000000000000e+02	3.200000000000000178e+00	7.924500000000000099e+00	9.432550000000000878e+00	1.008141622640866331e+01
2.000000000000000000e+02	3.200000000000000178e+00	8.508300000000000196e+00	9.995900000000000674e+00	1.058696495003416338e+01
2.100000000000000000e+02	3.200000000000000178e+00	8.974099999999999966e+00	1.048949999999999960e+01	1.112183449062996310e+01
3.387099999999999795e+02	3.450000000000000178e+00	4.254000000000000004e-01	1.566549999999999976e+01	1.400136087822405706e+01
2.942599999999999909e+02	3.450000000000000178e+00	5.661000000000000476e-01	1.390900000000000070e+01	1.400136087822405706e+01
3.109300000000000068e+02	3.450000000000000178e+00	4.993000000000000216e-01	1.456509999999999927e+01	1.400136087822405706e+01
3.275899999999999750e+02	3.450000000000000178e+00	4.552999999999999825e-01	1.522330000000000005e+01	1.400136087822405706e+01
3.442599999999999909e+02	3.450000000000000178e+00	4.190999999999999726e-01	1.588739999999999952e+01	1.400136087822405706e+01
3.609300000000000068e+02	3.450000000000000178e+00	3.803000000000000269e-01	1.655930000000000035e+01	1.400136087822405706e+01
3.775899999999999750e+02	3.450000000000000178e+00	3.512000000000000122e-01	1.724060000000000059e+01	1.400136087822405706e+01
9.981999999999999318e+01	0.000000000000000000e+00	8.449299999999999145e+00	7.901449999999999640e+00	1.502497904253555339e+00
1.053700000000000045e+02	0.000000000000000000e+00	8.632099999999999440e+00	8.086130000000000706e+00	1.502497904253555339e+00
1.109300000000000068e+02	0.000000000000000000e+00	8.818699999999999761e+00	8.271160000000000068e+00	1.502497904253555339e+00
1.164800000000000040e+02	0.000000000000000000e+00	9.001599999999999824e+00	8.455859999999999488e+00	1.502497904253555339e+00
1.220400000000000063e+02	0.000000000000000000e+00	9.184499999999999886e+00	8.640900000000000247e+00	1.502497904253555339e+00
1.275900000000000034e+02	0.000000000000000000e+00	9.367300000000000182e+00	8.825620000000000687e+00	1.502497904253555339e+00
1.331500000000000057e+02	0.000000000000000000e+00	9.553900000000000503e+00	9.010690000000000310e+00	9.328497904253559625e+00
1.387100000000000080e+02	0.000000000000000000e+00	9.736800000000000566e+00	9.195790000000000575e+00	9.515097904253558170e+00
1.442599999999999909e+02	0.000000000000000000e+00	9.919700000000000628e+00	9.380570000000000519e+00	9.698999980990022252e+00
1.498199999999999932e+02	0.000000000000000000e+00	1.010260000000000069e+01	9.565720000000000667e+00	9.898395827517097345e+00
1.553700000000000045e+02	0.000000000000000000e+00	1.028919999999999924e+01	9.750569999999999737e+00	1.008709998099002014e+01
1.609300000000000068e+02	0.000000000000000000e+00	1.047199999999999953e+01	9.935810000000000031e+00	1.029061805438101906e+01
1.664799999999999898e+02	0.000000000000000000e+00	1.065489999999999959e+01	1.012079999999999913e+01	1.047368885951734718e+01
1.720399999999999920e+02	0.000000000000000000e+00	1.083779999999999966e+01	1.030620000000000047e+01	1.066301098014869098e+01
1.775900000000000034e+02	0.000000000000000000e+00	1.102439999999999998e+01	1.049140000000000050e+01	1.087350370131461119e+01
1.831500000000000057e+02	0.000000000000000000e+00	1.120720000000000027e+01	1.067699999999999960e+01	1.105211391297071621e+01
1.859300000000000068e+02	0.000000000000000000e+00	1.130049999999999955e+01	1.076989999999999981e+01	1.125707979438359096e+01
1.887100000000000080e+02	0.000000000000000000e+00	1.139380000000000059e+01	1.086280000000000001e+01	1.135558068900218842e+01
1.905900000000000034e+02	0.000000000000000000e+00	1.145730000000000004e+01	1.092559999999999931e+01	1.142480117798359629e+01
1.942599999999999909e+02	0.000000000000000000e+00	1.158039999999999914e+01	1.104840000000000089e+01	1.154563312307566747e+01
1.970399999999999920e+02	0.000000000000000000e+00	1.167370000000000019e+01	1.114150000000000063e+01	1.163950581639421600e+01
1.998199999999999932e+02	0.000000000000000000e+00	1.176699999999999946e+01	1.123460000000000036e+01	1.173484409152788999e+01
2.025900000000000034e+02	0.000000000000000000e+00	1.186030000000000051e+01	1.132750000000000057e+01	1.184376932299589313e+01
2.053700000000000045e+02	0.000000000000000000e+00	1.195359999999999978e+01	1.142070000000000007e+01	1.194256966390571151e+01
2.109300000000000068e+02	0.000000000000000000e+00	1.214020000000000010e+01	1.160749999999999993e+01	1.213448069156578768e+01
2.164799999999999898e+02	0.000000000000000000e+00	1.232680000000000042e+01	1.179429999999999978e+01	1.232925934979183680e+01
2.220399999999999920e+02	0.000000000000000000e+00	1.251340000000000074e+01	1.198179999999999978e+01	1.225590914893287930e+01
2.275900000000000034e+02	0.000000000000000000e+00	1.269999999999999929e+01	1.216929999999999978e+01	1.251568286974901412e+01
2.331500000000000057e+02	0.000000000000000000e+00	1.288659999999999961e+01	1.235779999999999923e+01	1.264553675950793021e+01
2.387100000000000080e+02	0.000000000000000000e+00	1.307319999999999993e+01	1.254669999999999952e+01	1.286397464044899408e+01
2.442599999999999909e+02	0.000000000000000000e+00	1.325980000000000025e+01	1.273590000000000089e+01	1.305700402627195800e+01
2.498199999999999932e+02	0.000000000000000000e+00	1.345020000000000060e+01	1.292600000000000016e+01	1.333043127321776034e+01
2.553700000000000045e+02	0.000000000000000000e+00	1.364049999999999940e+01	1.311660000000000004e+01	1.352218521106217430e+01
2.609300000000000068e+02	0.000000000000000000e+00	1.383079999999999998e+01	1.330819999999999936e+01	1.369581076283380305e+01
2.664800000000000182e+02	0.000000000000000000e+00	1.402120000000000033e+01	1.350019999999999953e+01	1.390417586656568361e+01
2.720400000000000205e+02	0.000000000000000000e+00	1.421519999999999939e+01	1.369350000000000023e+01	1.410133771559040383e+01
2.775899999999999750e+02	0.000000000000000000e+00	1.440930000000000000e+01	1.388729999999999976e+01	1.429995485324463367e+01
2.831499999999999773e+02	0.000000000000000000e+00	1.460340000000000060e+01	1.408239999999999981e+01	1.449431183669729073e+01
1.275900000000000034e+02	3.400000000000000244e-01	1.533900000000000041e+00	9.115229999999999722e-01	9.342065816152235413e+00
1.331500000000000057e+02	3.400000000000000244e-01	9.359899999999999665e+00	8.768509999999999138e+00	9.528665816152235735e+00
1.387100000000000080e+02	3.400000000000000244e-01	9.546499999999999986e+00	8.975479999999999237e+00	9.711565816152235797e+00
1.442599999999999909e+02	3.400000000000000244e-01	9.733100000000000307e+00	9.178520000000000678e+00	9.883046950292015964e+00
1.498199999999999932e+02	3.400000000000000244e-01	9.927099999999999369e+00	9.379250000000000753e+00	1.007364861089750363e+01
1.553700000000000045e+02	3.400000000000000244e-01	1.012119999999999997e+01	9.577540000000000830e+00	1.026954861089750182e+01
1.609300000000000068e+02	3.400000000000000244e-01	1.031530000000000058e+01	9.774530000000000385e+00	1.046409708030488162e+01
1.664799999999999898e+02	3.400000000000000244e-01	1.050929999999999964e+01	9.969839999999999591e+00	1.062274363812432476e+01
1.720399999999999920e+02	3.400000000000000244e-01	1.070340000000000025e+01	1.016440000000000055e+01	1.088930238338081757e+01
1.775900000000000034e+02	3.400000000000000244e-01	1.089750000000000085e+01	1.035779999999999923e+01	1.105702186637899942e+01
1.831500000000000057e+02	3.400000000000000244e-01	1.108779999999999966e+01	1.055090000000000039e+01	1.123771398014416611e+01
1.859300000000000068e+02	3.400000000000000244e-01	1.118479999999999919e+01	1.064719999999999978e+01	1.133809967596205937e+01
1.887100000000000080e+02	3.400000000000000244e-01	1.127810000000000024e+01	1.074339999999999939e+01	1.141888086559928261e+01
1.905900000000000034e+02	3.400000000000000244e-01	1.134529999999999994e+01	1.080840000000000067e+01	1.148432948866754266e+01
1.942599999999999909e+02	3.400000000000000244e-01	1.146850000000000058e+01	1.093510000000000026e+01	1.160057383062074976e+01
1.970399999999999920e+02	3.400000000000000244e-01	1.156550000000000011e+01	1.103100000000000058e+01	1.160334846044372803e+01
1.998199999999999932e+02	3.400000000000000244e-01	1.165879999999999939e+01	1.112689999999999912e+01	1.169554924257803563e+01
2.025900000000000034e+02	3.400000000000000244e-01	1.175580000000000069e+01	1.122240000000000038e+01	1.178760782455444200e+01
2.053700000000000045e+02	3.400000000000000244e-01	1.184909999999999997e+01	1.131819999999999915e+01	1.189028916858719676e+01
2.109300000000000068e+02	3.400000000000000244e-01	1.203950000000000031e+01	1.150970000000000049e+01	1.210083108766758286e+01
2.164799999999999898e+02	3.400000000000000244e-01	1.222979999999999912e+01	1.170079999999999920e+01	1.239092435649875590e+01
2.220399999999999920e+02	3.400000000000000244e-01	1.242009999999999970e+01	1.189240000000000030e+01	1.231542189948998001e+01
2.275900000000000034e+02	3.400000000000000244e-01	1.261050000000000004e+01	1.208370000000000033e+01	1.252387256519989123e+01
2.331500000000000057e+02	3.400000000000000244e-01	1.280080000000000062e+01	1.227570000000000050e+01	1.270372851405369197e+01
2.387100000000000080e+02	3.400000000000000244e-01	1.299109999999999943e+01	1.246790000000000020e+01	1.292216639499475939e+01
2.442599999999999909e+02	3.400000000000000244e-01	1.318520000000000003e+01	1.266019999999999968e+01	1.311056219781120546e+01
2.498199999999999932e+02	3.400000000000000244e-01	1.337550000000000061e+01	1.285330000000000084e+01	1.334309755385145202e+01
2.553700000000000045e+02	3.400000000000000244e-01	1.356589999999999918e+01	1.304649999999999999e+01	1.354461755385145061e+01
2.609300000000000068e+02	3.400000000000000244e-01	1.375990000000000002e+01	1.324070000000000036e+01	1.373152938483453056e+01
2.664800000000000182e+02	3.400000000000000244e-01	1.395400000000000063e+01	1.343520000000000003e+01	1.392035970801819289e+01
2.720400000000000205e+02	3.400000000000000244e-01	1.415179999999999971e+01	1.363080000000000069e+01	1.412318219991502311e+01
2.775899999999999750e+02	3.400000000000000244e-01	1.434960000000000058e+01	1.382680000000000042e+01	1.430979578951025566e+01
2.831499999999999773e+02	3.400000000000000244e-01	1.454739999999999966e+01	1.402399999999999913e+01	1.450918413750654956e+01
1.442599999999999909e+02	6.899999999999999467e-01	9.531599999999999184e+00	8.935200000000000031e+00	9.010315454746669062e+00
1.498199999999999932e+02	6.899999999999999467e-01	9.733100000000000307e+00	9.160360000000000724e+00	9.522825603307770947e+00
1.553700000000000045e+02	6.899999999999999467e-01	9.938299999999999912e+00	9.378249999999999531e+00	9.704756342482482978e+00
1.609300000000000068e+02	6.899999999999999467e-01	1.014359999999999928e+01	9.591599999999999682e+00	9.941904238554144513e+00
1.664799999999999898e+02	6.899999999999999467e-01	1.034510000000000041e+01	9.800800000000000622e+00	1.016791727202209827e+01
1.720399999999999920e+02	6.899999999999999467e-01	1.054669999999999952e+01	1.000740000000000052e+01	1.039693402460922833e+01
1.775900000000000034e+02	6.899999999999999467e-01	1.074820000000000064e+01	1.021119999999999983e+01	1.060456614957309540e+01
1.831500000000000057e+02	6.899999999999999467e-01	1.094599999999999973e+01	1.041350000000000087e+01	1.079096422937451294e+01
1.859300000000000068e+02	6.899999999999999467e-01	1.104669999999999952e+01	1.051399999999999935e+01	1.091734901532301372e+01
1.887100000000000080e+02	6.899999999999999467e-01	1.114380000000000059e+01	1.061420000000000030e+01	1.101525324177736387e+01
1.905900000000000034e+02	6.899999999999999467e-01	1.121100000000000030e+01	1.068169999999999931e+01	1.106558486781118766e+01
1.942599999999999909e+02	6.899999999999999467e-01	1.134159999999999968e+01	1.081320000000000014e+01	1.120056985094174529e+01
1.970399999999999920e+02	6.899999999999999467e-01	1.144229999999999947e+01	1.091249999999999964e+01	1.132674108235497457e+01
1.998199999999999932e+02	6.899999999999999467e-01	1.153940000000000055e+01	1.101159999999999961e+01	1.143678961344853562e+01
2.025900000000000034e+02	6.899999999999999467e-01	1.164390000000000036e+01	1.111009999999999920e+01	1.153529702213192820e+01
2.053700000000000045e+02	6.899999999999999467e-01	1.173719999999999963e+01	1.120880000000000010e+01	1.159740796659030515e+01
2.109300000000000068e+02	6.899999999999999467e-01	1.193500000000000050e+01	1.140579999999999927e+01	1.188005259745045095e+01
2.164799999999999898e+02	6.899999999999999467e-01	1.212899999999999956e+01	1.160190000000000055e+01	1.201476315158911667e+01
2.220399999999999920e+02	6.899999999999999467e-01	1.232310000000000016e+01	1.179809999999999981e+01	1.219750779991765199e+01
2.275900000000000034e+02	6.899999999999999467e-01	1.251720000000000077e+01	1.199360000000000070e+01	1.248677651678331024e+01
2.331500000000000057e+02	6.899999999999999467e-01	1.271499999999999986e+01	1.218950000000000067e+01	1.269338070053015954e+01
2.387100000000000080e+02	6.899999999999999467e-01	1.291280000000000072e+01	1.238540000000000063e+01	1.282675012931712999e+01
2.442599999999999909e+02	6.899999999999999467e-01	1.310679999999999978e+01	1.258109999999999928e+01	1.302494579802043440e+01
2.498199999999999932e+02	6.899999999999999467e-01	1.330090000000000039e+01	1.277730000000000032e+01	1.323981164661246446e+01
2.553700000000000045e+02	6.899999999999999467e-01	1.349869999999999948e+01	1.297349999999999959e+01	1.344133164661246305e+01
2.609300000000000068e+02	6.899999999999999467e-01	1.369650000000000034e+01	1.317050000000000054e+01	1.362824347759554655e+01
2.664800000000000182e+02	6.899999999999999467e-01	1.389429999999999943e+01	1.336759999999999948e+01	1.381707380077920888e+01
2.720400000000000205e+02	6.899999999999999467e-01	1.409210000000000029e+01	1.356569999999999965e+01	1.402625780225841545e+01
2.775899999999999750e+02	6.899999999999999467e-01	1.428989999999999938e+01	1.376399999999999935e+01	1.423247856712585779e+01
2.831499999999999773e+02	6.899999999999999467e-01	1.448770000000000024e+01	1.396340000000000003e+01	1.442637304189822522e+01
1.498199999999999932e+02	1.030000000000000027e+00	2.892300000000000093e+00	8.907339999999999591e+00	9.522825603307770947e+00
1.553700000000000045e+02	1.030000000000000027e+00	9.707000000000000739e+00	9.156230000000000757e+00	3.871842765545973286e+00
1.609300000000000068e+02	1.030000000000000027e+00	9.938299999999999912e+00	9.392580000000000595e+00	4.071542765545977716e+00
1.664799999999999898e+02	1.030000000000000027e+00	1.016600000000000037e+01	9.620050000000000878e+00	9.788269322966351993e+00
1.720399999999999920e+02	1.030000000000000027e+00	1.038250000000000028e+01	9.841739999999999711e+00	1.015702352647574891e+01
1.775900000000000034e+02	1.030000000000000027e+00	1.059520000000000017e+01	1.005829999999999913e+01	9.561429082031304816e+00
1.831500000000000057e+02	1.030000000000000027e+00	1.080790000000000006e+01	1.027149999999999963e+01	9.676869133496040831e+00
1.859300000000000068e+02	1.030000000000000027e+00	1.091610000000000014e+01	1.037689999999999912e+01	1.047491957220438863e+01
1.887100000000000080e+02	1.030000000000000027e+00	1.101689999999999969e+01	1.048170000000000002e+01	1.057500665475054724e+01
1.905900000000000034e+02	1.030000000000000027e+00	1.106540000000000035e+01	1.055209999999999937e+01	1.052060851798024110e+01
1.942599999999999909e+02	1.030000000000000027e+00	1.122220000000000084e+01	1.068900000000000006e+01	1.073505053752136362e+01
1.970399999999999920e+02	1.030000000000000027e+00	1.132670000000000066e+01	1.079209999999999958e+01	1.124283704277574891e+01
1.998199999999999932e+02	1.030000000000000027e+00	1.142740000000000045e+01	1.089480000000000004e+01	1.133684263555885607e+01
2.025900000000000034e+02	1.030000000000000027e+00	1.153190000000000026e+01	1.099670000000000059e+01	1.144515395490097553e+01
2.053700000000000045e+02	1.030000000000000027e+00	1.163269999999999982e+01	1.109859999999999935e+01	1.152267916394857750e+01
2.109300000000000068e+02	1.030000000000000027e+00	1.183419999999999916e+01	1.130150000000000077e+01	1.174824526074999476e+01
2.164799999999999898e+02	1.030000000000000027e+00	1.203570000000000029e+01	1.150300000000000011e+01	1.190607802266904436e+01
2.220399999999999920e+02	1.030000000000000027e+00	1.223349999999999937e+01	1.170400000000000063e+01	1.213373379954902731e+01
2.275900000000000034e+02	1.030000000000000027e+00	1.243510000000000026e+01	1.190409999999999968e+01	1.233265109311322405e+01
2.331500000000000057e+02	1.030000000000000027e+00	1.263659999999999961e+01	1.210410000000000075e+01	1.251493624133738258e+01
2.387100000000000080e+02	1.030000000000000027e+00	1.283440000000000047e+01	1.230380000000000074e+01	1.272894338152030080e+01
2.442599999999999909e+02	1.030000000000000027e+00	1.303219999999999956e+01	1.250290000000000035e+01	1.290847433458902493e+01
2.498199999999999932e+02	1.030000000000000027e+00	1.323000000000000043e+01	1.270250000000000057e+01	1.309694034447137057e+01
2.553700000000000045e+02	1.030000000000000027e+00	1.343149999999999977e+01	1.290169999999999995e+01	1.330154938626551697e+01
2.609300000000000068e+02	1.030000000000000027e+00	1.362930000000000064e+01	1.310149999999999970e+01	1.350277669491753940e+01
2.664800000000000182e+02	1.030000000000000027e+00	1.383079999999999998e+01	1.330129999999999946e+01	1.369269282474893501e+01
2.720400000000000205e+02	1.030000000000000027e+00	1.403240000000000087e+01	1.350189999999999912e+01	1.389260517355513613e+01
2.775899999999999750e+02	1.030000000000000027e+00	1.423390000000000022e+01	1.370260000000000034e+01	1.409031385784105339e+01
2.831499999999999773e+02	1.030000000000000027e+00	1.443169999999999931e+01	1.390419999999999945e+01	1.427746734594241218e+01
1.609300000000000068e+02	1.379999999999999893e+00	9.707000000000000739e+00	9.155680000000000263e+00	3.833332076266994015e+00
1.664799999999999898e+02	1.379999999999999893e+00	9.960699999999999221e+00	9.411129999999999995e+00	9.550058633687370957e+00
1.720399999999999920e+02	1.379999999999999893e+00	1.019960000000000022e+01	9.654090000000000060e+00	9.744355479970963074e+00
1.775900000000000034e+02	1.379999999999999893e+00	1.043099999999999916e+01	9.887620000000000076e+00	1.000123726803133195e+01
1.831500000000000057e+02	1.379999999999999893e+00	1.065859999999999985e+01	1.011490000000000045e+01	1.024219207736054749e+01
1.859300000000000068e+02	1.379999999999999893e+00	1.077059999999999995e+01	1.022649999999999970e+01	1.038542265393771480e+01
1.887100000000000080e+02	1.379999999999999893e+00	1.087880000000000003e+01	1.033689999999999998e+01	1.045467133553362338e+01
1.905900000000000034e+02	1.379999999999999893e+00	1.095340000000000025e+01	1.041099999999999959e+01	1.052271847197746624e+01
1.942599999999999909e+02	1.379999999999999893e+00	1.109529999999999994e+01	1.055439999999999934e+01	1.071620737566778736e+01
1.970399999999999920e+02	1.379999999999999893e+00	1.120350000000000001e+01	1.066210000000000058e+01	1.145258079147115460e+01
1.998199999999999932e+02	1.379999999999999893e+00	1.131170000000000009e+01	1.076900000000000013e+01	1.123698307155724940e+01
2.025900000000000034e+02	1.379999999999999893e+00	1.141249999999999964e+01	1.087490000000000023e+01	1.132774498982824873e+01
2.053700000000000045e+02	1.379999999999999893e+00	1.152069999999999972e+01	1.098060000000000080e+01	1.154077252921270258e+01
2.109300000000000068e+02	1.379999999999999893e+00	1.172969999999999935e+01	1.119040000000000035e+01	1.160996474811857837e+01
2.164799999999999898e+02	1.379999999999999893e+00	1.193500000000000050e+01	1.139799999999999969e+01	1.171062660990703996e+01
2.220399999999999920e+02	1.379999999999999893e+00	1.214020000000000010e+01	1.160459999999999958e+01	1.248438830180349335e+01
2.275900000000000034e+02	1.379999999999999893e+00	1.234549999999999947e+01	1.180969999999999942e+01	1.266761022364965505e+01
2.331500000000000057e+02	1.379999999999999893e+00	1.255070000000000086e+01	1.201420000000000066e+01	1.285819583598137150e+01
2.387100000000000080e+02	1.379999999999999893e+00	1.275600000000000023e+01	1.221809999999999974e+01	1.305833243062495796e+01
2.442599999999999909e+02	1.379999999999999893e+00	1.295749999999999957e+01	1.242120000000000068e+01	1.326996132308837772e+01
2.498199999999999932e+02	1.379999999999999893e+00	1.315910000000000046e+01	1.262420000000000009e+01	1.328234588157639529e+01
2.553700000000000045e+02	1.379999999999999893e+00	1.336059999999999981e+01	1.282680000000000042e+01	1.351625790552887985e+01
2.609300000000000068e+02	1.379999999999999893e+00	1.356209999999999916e+01	1.302970000000000006e+01	1.380269416003743288e+01
2.664800000000000182e+02	1.379999999999999893e+00	1.376370000000000005e+01	1.323240000000000016e+01	1.393421608809902423e+01
2.720400000000000205e+02	1.379999999999999893e+00	1.396519999999999939e+01	1.343560000000000088e+01	1.415743301598189063e+01
2.775899999999999750e+02	1.379999999999999893e+00	1.416670000000000051e+01	1.363879999999999981e+01	1.436549079381067529e+01
2.831499999999999773e+02	1.379999999999999893e+00	1.436819999999999986e+01	1.384280000000000044e+01	1.459279150706015926e+01
1.664799999999999898e+02	1.719999999999999973e+00	9.725600000000000023e+00	9.175330000000000652e+00	9.986148105253031204e+00
1.720399999999999920e+02	1.719999999999999973e+00	9.998100000000000875e+00	9.449350000000000804e+00	1.021121933776736057e+01
1.775900000000000034e+02	1.719999999999999973e+00	1.025559999999999938e+01	9.705489999999999284e+00	1.047908795995626363e+01
1.831500000000000057e+02	1.719999999999999973e+00	1.049440000000000062e+01	9.950369999999999493e+00	1.059411215071592594e+01
1.859300000000000068e+02	1.719999999999999973e+00	1.061379999999999946e+01	1.006949999999999967e+01	1.073315446392368600e+01
1.887100000000000080e+02	1.719999999999999973e+00	1.072949999999999982e+01	1.018670000000000009e+01	1.089554845491254476e+01
1.905900000000000034e+02	1.719999999999999973e+00	1.080790000000000006e+01	1.026510000000000034e+01	1.090966049564904061e+01
1.942599999999999909e+02	1.719999999999999973e+00	1.095720000000000027e+01	1.041610000000000014e+01	1.084951979022922508e+01
1.970399999999999920e+02	1.719999999999999973e+00	1.106910000000000061e+01	1.052899999999999991e+01	1.096231769649480903e+01
1.998199999999999932e+02	1.719999999999999973e+00	1.118110000000000070e+01	1.064080000000000048e+01	1.108525527226599294e+01
2.025900000000000034e+02	1.719999999999999973e+00	1.129310000000000080e+01	1.075120000000000076e+01	1.107805948524768702e+01
2.053700000000000045e+02	1.719999999999999973e+00	1.139760000000000062e+01	1.086100000000000065e+01	1.133888373124113969e+01
2.164799999999999898e+02	1.719999999999999973e+00	1.183050000000000068e+01	1.129269999999999996e+01	1.146094110532647825e+01
2.220399999999999920e+02	1.719999999999999973e+00	1.204320000000000057e+01	1.150520000000000032e+01	1.203888417350369799e+01
2.275900000000000034e+02	1.719999999999999973e+00	1.225220000000000020e+01	1.171570000000000000e+01	1.229518879381518026e+01
2.331500000000000057e+02	1.719999999999999973e+00	1.246119999999999983e+01	1.192500000000000071e+01	1.246878486637288752e+01
2.387100000000000080e+02	1.719999999999999973e+00	1.267019999999999946e+01	1.213330000000000020e+01	1.268692495721330893e+01
2.442599999999999909e+02	1.719999999999999973e+00	1.287540000000000084e+01	1.234029999999999916e+01	1.285307858708206474e+01
2.498199999999999932e+02	1.719999999999999973e+00	1.308070000000000022e+01	1.254710000000000036e+01	1.302315419569451471e+01
2.553700000000000045e+02	1.719999999999999973e+00	1.328599999999999959e+01	1.275309999999999988e+01	1.321980351665612652e+01
2.609300000000000068e+02	1.719999999999999973e+00	1.349119999999999919e+01	1.295909999999999940e+01	1.355171503375934705e+01
2.664800000000000182e+02	1.719999999999999973e+00	1.369650000000000034e+01	1.316469999999999985e+01	1.368509008026979501e+01
2.720400000000000205e+02	1.719999999999999973e+00	1.390169999999999995e+01	1.337059999999999960e+01	1.389259008026979458e+01
2.775899999999999750e+02	1.719999999999999973e+00	1.410699999999999932e+01	1.357639999999999958e+01	1.408742493031673249e+01
2.831499999999999773e+02	1.719999999999999973e+00	1.431230000000000047e+01	1.378270000000000017e+01	1.440295496637616424e+01
1.720399999999999920e+02	2.069999999999999840e+00	9.755499999999999616e+00	9.204290000000000305e+00	9.317592636443668752e+00
1.775900000000000034e+02	2.069999999999999840e+00	1.005030000000000001e+01	9.495340000000000558e+00	9.509118964432932586e+00
1.831500000000000057e+02	2.069999999999999840e+00	1.032269999999999932e+01	9.764939999999999287e+00	9.816550225870802393e+00
1.859300000000000068e+02	2.069999999999999840e+00	1.044960000000000022e+01	9.894030000000000769e+00	1.002432053838651882e+01
1.887100000000000080e+02	2.069999999999999840e+00	1.057280000000000086e+01	1.002009999999999934e+01	1.010393791304953304e+01
1.905900000000000034e+02	2.069999999999999840e+00	1.065859999999999985e+01	1.010389999999999944e+01	1.036248805443461229e+01
1.942599999999999909e+02	2.069999999999999840e+00	1.081910000000000061e+01	1.026449999999999996e+01	1.052930793315140257e+01
1.970399999999999920e+02	2.069999999999999840e+00	1.093479999999999919e+01	1.038390000000000057e+01	1.174633687326360487e+01
1.998199999999999932e+02	2.069999999999999840e+00	1.105790000000000006e+01	1.050159999999999982e+01	1.158982351421958867e+01
2.025900000000000034e+02	2.069999999999999840e+00	1.116990000000000016e+01	1.061739999999999995e+01	1.104604098322663930e+01
2.053700000000000045e+02	2.069999999999999840e+00	1.128560000000000052e+01	1.073230000000000040e+01	1.116437274182619710e+01
2.109300000000000068e+02	2.069999999999999840e+00	1.150949999999999918e+01	1.095850000000000080e+01	1.141923829893422493e+01
2.164799999999999898e+02	2.069999999999999840e+00	1.172600000000000087e+01	1.118060000000000009e+01	1.163144904504062893e+01
2.220399999999999920e+02	2.069999999999999840e+00	1.194239999999999924e+01	1.139990000000000059e+01	1.185400074540538107e+01
2.275900000000000034e+02	2.069999999999999840e+00	1.215889999999999915e+01	1.161640000000000050e+01	1.206071830233427988e+01
2.331500000000000057e+02	2.069999999999999840e+00	1.237160000000000082e+01	1.183109999999999928e+01	1.224697816350833257e+01
2.387100000000000080e+02	2.069999999999999840e+00	1.258430000000000071e+01	1.204429999999999978e+01	1.246481145444943373e+01
2.442599999999999909e+02	2.069999999999999840e+00	1.279330000000000034e+01	1.225569999999999915e+01	1.269280894696612805e+01
2.498199999999999932e+02	2.069999999999999840e+00	1.300229999999999997e+01	1.246649999999999991e+01	1.295092599876902995e+01
2.553700000000000045e+02	2.069999999999999840e+00	1.321129999999999960e+01	1.267609999999999992e+01	1.312032574605975555e+01
2.609300000000000068e+02	2.069999999999999840e+00	1.342029999999999923e+01	1.288560000000000016e+01	1.335209244576234155e+01
2.664800000000000182e+02	2.069999999999999840e+00	1.362930000000000064e+01	1.309430000000000049e+01	1.357317589444130057e+01
2.720400000000000205e+02	2.069999999999999840e+00	1.383830000000000027e+01	1.330310000000000059e+01	1.378067589444130014e+01
2.775899999999999750e+02	2.069999999999999840e+00	1.404359999999999964e+01	1.351159999999999961e+01	1.397806682284740099e+01
2.831499999999999773e+02	2.069999999999999840e+00	1.425249999999999950e+01	1.372049999999999947e+01	1.419468477087398917e+01
1.720399999999999920e+02	2.410000000000000142e+00	9.460599999999999454e+00	8.908709999999999241e+00	9.319994352395545079e+00
1.775900000000000034e+02	2.410000000000000142e+00	9.815200000000000813e+00	9.259130000000000749e+00	9.525383685541163103e+00
1.831500000000000057e+02	2.410000000000000142e+00	1.012119999999999997e+01	9.564109999999999445e+00	9.832814946979032911e+00
1.859300000000000068e+02	2.410000000000000142e+00	1.026299999999999990e+01	9.706440000000000623e+00	1.005001648479182208e+01
1.887100000000000080e+02	2.410000000000000142e+00	1.040109999999999957e+01	9.843840000000000146e+00	1.012963385945483630e+01
1.905900000000000034e+02	2.410000000000000142e+00	1.049070000000000036e+01	9.934419999999999362e+00	1.034532920456174487e+01
1.942599999999999909e+02	2.410000000000000142e+00	1.066239999999999988e+01	1.010670000000000002e+01	1.051214908327853514e+01
1.970399999999999920e+02	2.410000000000000142e+00	1.079299999999999926e+01	1.023380000000000045e+01	1.172917802339073567e+01
1.998199999999999932e+02	2.410000000000000142e+00	1.091610000000000014e+01	1.035839999999999961e+01	1.182217228685089694e+01
2.025900000000000034e+02	2.410000000000000142e+00	1.103930000000000078e+01	1.048039999999999949e+01	1.067934814237827190e+01
2.053700000000000045e+02	2.410000000000000142e+00	1.115869999999999962e+01	1.060089999999999932e+01	1.072719336880501118e+01
2.109300000000000068e+02	2.410000000000000142e+00	1.139010000000000034e+01	1.083719999999999928e+01	1.129813051164176052e+01
2.164799999999999898e+02	2.410000000000000142e+00	1.161769999999999925e+01	1.106770000000000032e+01	1.157614384358854842e+01
2.220399999999999920e+02	2.410000000000000142e+00	1.184169999999999945e+01	1.129439999999999955e+01	1.266461027609630285e+01
2.275900000000000034e+02	2.410000000000000142e+00	1.206189999999999962e+01	1.151730000000000054e+01	1.290100478365387993e+01
2.331500000000000057e+02	2.410000000000000142e+00	1.228200000000000003e+01	1.173780000000000001e+01	1.311604174852634763e+01
2.387100000000000080e+02	2.410000000000000142e+00	1.250220000000000020e+01	1.195599999999999952e+01	1.334099412497226034e+01
2.442599999999999909e+02	2.410000000000000142e+00	1.271499999999999986e+01	1.217200000000000060e+01	1.351275887886179561e+01
2.498199999999999932e+02	2.410000000000000142e+00	1.292769999999999975e+01	1.238700000000000045e+01	1.372176132515115832e+01
2.553700000000000045e+02	2.410000000000000142e+00	1.314039999999999964e+01	1.260040000000000049e+01	1.353819790327580819e+01
2.609300000000000068e+02	2.410000000000000142e+00	1.335309999999999953e+01	1.281329999999999991e+01	1.356661152658504399e+01
2.664800000000000182e+02	2.410000000000000142e+00	1.356589999999999918e+01	1.302519999999999989e+01	1.387184313389399648e+01
2.720400000000000205e+02	2.410000000000000142e+00	1.377480000000000082e+01	1.323700000000000010e+01	1.408254153313104773e+01
2.775899999999999750e+02	2.410000000000000142e+00	1.398380000000000045e+01	1.344819999999999993e+01	1.428630026151834009e+01
2.831499999999999773e+02	2.410000000000000142e+00	1.419280000000000008e+01	1.365970000000000084e+01	1.453313414133985226e+01
1.775900000000000034e+02	2.759999999999999787e+00	9.512900000000000134e+00	8.960679999999999978e+00	9.253886084166197179e+00
1.831500000000000057e+02	2.759999999999999787e+00	9.878600000000000492e+00	9.327070000000000860e+00	9.507748202411709926e+00
1.859300000000000068e+02	2.759999999999999787e+00	1.003909999999999947e+01	9.489440000000000097e+00	9.715948384881341937e+00
1.887100000000000080e+02	2.759999999999999787e+00	1.019589999999999996e+01	9.643039999999999168e+00	9.845786340053994223e+00
1.905900000000000034e+02	2.759999999999999787e+00	1.030030000000000001e+01	9.743000000000000327e+00	1.021361921386008476e+01
1.942599999999999909e+02	2.759999999999999787e+00	1.048690000000000033e+01	9.930839999999999890e+00	1.039390225461402473e+01
1.970399999999999920e+02	2.759999999999999787e+00	1.062500000000000000e+01	1.006789999999999985e+01	1.055239848507155287e+01
1.998199999999999932e+02	2.759999999999999787e+00	1.075939999999999941e+01	1.020120000000000005e+01	1.065362601087294436e+01
2.025900000000000034e+02	2.759999999999999787e+00	1.088630000000000031e+01	1.033089999999999975e+01	1.097874302958894610e+01
2.053700000000000045e+02	2.759999999999999787e+00	1.101319999999999943e+01	1.045839999999999925e+01	1.098944388254715321e+01
2.109300000000000068e+02	2.759999999999999787e+00	1.125949999999999918e+01	1.070659999999999989e+01	1.121268934460743694e+01
2.164799999999999898e+02	2.759999999999999787e+00	1.149830000000000041e+01	1.094710000000000072e+01	1.144041039731212805e+01
2.220399999999999920e+02	2.759999999999999787e+00	1.173339999999999961e+01	1.118229999999999968e+01	1.170755795273467115e+01
2.275900000000000034e+02	2.759999999999999787e+00	1.196110000000000007e+01	1.141249999999999964e+01	1.194395246029224822e+01
2.331500000000000057e+02	2.759999999999999787e+00	1.218500000000000050e+01	1.163940000000000019e+01	1.218786844053003371e+01
2.387100000000000080e+02	2.759999999999999787e+00	1.240889999999999915e+01	1.186330000000000062e+01	1.240318089964273973e+01
2.442599999999999909e+02	2.759999999999999787e+00	1.262909999999999933e+01	1.208430000000000071e+01	1.264199156652029998e+01
2.498199999999999932e+02	2.759999999999999787e+00	1.284559999999999924e+01	1.230380000000000074e+01	1.285099401280966269e+01
2.553700000000000045e+02	2.759999999999999787e+00	1.306199999999999939e+01	1.252139999999999986e+01	1.318212476983852888e+01
2.609300000000000068e+02	2.759999999999999787e+00	1.327849999999999930e+01	1.273799999999999955e+01	1.319208472872865201e+01
2.664800000000000182e+02	2.759999999999999787e+00	1.349489999999999945e+01	1.295340000000000025e+01	1.349731633603760628e+01
2.720400000000000205e+02	2.759999999999999787e+00	1.370770000000000088e+01	1.316830000000000034e+01	1.370466373471979082e+01
2.775899999999999750e+02	2.759999999999999787e+00	1.392040000000000077e+01	1.338240000000000052e+01	1.393110796630151249e+01
2.831499999999999773e+02	2.759999999999999787e+00	1.413310000000000066e+01	1.359660000000000046e+01	1.412640855716836263e+01
1.831500000000000057e+02	3.100000000000000089e+00	9.591300000000000381e+00	9.050280000000000769e+00	7.700221373714053463e+00
1.859300000000000068e+02	3.100000000000000089e+00	9.789099999999999469e+00	9.244949999999999335e+00	8.103005953383224380e+00
1.887100000000000080e+02	3.100000000000000089e+00	9.968199999999999505e+00	9.422319999999999141e+00	7.345105173205785043e+00
1.905900000000000034e+02	3.100000000000000089e+00	1.008760000000000012e+01	9.535259999999999181e+00	7.506127240712737958e+00
1.942599999999999909e+02	3.100000000000000089e+00	1.029659999999999975e+01	9.743629999999999569e+00	8.581846081569290519e+00
1.970399999999999920e+02	3.100000000000000089e+00	1.044589999999999996e+01	9.893200000000000216e+00	8.766769165612052106e+00
1.998199999999999932e+02	3.100000000000000089e+00	1.059140000000000015e+01	1.003720000000000034e+01	8.867276926181364871e+00
2.025900000000000034e+02	3.100000000000000089e+00	1.073329999999999984e+01	1.017619999999999969e+01	9.022657981353493284e+00
2.053700000000000045e+02	3.100000000000000089e+00	1.086759999999999948e+01	1.031179999999999986e+01	9.090783605185432492e+00
2.109300000000000068e+02	3.100000000000000089e+00	1.112889999999999979e+01	1.057360000000000078e+01	1.005896929284114982e+01
2.164799999999999898e+02	3.100000000000000089e+00	1.137889999999999979e+01	1.082520000000000060e+01	1.028410531671446115e+01
2.220399999999999920e+02	3.100000000000000089e+00	1.162149999999999928e+01	1.106959999999999944e+01	1.074506376096956650e+01
2.275900000000000034e+02	3.100000000000000089e+00	1.185660000000000025e+01	1.130770000000000053e+01	1.099573461144538022e+01
2.331500000000000057e+02	3.100000000000000089e+00	1.208799999999999919e+01	1.154139999999999944e+01	1.123544662889104195e+01
2.387100000000000080e+02	3.100000000000000089e+00	1.231939999999999991e+01	1.177130000000000010e+01	1.145960376655489377e+01
2.442599999999999909e+02	3.100000000000000089e+00	1.254330000000000034e+01	1.199760000000000026e+01	1.168334165566689897e+01
2.498199999999999932e+02	3.100000000000000089e+00	1.276350000000000051e+01	1.222180000000000000e+01	1.191350930857237422e+01
2.553700000000000045e+02	3.100000000000000089e+00	1.298370000000000068e+01	1.244350000000000023e+01	1.214275980930142573e+01
2.609300000000000068e+02	3.100000000000000089e+00	1.320390000000000086e+01	1.266409999999999947e+01	1.234590291901815640e+01
2.664800000000000182e+02	3.100000000000000089e+00	1.342029999999999923e+01	1.288289999999999935e+01	1.256756604438204938e+01
2.720400000000000205e+02	3.100000000000000089e+00	1.363679999999999914e+01	1.310110000000000063e+01	1.277508177983581383e+01
2.775899999999999750e+02	3.100000000000000089e+00	1.385319999999999929e+01	1.331809999999999938e+01	1.298078191275697613e+01
2.831499999999999773e+02	3.100000000000000089e+00	1.406969999999999921e+01	1.353500000000000014e+01	1.323775176789892427e+01
1.831500000000000057e+02	3.450000000000000178e+00	9.218099999999999739e+00	8.671160000000000423e+00	7.952804234148945994e+00
1.859300000000000068e+02	3.450000000000000178e+00	9.471799999999999997e+00	8.935850000000000293e+00	8.355588813818114247e+00
1.887100000000000080e+02	3.450000000000000178e+00	9.695800000000000196e+00	9.155760000000000787e+00	8.400774549067460129e+00
1.905900000000000034e+02	3.450000000000000178e+00	9.848800000000000665e+00	9.289680000000000604e+00	8.561796616574413932e+00
1.942599999999999909e+02	3.450000000000000178e+00	1.008760000000000012e+01	9.528729999999999478e+00	9.534760988782919000e+00
1.970399999999999920e+02	3.450000000000000178e+00	1.025929999999999964e+01	9.695830000000000837e+00	9.733814828610276138e+00
1.998199999999999932e+02	3.450000000000000178e+00	1.041600000000000037e+01	9.854150000000000631e+00	9.932090878005412904e+00
2.025900000000000034e+02	3.450000000000000178e+00	1.056910000000000061e+01	1.000510000000000055e+01	1.008747193317754132e+01
2.053700000000000045e+02	3.450000000000000178e+00	1.071460000000000079e+01	1.015090000000000003e+01	1.015559755700948052e+01
2.109300000000000068e+02	3.450000000000000178e+00	1.099080000000000013e+01	1.042960000000000065e+01	1.082461784847431652e+01
2.164799999999999898e+02	3.450000000000000178e+00	1.125200000000000067e+01	1.069430000000000014e+01	1.104975387234762962e+01
2.220399999999999920e+02	3.450000000000000178e+00	1.150580000000000069e+01	1.094960000000000022e+01	1.149647288958978031e+01
2.275900000000000034e+02	3.450000000000000178e+00	1.174840000000000018e+01	1.119660000000000011e+01	1.208018353761820229e+01
2.331500000000000057e+02	3.450000000000000178e+00	1.198719999999999963e+01	1.143800000000000061e+01	1.226770067975175849e+01
2.387100000000000080e+02	3.450000000000000178e+00	1.222230000000000061e+01	1.167450000000000010e+01	1.255311630533330280e+01
2.442599999999999909e+02	3.450000000000000178e+00	1.245369999999999955e+01	1.190659999999999918e+01	1.276236941289484506e+01
2.498199999999999932e+02	3.450000000000000178e+00	1.267759999999999998e+01	1.213599999999999923e+01	1.300255750081869621e+01
2.553700000000000045e+02	3.450000000000000178e+00	1.290160000000000018e+01	1.236239999999999917e+01	1.324410971901318845e+01
2.609300000000000068e+02	3.450000000000000178e+00	1.312550000000000061e+01	1.258699999999999974e+01	1.346770387216939469e+01
2.664800000000000182e+02	3.450000000000000178e+00	1.334570000000000078e+01	1.280959999999999965e+01	1.364504757122959511e+01
2.720400000000000205e+02	3.450000000000000178e+00	1.356589999999999918e+01	1.303120000000000012e+01	1.385297614265816613e+01
2.775899999999999750e+02	3.450000000000000178e+00	1.378599999999999959e+01	1.325140000000000029e+01	1.411283823481710797e+01
2.831499999999999773e+02	3.450000000000000178e+00	1.400619999999999976e+01	1.347119999999999962e+01	1.416859501245880537e+01
1.859300000000000068e+02	3.790000000000000036e+00	9.035199999999999676e+00	8.516379999999999839e+00	9.474540896740952789e+00
1.887100000000000080e+02	3.790000000000000036e+00	9.378500000000000725e+00	8.831649999999999778e+00	9.697908208029367927e+00
1.905900000000000034e+02	3.790000000000000036e+00	9.565099999999999270e+00	9.003130000000000521e+00	9.854668540002851529e+00
1.942599999999999909e+02	3.790000000000000036e+00	9.852499999999999147e+00	9.290089999999999293e+00	1.008068791958429955e+01
1.970399999999999920e+02	3.790000000000000036e+00	1.004659999999999975e+01	9.481730000000000658e+00	1.025908341615393304e+01
1.998199999999999932e+02	3.790000000000000036e+00	1.022199999999999953e+01	9.658939999999999415e+00	1.041219668387886088e+01
2.025900000000000034e+02	3.790000000000000036e+00	1.038620000000000054e+01	9.824939999999999785e+00	1.055625678764612729e+01
2.053700000000000045e+02	3.790000000000000036e+00	1.054289999999999949e+01	9.983349999999999724e+00	1.072918190774257674e+01
2.109300000000000068e+02	3.790000000000000036e+00	1.084520000000000017e+01	1.028170000000000073e+01	1.099059732107075682e+01
2.164799999999999898e+02	3.790000000000000036e+00	1.112509999999999977e+01	1.056140000000000079e+01	1.123491733243310442e+01
2.220399999999999920e+02	3.790000000000000036e+00	1.138640000000000008e+01	1.082859999999999978e+01	1.159889003660691920e+01
2.275900000000000034e+02	3.790000000000000036e+00	1.164010000000000034e+01	1.108539999999999992e+01	1.208018353761820229e+01
2.331500000000000057e+02	3.790000000000000036e+00	1.189020000000000010e+01	1.133500000000000085e+01	1.226770067975175849e+01
2.387100000000000080e+02	3.790000000000000036e+00	1.213279999999999959e+01	1.157850000000000001e+01	1.255311630533330280e+01
2.442599999999999909e+02	3.790000000000000036e+00	1.236790000000000056e+01	1.181670000000000087e+01	1.276236941289484506e+01
2.498199999999999932e+02	3.790000000000000036e+00	1.259929999999999950e+01	1.205129999999999946e+01	1.300255750081869621e+01
2.553700000000000045e+02	3.790000000000000036e+00	1.283070000000000022e+01	1.228240000000000087e+01	1.324410971901318845e+01
2.609300000000000068e+02	3.790000000000000036e+00	1.305829999999999913e+01	1.251130000000000031e+01	1.346770387216939469e+01
2.664800000000000182e+02	3.790000000000000036e+00	1.328219999999999956e+01	1.273770000000000024e+01	1.371254973715665315e+01
2.720400000000000205e+02	3.790000000000000036e+00	1.350609999999999999e+01	1.296279999999999966e+01	1.393829973715665282e+01
2.775899999999999750e+02	3.790000000000000036e+00	1.373010000000000019e+01	1.318609999999999971e+01	1.411283823481710797e+01
2.831499999999999773e+02	3.790000000000000036e+00	1.395030000000000037e+01	1.340889999999999915e+01	1.416859501245880537e+01
1.887100000000000080e+02	4.139999999999999680e+00	8.889599999999999724e+00	8.340550000000000352e+00	8.881718982533953977e+00
1.905900000000000034e+02	4.139999999999999680e+00	9.173299999999999343e+00	8.615330000000000155e+00	9.056238771743263527e+00
1.942599999999999909e+02	4.139999999999999680e+00	9.553900000000000503e+00	8.997769999999999158e+00	9.282258151324711548e+00
1.970399999999999920e+02	4.139999999999999680e+00	9.792799999999999727e+00	9.229430000000000689e+00	9.460653647894345042e+00
1.998199999999999932e+02	4.139999999999999680e+00	9.998100000000000875e+00	9.434670000000000556e+00	1.001352977035996439e+01
2.025900000000000034e+02	4.139999999999999680e+00	1.018469999999999942e+01	9.621700000000000585e+00	1.008387712995348728e+01
2.053700000000000045e+02	4.139999999999999680e+00	1.036379999999999946e+01	9.796770000000000422e+00	1.032111481222244009e+01
2.109300000000000068e+02	4.139999999999999680e+00	1.068469999999999942e+01	1.012010000000000076e+01	1.062753951096769356e+01
2.164799999999999898e+02	4.139999999999999680e+00	1.098329999999999984e+01	1.041799999999999926e+01	1.090206395493791902e+01
2.220399999999999920e+02	4.139999999999999680e+00	1.126319999999999943e+01	1.069919999999999938e+01	1.119049474155805690e+01
2.275900000000000034e+02	4.139999999999999680e+00	1.152820000000000000e+01	1.096720000000000006e+01	1.142365279629963482e+01
2.331500000000000057e+02	4.139999999999999680e+00	1.178570000000000029e+01	1.122610000000000063e+01	1.165651279629963710e+01
2.387100000000000080e+02	4.139999999999999680e+00	1.203200000000000003e+01	1.147739999999999938e+01	1.188072610303022003e+01
2.442599999999999909e+02	4.139999999999999680e+00	1.227459999999999951e+01	1.172230000000000061e+01	1.214236410595532689e+01
2.498199999999999932e+02	4.139999999999999680e+00	1.251340000000000074e+01	1.196279999999999966e+01	1.236330410595532570e+01
2.553700000000000045e+02	4.139999999999999680e+00	1.274849999999999994e+01	1.219899999999999984e+01	1.258641831348907303e+01
2.609300000000000068e+02	4.139999999999999680e+00	1.297990000000000066e+01	1.243249999999999922e+01	1.259851746518776139e+01
2.664800000000000182e+02	4.139999999999999680e+00	1.321129999999999960e+01	1.266300000000000026e+01	1.325606252265424700e+01
2.720400000000000205e+02	4.139999999999999680e+00	1.343520000000000003e+01	1.289179999999999993e+01	1.347580395615479532e+01
2.775899999999999750e+02	4.139999999999999680e+00	1.365920000000000023e+01	1.311849999999999916e+01	1.341298658222817330e+01
2.831499999999999773e+02	4.139999999999999680e+00	1.388310000000000066e+01	1.334430000000000049e+01	1.400756606733246379e+01
1.905900000000000034e+02	4.309999999999999609e+00	8.923199999999999577e+00	8.354689999999999728e+00	9.177639943936780398e+00
1.942599999999999909e+02	4.309999999999999609e+00	9.382300000000000750e+00	8.829579999999999984e+00	9.559425957213649738e+00
1.970399999999999920e+02	4.309999999999999609e+00	9.639799999999999258e+00	9.090830000000000410e+00	9.797732950575214872e+00
1.998199999999999932e+02	4.309999999999999609e+00	9.863699999999999690e+00	9.314780000000000726e+00	1.001352977035996439e+01
2.025900000000000034e+02	4.309999999999999609e+00	1.006900000000000084e+01	9.514989999999999171e+00	1.008387712995348728e+01
2.053700000000000045e+02	4.309999999999999609e+00	1.025559999999999938e+01	9.700070000000000192e+00	1.032111481222244009e+01
2.109300000000000068e+02	4.309999999999999609e+00	1.059890000000000043e+01	1.003780000000000072e+01	1.062753951096769356e+01
2.164799999999999898e+02	4.309999999999999609e+00	1.090869999999999962e+01	1.034580000000000055e+01	1.090206395493791902e+01
2.220399999999999920e+02	4.309999999999999609e+00	1.119599999999999973e+01	1.063449999999999918e+01	1.119049474155805690e+01
2.275900000000000034e+02	4.309999999999999609e+00	1.146850000000000058e+01	1.090840000000000032e+01	1.142365279629963482e+01
2.331500000000000057e+02	4.309999999999999609e+00	1.173719999999999963e+01	1.117210000000000036e+01	1.165651279629963710e+01
2.387100000000000080e+02	4.309999999999999609e+00	1.198349999999999937e+01	1.142750000000000021e+01	1.188072610303022003e+01
2.442599999999999909e+02	4.309999999999999609e+00	1.222979999999999912e+01	1.167580000000000062e+01	1.214236410595532689e+01
2.498199999999999932e+02	4.309999999999999609e+00	1.247240000000000038e+01	1.191929999999999978e+01	1.236330410595532570e+01
2.553700000000000045e+02	4.309999999999999609e+00	1.270749999999999957e+01	1.215809999999999924e+01	1.258641831348907303e+01
2.609300000000000068e+02	4.309999999999999609e+00	1.294260000000000055e+01	1.239390000000000036e+01	1.259851746518776139e+01
2.664800000000000182e+02	4.309999999999999609e+00	1.317399999999999949e+01	1.262650000000000006e+01	1.325606252265424700e+01
2.720400000000000205e+02	4.309999999999999609e+00	1.340160000000000018e+01	1.285710000000000086e+01	1.347580395615479532e+01
2.775899999999999750e+02	4.309999999999999609e+00	1.362930000000000064e+01	1.308549999999999969e+01	1.341298658222817330e+01
2.831499999999999773e+02	4.309999999999999609e+00	1.385699999999999932e+01	1.331290000000000084e+01	1.400756606733246379e+01
