Temperature (K)	Pressure (MPa)	Density (kg/m3)	Volume (m3/kg)	Internal Energy (kJ/mol)	Enthalpy (kJ/mol)	Entropy (J/mol*K)	Cv (J/mol*K)	Cp (J/mol*K)	Sound Spd. (m/s)	Joule-Thomson (K/MPa)	Viscosity (uPa*s)	Therm. Cond. (W/m*K)	Phase
294.260	0.00000	0.00000	infinite	12.0288	14.4754	-9.99996e+06	27.2519	35.5664	446.134	undefined	10.9368	0.0333473	vapor
294.260	1.72000	11.6377	0.0859273	11.8254	14.1964	82.4132	27.5427	37.3269	440.663	4.40029	11.1928	0.0345616	vapor
294.260	3.45000	24.0933	0.0415053	11.6118	13.9090	75.9058	27.8403	39.3561	436.414	4.26535	11.5297	0.0359845	vapor
294.260	5.17000	37.2411	0.0268520	11.3908	13.6179	71.8041	28.1361	41.6381	433.804	4.09229	11.9539	0.0376669	supercritical
294.260	6.89000	51.1288	0.0195585	11.1620	13.3239	68.6620	28.4243	44.1569	433.246	3.87564	12.4769	0.0396610	supercritical
294.260	8.62000	65.7567	0.0152076	10.9259	13.0290	66.0360	28.6978	46.8504	435.238	3.61373	13.1097	0.0420105	supercritical
294.260	10.3400	80.7873	0.0123782	10.6883	12.7416	63.7745	28.9443	49.5508	440.197	3.31575	13.8470	0.0446850	supercritical
310.930	0.00000	0.00000	infinite	12.4883	15.0735	-9.99996e+06	27.8897	36.2042	457.369	undefined	11.4730	0.0356827	vapor
310.930	1.72000	10.9475	0.0913452	12.3011	14.8217	84.4800	28.1335	37.7125	453.255	3.91031	11.7187	0.0368145	vapor
310.930	3.45000	22.5146	0.0444157	12.1068	14.5651	78.0745	28.3787	39.3969	450.298	3.78284	12.0311	0.0381130	vapor
310.930	5.17000	34.5572	0.0289375	11.9080	14.3081	74.0856	28.6190	41.2317	448.793	3.62909	12.4129	0.0396104	supercritical
310.930	6.89000	47.1020	0.0212305	11.7044	14.0511	71.0662	28.8517	43.2000	449.011	3.44626	12.8706	0.0413398	supercritical
310.930	8.62000	60.1491	0.0166253	11.4964	13.7955	68.5701	29.0730	45.2618	451.269	3.23369	13.4108	0.0433290	supercritical
310.930	10.3400	73.4274	0.0136189	11.2882	13.5473	66.4385	29.2757	47.3156	455.803	2.99784	14.0273	0.0455528	supercritical
327.590	0.00000	0.00000	infinite	12.9588	15.6825	-9.99996e+06	28.5982	36.9127	468.125	undefined	11.9981	0.0381091	vapor
327.590	1.72000	10.3404	0.0967081	12.7855	15.4540	86.4611	28.8053	38.2203	465.130	3.48525	12.2340	0.0391700	vapor
327.590	3.45000	21.1564	0.0472669	12.6071	15.2233	80.1365	29.0111	39.6455	463.214	3.36665	12.5259	0.0403669	vapor
327.590	5.17000	32.3003	0.0309594	12.4262	14.9940	76.2346	29.2112	41.1617	462.585	3.22958	12.8740	0.0417208	supercritical
327.590	6.89000	43.7915	0.0228355	12.2424	14.7666	73.3077	29.4040	42.7547	463.426	3.07253	13.2823	0.0432542	supercritical
327.590	8.62000	55.6341	0.0179746	12.0559	14.5415	70.9078	29.5878	44.3984	465.948	2.89527	13.7550	0.0449862	supercritical
327.590	10.3400	67.6015	0.0147926	11.8700	14.3238	68.8716	29.7579	46.0258	470.286	2.70257	14.2860	0.0468947	supercritical
344.260	0.00000	0.00000	infinite	13.4418	16.3042	-9.99996e+06	29.3697	37.6843	478.466	undefined	12.5130	0.0406311	vapor
344.260	1.72000	9.80083	0.102032	13.2807	16.0961	88.3727	29.5476	38.8290	476.406	3.11384	12.7399	0.0416300	vapor
344.260	3.45000	19.9702	0.0500745	13.1158	15.8874	82.1137	29.7231	40.0532	475.343	3.00446	13.0142	0.0427419	vapor
344.260	5.17000	30.3635	0.0329343	12.9497	15.6813	78.2810	29.8926	41.3323	475.423	2.88191	13.3348	0.0439806	supercritical
344.260	6.89000	40.9984	0.0243912	12.7820	15.4780	75.4262	30.0556	42.6554	476.772	2.74535	13.7042	0.0453623	supercritical
344.260	8.62000	51.8838	0.0192738	12.6125	15.2779	73.1002	30.2113	44.0052	479.539	2.59470	14.1254	0.0469009	supercritical
344.260	10.3400	62.8251	0.0159172	12.4443	15.0846	71.1370	30.3566	45.3346	483.793	2.43363	14.5925	0.0485765	supercritical
360.930	0.00000	0.00000	infinite	13.9382	16.9392	-9.99996e+06	30.1952	38.5097	488.434	undefined	13.0180	0.0432466	vapor
360.930	1.72000	9.31780	0.107321	13.7877	16.7491	90.2247	30.3495	39.5204	487.162	2.78804	13.2364	0.0441909	vapor
360.930	3.45000	18.9231	0.0528454	13.6345	16.5593	84.0198	30.5008	40.5851	486.807	2.68766	13.4954	0.0452303	vapor
360.930	5.17000	28.6773	0.0348708	13.4808	16.3730	80.2431	30.6465	41.6819	487.470	2.57779	13.7930	0.0463741	supercritical
360.930	6.89000	38.5987	0.0259076	13.3264	16.1901	77.4458	30.7865	42.8031	489.241	2.45794	14.1310	0.0476344	supercritical
360.930	8.62000	48.7007	0.0205336	13.1709	16.0105	75.1784	30.9206	43.9369	492.226	2.32807	14.5116	0.0490221	supercritical
360.930	10.3400	58.8126	0.0170032	13.0170	15.8375	73.2727	31.0464	45.0489	496.455	2.19110	14.9291	0.0505190	supercritical
377.590	0.00000	0.00000	infinite	14.4485	17.5880	-9.99996e+06	31.0654	39.3799	498.067	undefined	13.5131	0.0459517	vapor
377.590	1.72000	8.88268	0.112579	14.3072	17.4137	92.0248	31.2003	40.2789	497.465	2.50136	13.7236	0.0468475	vapor
377.590	3.45000	17.9907	0.0555843	14.1641	17.2406	85.8649	31.3322	41.2145	497.705	2.40947	13.9692	0.0478243	vapor
377.590	5.17000	27.1924	0.0367750	14.0212	17.0713	82.1344	31.4589	42.1677	498.855	2.31069	14.2473	0.0488884	supercritical
377.590	6.89000	36.5077	0.0273914	13.8780	16.9057	79.3841	31.5807	43.1330	500.979	2.20471	14.5594	0.0500492	supercritical
377.590	8.62000	45.9537	0.0217611	13.7343	16.7436	77.1640	31.6976	44.1026	504.155	2.09151	14.9070	0.0513155	supercritical
377.590	10.3400	55.3779	0.0180577	13.5922	16.5877	75.3046	31.8078	45.0502	508.390	1.97345	15.2851	0.0526707	supercritical
409.820	5.07000	24.2739	0.0411965	15.1066	18.4574	85.8150	33.1511	43.3425	519.257	1.88426	15.0982	0.0540062	supercritical
409.820	5.07000	24.2739	0.0411965	15.1066	18.4574	85.8150	33.1511	43.3425	519.257	1.88426	15.0982	0.0540062	supercritical
409.820	5.07000	24.2739	0.0411965	15.1066	18.4574	85.8150	33.1511	43.3425	519.257	1.88426	15.0982	0.0540062	supercritical
365.930	5.07000	27.6510	0.0361650	13.6506	16.5922	81.0029	30.8767	41.7532	490.875	2.50046	13.9118	0.0470484	supercritical
365.930	5.07000	27.6510	0.0361650	13.6506	16.5922	81.0029	30.8767	41.7532	490.875	2.50046	13.9118	0.0470484	supercritical
365.930	5.07000	27.6510	0.0361650	13.6506	16.5922	81.0029	30.8767	41.7532	490.875	2.50046	13.9118	0.0470484	supercritical
365.930	5.07000	27.6510	0.0361650	13.6506	16.5922	81.0029	30.8767	41.7532	490.875	2.50046	13.9118	0.0470484	supercritical
343.150	5.07000	29.8698	0.0334786	12.9244	15.6475	78.3375	29.8350	41.2382	474.558	2.91120	13.2841	0.0437495	supercritical
343.150	5.07000	29.8698	0.0334786	12.9244	15.6475	78.3375	29.8350	41.2382	474.558	2.91120	13.2841	0.0437495	supercritical
343.150	5.07000	29.8698	0.0334786	12.9244	15.6475	78.3375	29.8350	41.2382	474.558	2.91120	13.2841	0.0437495	supercritical
334.820	5.07000	30.7889	0.0324792	12.6627	15.3044	77.3255	29.4862	41.1267	468.241	3.08100	13.0530	0.0426037	supercritical
334.260	5.07000	30.8531	0.0324117	12.6451	15.2814	77.2567	29.4634	41.1210	467.809	3.09284	13.0375	0.0425279	supercritical
332.590	5.07000	31.0463	0.0322099	12.5929	15.2127	77.0508	29.3962	41.1052	466.514	3.12846	12.9911	0.0423028	supercritical
121.100	5.00000	413.404	0.00241894	0.444881	0.638914	3.87617	32.5433	55.9536	1293.72	-0.398050	103.228	0.176179	liquid
121.100	5.00000	413.404	0.00241894	0.444881	0.638914	3.87617	32.5433	55.9536	1293.72	-0.398050	103.228	0.176179	liquid
121.100	5.00000	413.404	0.00241894	0.444881	0.638914	3.87617	32.5433	55.9536	1293.72	-0.398050	103.228	0.176179	liquid
121.000	5.00000	413.549	0.00241809	0.439354	0.633319	3.82995	32.5501	55.9424	1294.68	-0.398505	103.429	0.176316	liquid
136.100	5.00000	390.510	0.00256075	1.28750	1.49291	10.5220	31.5995	58.0747	1145.43	-0.310610	78.0168	0.155479	liquid
136.200	5.00000	390.349	0.00256181	1.29322	1.49872	10.5647	31.5937	58.0925	1144.42	-0.309870	77.8759	0.155341	liquid
136.200	5.00000	390.349	0.00256181	1.29322	1.49872	10.5647	31.5937	58.0925	1144.42	-0.309870	77.8759	0.155341	liquid
151.300	5.00000	364.265	0.00274526	2.18038	2.40059	16.8411	30.8267	61.7131	984.288	-0.159980	59.5547	0.134514	liquid
151.300	5.00000	364.265	0.00274526	2.18038	2.40059	16.8411	30.8267	61.7131	984.288	-0.159980	59.5547	0.134514	liquid
151.200	5.00000	364.451	0.00274385	2.17433	2.39442	16.8003	30.8310	61.6811	985.397	-0.161294	59.6596	0.134652	liquid
165.100	5.00000	335.813	0.00297785	3.05189	3.29075	22.4675	30.3785	68.0506	821.880	0.0939880	46.5831	0.115304	liquid
165.100	5.00000	335.813	0.00297785	3.05189	3.29075	22.4675	30.3785	68.0506	821.880	0.0939880	46.5831	0.115304	liquid
165.100	5.00000	335.813	0.00297785	3.05189	3.29075	22.4675	30.3785	68.0506	821.880	0.0939880	46.5831	0.115304	liquid
165.000	5.00000	336.043	0.00297581	3.04525	3.28395	22.4263	30.3805	67.9851	823.139	0.0914354	46.6683	0.115445	liquid
175.600	5.00000	308.380	0.00324275	3.79217	4.05228	26.9361	30.3615	78.4046	678.908	0.475389	38.0612	0.100045	liquid
175.700	5.00000	308.078	0.00324593	3.79976	4.06013	26.9807	30.3638	78.5542	677.414	0.480578	37.9824	0.0998943	liquid
175.600	5.00000	308.380	0.00324275	3.79217	4.05228	26.9361	30.3615	78.4046	678.908	0.475389	38.0612	0.100045	liquid
175.500	5.00000	308.681	0.00323959	3.78459	4.04445	26.8914	30.3592	78.2564	680.400	0.470243	38.1400	0.100196	liquid
182.700	5.00000	283.566	0.00352652	4.37597	4.65885	30.3202	30.7669	94.9370	562.171	0.995897	32.3763	0.0889441	liquid
182.700	5.00000	283.566	0.00352652	4.37597	4.65885	30.3202	30.7669	94.9370	562.171	0.995897	32.3763	0.0889441	liquid
182.700	5.00000	283.566	0.00352652	4.37597	4.65885	30.3202	30.7669	94.9370	562.171	0.995897	32.3763	0.0889441	liquid
184.200	5.00000	277.036	0.00360964	4.51624	4.80579	31.1211	30.9561	101.269	533.606	1.16971	31.1040	0.0864874	liquid
186.400	5.00000	266.012	0.00375923	4.74081	5.04236	32.3977	31.3713	114.938	487.594	1.50495	29.1220	0.0828548	liquid
188.500	5.00000	252.913	0.00395392	4.98844	5.30560	33.8018	32.0516	138.393	436.776	1.97910	26.9959	0.0795671	liquid
191.000	5.00000	229.881	0.00435008	5.37820	5.72713	36.0223	33.9019	216.962	358.783	3.02657	23.7213	0.0771646	supercritical
192.700	5.00000	195.592	0.00511268	5.88079	6.29090	38.9587	38.6963	590.385	277.283	4.89898	19.5368	0.0796790	supercritical
192.600	5.00000	199.069	0.00502337	5.83220	6.23515	38.6693	38.1066	527.026	283.249	4.71113	19.9388	0.0786642	supercritical
195.400	5.00000	110.739	0.00903023	7.25292	7.97727	47.6630	36.1981	263.844	269.170	8.62133	11.6297	0.0551275	supercritical
198.000	5.00000	94.7770	0.0105511	7.62711	8.47346	50.1872	33.2206	146.893	283.341	8.97706	10.7968	0.0441955	supercritical
201.500	5.00000	83.7649	0.0119382	7.94035	8.89796	52.3135	31.4032	103.228	296.453	8.92200	10.3855	0.0387624	supercritical
201.500	5.00000	83.7649	0.0119382	7.94035	8.89796	52.3135	31.4032	103.228	296.453	8.92200	10.3855	0.0387624	supercritical
209.500	5.00000	70.2875	0.0142273	8.43086	9.57209	55.5982	29.5953	71.8082	318.313	8.36990	10.1122	0.0344008	supercritical
209.500	5.00000	70.2875	0.0142273	8.43086	9.57209	55.5982	29.5953	71.8082	318.313	8.36990	10.1122	0.0344008	supercritical
220.000	5.00000	60.4791	0.0165346	8.91529	10.2416	58.7191	28.5384	57.8332	340.202	7.57802	10.1350	0.0327950	supercritical
220.000	5.00000	60.4791	0.0165346	8.91529	10.2416	58.7191	28.5384	57.8332	340.202	7.57802	10.1350	0.0327950	supercritical
230.500	5.00000	54.0782	0.0184917	9.32790	10.8112	61.2495	27.9869	51.3338	358.249	6.87424	10.2955	0.0325461	supercritical
240.400	5.00000	49.6088	0.0201577	9.68349	11.3004	63.3282	27.7087	47.7750	373.065	6.29546	10.5013	0.0328303	supercritical
240.400	5.00000	49.6088	0.0201577	9.68349	11.3004	63.3282	27.7087	47.7750	373.065	6.29546	10.5013	0.0328303	supercritical
250.600	5.00000	45.9653	0.0217555	10.0298	11.7749	65.2613	27.5828	45.4143	386.738	5.77218	10.7426	0.0334102	supercritical
144.400	3.20000	373.468	0.00267760	1.81985	1.95731	14.3720	31.0816	60.8546	1030.05	-0.209492	65.1106	0.141189	liquid
144.300	3.20000	373.650	0.00267630	1.81384	1.95123	14.3298	31.0864	60.8253	1031.18	-0.210647	65.2299	0.141331	liquid
144.400	3.20000	373.468	0.00267760	1.81985	1.95731	14.3720	31.0816	60.8546	1030.05	-0.209492	65.1106	0.141189	liquid
146.200	3.20000	370.159	0.00270154	1.92865	2.06734	15.1292	30.9958	61.4049	1009.63	-0.187831	63.0002	0.138629	liquid
146.500	3.20000	369.601	0.00270562	1.94688	2.08578	15.2552	30.9819	61.5011	1006.20	-0.184055	62.6552	0.138202	liquid
154.900	3.20000	353.005	0.00283282	2.47006	2.61549	18.7702	30.6442	64.8618	906.183	-0.0540813	53.6804	0.126150	liquid
154.800	3.20000	353.215	0.00283114	2.46367	2.60901	18.7284	30.6476	64.8123	907.425	-0.0559630	53.7802	0.126295	liquid
164.900	3.20000	329.803	0.00303211	3.13934	3.29500	23.0190	30.4347	71.8318	773.083	0.200647	44.3294	0.111319	liquid
164.900	3.20000	329.803	0.00303211	3.13934	3.29500	23.0190	30.4347	71.8318	773.083	0.200647	44.3294	0.111319	liquid
174.300	3.20000	301.167	0.00332041	3.86036	4.03082	27.3547	30.6838	87.5144	619.807	0.694546	36.1256	0.0960528	liquid
178.400	3.20000	283.710	0.00352473	4.24067	4.42162	29.5701	31.2234	105.793	531.836	1.15010	32.3149	0.0883537	liquid
180.000	3.20000	57.4613	0.0174030	7.77751	8.67093	53.2821	33.1932	103.453	270.936	12.9145	8.03048	0.0317245	vapor
180.500	3.20000	56.5745	0.0176758	7.81388	8.72130	53.5616	32.7618	98.2013	273.157	12.8168	8.04099	0.0313390	vapor
180.600	3.20000	56.4053	0.0177288	7.82093	8.73107	53.6157	32.6821	97.2565	273.586	12.7973	8.04311	0.0312683	vapor
185.500	3.20000	50.1784	0.0199289	8.11042	9.13351	55.8158	30.2944	71.8043	290.680	11.8854	8.15500	0.0292606	vapor
193.200	3.20000	44.2081	0.0226203	8.46286	9.62411	58.4090	28.7915	57.8502	310.208	10.6837	8.35776	0.0278748	vapor
193.100	3.20000	44.2701	0.0225886	8.45869	9.61832	58.3791	28.8044	57.9635	309.985	10.6977	8.35498	0.0278927	vapor
202.900	3.20000	39.2922	0.0254504	8.83767	10.1442	61.0371	27.8980	50.3083	329.568	9.48964	8.63929	0.0273254	vapor
202.900	3.20000	39.2922	0.0254504	8.83767	10.1442	61.0371	27.8980	50.3083	329.568	9.48964	8.63929	0.0273254	vapor
116.480	1.03000	416.147	0.00240300	0.251256	0.290963	2.23945	32.6841	56.2492	1298.71	-0.398996	107.196	0.177980	liquid
122.040	1.03000	407.691	0.00245284	0.565276	0.605807	4.87977	32.2997	57.0262	1241.64	-0.369775	95.9435	0.170071	liquid
127.590	1.03000	398.901	0.00250689	0.883380	0.924804	7.43579	31.9373	57.9574	1183.03	-0.334467	86.0912	0.162097	liquid
133.150	1.03000	389.670	0.00256627	1.20770	1.25011	9.93125	31.5983	59.0998	1122.37	-0.291084	77.3512	0.154047	liquid
138.710	1.03000	379.918	0.00263215	1.53903	1.58253	12.3769	31.2880	60.5318	1059.28	-0.236996	69.5502	0.145935	liquid
144.260	1.03000	369.526	0.00270617	1.87865	1.92336	14.7860	31.0137	62.3753	993.233	-0.168267	62.5434	0.137756	liquid
155.370	1.03000	15.1684	0.0659267	8.06685	9.15623	63.0875	27.4997	43.4866	296.406	16.2799	6.07955	0.0185401	vapor
160.930	1.03000	14.3333	0.0697674	8.23974	9.39258	64.5823	27.0076	41.6572	305.714	14.9742	6.32263	0.0189181	vapor
166.480	1.03000	13.6158	0.0734441	8.40645	9.62005	65.9720	26.6825	40.3767	314.296	13.8742	6.55390	0.0193758	vapor
172.040	1.03000	12.9855	0.0770088	8.56924	9.84174	67.2820	26.4442	39.4096	322.350	12.9198	6.77820	0.0198886	vapor
177.590	1.03000	12.4264	0.0804738	8.72853	10.0583	68.5209	26.2640	38.6554	329.953	12.0823	6.99676	0.0204406	vapor
183.150	1.03000	11.9233	0.0838694	8.88561	10.2715	69.7030	26.1269	38.0533	337.201	11.3370	7.21156	0.0210285	vapor
188.710	1.03000	11.4676	0.0872025	9.04071	10.4817	70.8335	26.0247	37.5683	344.134	10.6697	7.42300	0.0216654	vapor
194.260	1.03000	11.0525	0.0904773	9.19398	10.6890	71.9166	25.9516	37.1757	350.778	10.0692	7.63124	0.0222070	vapor
199.820	1.03000	10.6708	0.0937137	9.34628	10.8948	72.9611	25.9031	36.8562	357.190	9.52350	7.83739	0.0227606	vapor
205.370	1.03000	10.3193	0.0969062	9.49733	11.0986	73.9671	25.8763	36.5978	363.372	9.02664	8.04098	0.0233435	vapor
210.930	1.03000	9.99285	0.100072	9.64791	11.3015	74.9419	25.8687	36.3895	369.366	8.57031	8.24294	0.0239436	vapor
216.480	1.03000	9.68970	0.103202	9.79766	11.5030	75.8848	25.8785	36.2248	375.166	8.15077	8.44266	0.0245542	vapor
222.040	1.03000	9.40614	0.106314	9.94729	11.7040	76.8017	25.9046	36.0971	380.809	7.76201	8.64100	0.0251757	vapor
227.590	1.03000	9.14104	0.109397	10.0964	11.9041	77.6917	25.9456	36.0024	386.286	7.40169	8.83730	0.0258048	vapor
233.150	1.03000	8.89162	0.112465	10.2457	12.1041	78.5598	26.0011	35.9369	391.627	7.06536	9.03235	0.0264435	vapor
238.710	1.03000	8.65680	0.115516	10.3950	12.3038	79.4062	26.0703	35.8979	396.831	6.75101	9.22585	0.0270906	vapor
244.260	1.03000	8.43559	0.118545	10.5441	12.5029	80.2311	26.1526	35.8831	401.897	6.45688	9.41749	0.0277449	vapor
249.820	1.03000	8.22602	0.121565	10.6937	12.7025	81.0388	26.2478	35.8904	406.850	6.17998	9.60800	0.0284091	vapor
255.370	1.03000	8.02781	0.124567	10.8434	12.9017	81.8276	26.3551	35.9182	411.679	5.91962	9.79674	0.0290809	vapor
260.930	1.03000	7.83934	0.127562	10.9937	13.1015	82.6018	26.4747	35.9653	416.407	5.67345	9.98441	0.0297631	vapor
266.480	1.03000	7.66047	0.130540	11.1443	13.3013	83.3594	26.6057	36.0303	421.022	5.44108	10.1704	0.0304533	vapor
272.040	1.03000	7.48985	0.133514	11.2957	13.5019	84.1042	26.7484	36.1123	425.547	5.22059	10.3553	0.0311545	vapor
277.590	1.03000	7.32745	0.136473	11.4475	13.7026	84.8345	26.9018	36.2100	429.968	5.01182	10.5386	0.0318643	vapor
283.150	1.03000	7.17211	0.139429	11.6003	13.9042	85.5537	27.0661	36.3231	434.308	4.81317	10.7208	0.0325855	vapor
116.480	2.07000	417.196	0.00239695	0.234814	0.314413	2.09700	32.7316	56.0284	1309.28	-0.404260	108.766	0.179189	liquid
122.040	2.07000	408.867	0.00244578	0.546665	0.627886	4.72583	32.3475	56.7517	1253.31	-0.376557	97.3938	0.171360	liquid
127.590	2.07000	400.229	0.00249857	0.862197	0.945171	7.26815	31.9846	57.6113	1196.01	-0.343293	87.4689	0.163478	liquid
133.150	2.07000	391.187	0.00255632	1.18340	1.26829	9.74688	31.6438	58.6551	1136.92	-0.302745	78.6891	0.155534	liquid
138.710	2.07000	381.673	0.00262004	1.51086	1.59787	12.1717	31.3296	59.9464	1075.76	-0.252700	70.8739	0.147550	liquid
144.260	2.07000	371.591	0.00269113	1.84555	1.93492	14.5540	31.0481	61.5798	1012.16	-0.189957	63.8750	0.139529	liquid
149.820	2.07000	360.744	0.00277205	2.19091	2.28297	16.9210	30.8066	63.7189	945.141	-0.109152	57.5304	0.131411	liquid
155.370	2.07000	348.926	0.00286594	2.54906	2.64424	19.2885	30.6200	66.6322	873.837	-0.00209852	51.7372	0.123162	liquid
160.930	2.07000	335.695	0.00297889	2.92678	3.02570	21.7003	30.5136	70.8795	796.150	0.147092	46.3447	0.114642	liquid
172.040	2.07000	31.1769	0.0320751	8.13913	9.20429	58.7623	29.0449	55.1919	292.835	13.9167	7.02541	0.0233248	vapor
177.590	2.07000	28.9701	0.0345184	8.34903	9.49534	60.4277	28.1782	50.1553	304.842	12.7928	7.25741	0.0232807	vapor
183.150	2.07000	27.1996	0.0367653	8.54402	9.76494	61.9228	27.6516	47.0363	315.398	11.8540	7.47495	0.0234852	vapor
188.710	2.07000	25.7228	0.0388760	8.72911	10.0201	63.2955	27.2859	44.8741	324.957	11.0496	7.68469	0.0238910	vapor
194.260	2.07000	24.4600	0.0408831	8.90687	10.2645	64.5722	27.0168	43.2798	333.757	10.3483	7.88908	0.0241084	vapor
199.820	2.07000	23.3553	0.0428168	9.07974	10.5016	65.7756	26.8150	42.0549	341.983	9.72590	8.09028	0.0244505	vapor
205.370	2.07000	22.3785	0.0446858	9.24832	10.7323	66.9141	26.6654	41.0945	349.711	9.16988	8.28836	0.0248873	vapor
210.930	2.07000	21.5017	0.0465081	9.41407	10.9585	68.0013	26.5577	40.3267	357.045	8.66714	8.48456	0.0253742	vapor
216.480	2.07000	20.7102	0.0482855	9.57709	11.1806	69.0404	26.4853	39.7089	364.015	8.21105	8.67851	0.0258929	vapor
222.040	2.07000	19.9876	0.0500310	9.73846	11.3999	70.0408	26.4427	39.2072	370.692	7.79328	8.87113	0.0264370	vapor
227.590	2.07000	19.3261	0.0517434	9.89802	11.6164	71.0036	26.4263	38.8006	377.085	7.40996	9.06188	0.0270000	vapor
233.150	2.07000	18.7151	0.0534329	10.0567	11.8311	71.9360	26.4331	38.4709	383.247	7.05532	9.25155	0.0275809	vapor
238.710	2.07000	18.1489	0.0550998	10.2145	12.0443	72.8395	26.4607	38.2062	389.188	6.72646	9.43986	0.0281769	vapor
244.260	2.07000	17.6231	0.0567438	10.3713	12.2557	73.7151	26.5073	37.9969	394.919	6.42089	9.62654	0.0287858	vapor
249.820	2.07000	17.1312	0.0583731	10.5280	12.4665	74.5684	26.5716	37.8349	400.477	6.13498	9.81229	0.0294089	vapor
255.370	2.07000	16.6712	0.0599838	10.6842	12.6761	75.3984	26.6520	37.7147	405.856	5.86764	9.99649	0.0300436	vapor
260.930	2.07000	16.2382	0.0615833	10.8405	12.8856	76.2097	26.7480	37.6309	411.088	5.61609	10.1798	0.0306917	vapor
266.480	2.07000	15.8310	0.0631673	10.9966	13.0943	77.0011	26.8582	37.5799	416.164	5.37967	10.3616	0.0313508	vapor
272.040	2.07000	15.4458	0.0647426	11.1531	13.3031	77.7769	26.9823	37.5583	421.113	5.15621	10.5425	0.0320232	vapor
277.590	2.07000	15.0819	0.0663047	11.3097	13.5116	78.5354	27.1192	37.5632	425.926	4.94534	10.7220	0.0327063	vapor
283.150	2.07000	14.7362	0.0678601	11.4670	13.7205	79.2806	27.2688	37.5925	430.627	4.74532	10.9006	0.0334027	vapor
116.480	2.41000	417.535	0.00239501	0.229527	0.322125	2.05101	32.7470	55.9588	1312.68	-0.405922	109.276	0.179580	liquid
122.040	2.41000	409.246	0.00244352	0.540693	0.635167	4.67623	32.3631	56.6655	1257.06	-0.378689	97.8632	0.171777	liquid
127.590	2.41000	400.655	0.00249591	0.855416	0.951916	7.21426	32.0000	57.5033	1200.17	-0.346054	87.9138	0.163923	liquid
133.150	2.41000	391.672	0.00255315	1.17565	1.27436	9.68778	31.6587	58.5174	1141.56	-0.306369	79.1204	0.156013	liquid
138.710	2.41000	382.232	0.00261621	1.50191	1.60306	12.1061	31.3435	59.7670	1081.00	-0.257540	71.2994	0.148069	liquid
144.260	2.41000	372.244	0.00268641	1.83509	1.93896	14.4803	31.0599	61.3395	1018.13	-0.196566	64.3017	0.140096	liquid
149.820	2.41000	361.523	0.00276608	2.17848	2.28543	16.8366	30.8147	63.3839	952.067	-0.118465	57.9652	0.132038	liquid
155.370	2.41000	349.882	0.00285811	2.53394	2.64444	19.1893	30.6214	66.1394	882.052	-0.0157931	52.1886	0.123871	liquid
160.930	2.41000	336.919	0.00296807	2.90768	3.02244	21.5793	30.5017	70.0908	806.232	0.125599	46.8260	0.115467	liquid
166.480	2.41000	322.034	0.00310526	3.30714	3.42720	24.0514	30.5031	76.3021	721.946	0.333164	41.7487	0.106679	liquid
177.590	2.41000	36.0659	0.0277270	8.18711	9.25913	58.1463	29.2106	58.0363	294.675	13.0455	7.39308	0.0248655	vapor
183.150	2.41000	33.4031	0.0299373	8.40664	9.56411	59.8377	28.3462	52.2171	307.113	12.0220	7.60571	0.0247300	vapor
188.710	2.41000	31.2989	0.0319500	8.60855	9.84384	61.3426	27.8125	48.6537	317.962	11.1628	7.80884	0.0249487	vapor
194.260	2.41000	29.5623	0.0338269	8.79885	10.1067	62.7156	27.4404	46.2089	327.728	10.4246	8.00686	0.0249519	vapor
199.820	2.41000	28.0813	0.0356108	8.98157	10.3584	63.9932	27.1662	44.4136	336.717	9.77631	8.20223	0.0251654	vapor
205.370	2.41000	26.7968	0.0373179	9.15811	10.6009	65.1905	26.9624	43.0476	345.067	9.20151	8.39505	0.0255186	vapor
210.930	2.41000	25.6611	0.0389694	9.33051	10.8372	66.3257	26.8122	41.9774	352.920	8.68476	8.58648	0.0259441	vapor
216.480	2.41000	24.6484	0.0405706	9.49914	11.0677	67.4045	26.7059	41.1277	360.331	8.21806	8.77611	0.0264152	vapor
222.040	2.41000	23.7332	0.0421351	9.66535	11.2944	68.4385	26.6357	40.4429	367.387	7.79213	8.96478	0.0269208	vapor
227.590	2.41000	22.9024	0.0436636	9.82912	11.5173	69.4300	26.5966	39.8893	374.110	7.40254	9.15192	0.0274519	vapor
233.150	2.41000	22.1403	0.0451664	9.99150	11.7378	70.3871	26.5844	39.4391	380.562	7.04306	9.33828	0.0280058	vapor
238.710	2.41000	21.4386	0.0466447	10.1526	11.9560	71.3122	26.5962	39.0743	386.761	6.71047	9.52355	0.0285786	vapor
244.260	2.41000	20.7904	0.0480990	10.3124	12.1720	72.2068	26.6294	38.7811	392.721	6.40206	9.70743	0.0291672	vapor
249.820	2.41000	20.1869	0.0495372	10.4717	12.3870	73.0769	26.6821	38.5476	398.485	6.11400	9.89058	0.0297724	vapor
255.370	2.41000	19.6247	0.0509561	10.6303	12.6004	73.9218	26.7527	38.3661	404.049	5.84507	10.0724	0.0303911	vapor
260.930	2.41000	19.0976	0.0523627	10.7888	12.8133	74.7466	26.8401	38.2291	409.449	5.59237	10.2534	0.0310249	vapor
266.480	2.41000	18.6034	0.0537535	10.9469	13.0252	75.5502	26.9428	38.1318	414.678	5.35517	10.4331	0.0316710	vapor
272.040	2.41000	18.1374	0.0551348	11.1053	13.2370	76.3369	27.0604	38.0693	419.767	5.13121	10.6121	0.0323315	vapor
277.590	2.41000	17.6982	0.0565028	11.2636	13.4482	77.1054	27.1915	38.0382	424.707	4.92008	10.7897	0.0330038	vapor
283.150	2.41000	17.2821	0.0578634	11.4225	13.6597	77.8597	27.3359	38.0353	429.527	4.71997	10.9667	0.0336902	vapor
116.480	3.10000	418.214	0.00239112	0.218926	0.337843	1.95853	32.7781	55.8211	1319.51	-0.409209	110.303	0.180370	liquid
122.040	3.10000	410.004	0.00243900	0.528736	0.650034	4.57662	32.3945	56.4958	1264.58	-0.382896	98.8087	0.172617	liquid
127.590	3.10000	401.508	0.00249061	0.841865	0.965729	7.10621	32.0312	57.2915	1208.48	-0.351482	88.8090	0.164820	liquid
133.150	3.10000	392.640	0.00254686	1.16018	1.28685	9.56956	31.6891	58.2487	1150.82	-0.313462	79.9865	0.156974	liquid
138.710	3.10000	383.343	0.00260863	1.48411	1.61385	11.9754	31.3720	59.4193	1091.40	-0.266957	72.1526	0.149106	liquid
144.260	3.10000	373.538	0.00267710	1.81438	1.94752	14.3338	31.0847	60.8778	1029.95	-0.209327	65.1553	0.141226	liquid
149.820	3.10000	363.058	0.00275438	2.15399	2.29097	16.6697	30.8329	62.7488	965.692	-0.136262	58.8324	0.133285	liquid
155.370	3.10000	351.750	0.00284293	2.50436	2.64575	18.9946	30.6276	65.2226	898.073	-0.0415724	53.0852	0.125270	liquid
160.930	3.10000	339.276	0.00294745	2.87081	3.01739	21.3445	30.4853	68.6671	825.630	0.0860733	47.7750	0.117079	liquid
166.480	3.10000	325.185	0.00307518	3.25877	3.41171	23.7529	30.4400	73.8163	746.550	0.266981	42.7918	0.108613	liquid
172.040	3.10000	308.439	0.00324213	3.68284	3.84408	26.3068	30.5694	82.6256	656.348	0.548613	37.9395	0.0995960	liquid
177.590	3.10000	286.525	0.00349010	4.17522	4.34879	29.1925	31.1368	102.726	543.976	1.07510	32.8780	0.0894769	liquid
183.150	3.10000	49.6900	0.0201248	8.04942	9.05028	55.5386	30.6221	74.1343	286.856	12.2940	8.01266	0.0289517	vapor
188.710	3.10000	44.9761	0.0222340	8.31656	9.42232	57.5406	29.2340	61.4139	302.068	11.3380	8.16659	0.0281403	vapor
194.260	3.10000	41.5815	0.0240491	8.54760	9.74363	59.2192	28.4817	54.9539	314.568	10.5314	8.32827	0.0272766	vapor
199.820	3.10000	38.9149	0.0256971	8.75923	10.0372	60.7095	27.9883	50.9296	325.521	9.83622	8.49583	0.0270189	vapor
205.370	3.10000	36.7277	0.0272274	8.95767	10.3118	62.0650	27.6376	48.1613	335.376	9.22875	8.66657	0.0270903	vapor
210.930	3.10000	34.8716	0.0286767	9.14746	10.5736	63.3232	27.3795	46.1317	344.438	8.68858	8.83981	0.0273221	vapor
216.480	3.10000	33.2677	0.0300592	9.33028	10.8252	64.5005	27.1903	44.5911	352.843	8.20480	9.01411	0.0276504	vapor
222.040	3.10000	31.8539	0.0313933	9.50837	11.0696	65.6155	27.0545	43.3867	360.738	7.76619	9.18958	0.0280454	vapor
227.590	3.10000	30.5963	0.0326837	9.68225	11.3077	66.6745	26.9625	42.4319	368.176	7.36716	9.36522	0.0284878	vapor
233.150	3.10000	29.4621	0.0339420	9.85338	11.5414	67.6891	26.9070	41.6632	375.248	7.00063	9.54139	0.0289686	vapor
238.710	3.10000	28.4324	0.0351712	10.0221	11.7713	68.6634	26.8828	41.0410	381.990	6.66284	9.71759	0.0294799	vapor
244.260	3.10000	27.4926	0.0363735	10.1886	11.9976	69.6007	26.8859	40.5367	388.429	6.35066	9.89333	0.0300160	vapor
249.820	3.10000	26.6266	0.0375565	10.3540	12.2218	70.5083	26.9132	40.1268	394.618	6.05995	10.0691	0.0305756	vapor
255.370	3.10000	25.8274	0.0387186	10.5180	12.4435	71.3863	26.9622	39.7966	400.563	5.78924	10.2442	0.0311543	vapor
260.930	3.10000	25.0838	0.0398664	10.6814	12.6641	72.2405	27.0309	39.5326	406.306	5.53546	10.4191	0.0317526	vapor
266.480	3.10000	24.3918	0.0409974	10.8439	12.8829	73.0703	27.1175	39.3261	411.845	5.29772	10.5932	0.0323671	vapor
272.040	3.10000	23.7431	0.0421175	11.0064	13.1011	73.8807	27.2209	39.1685	417.216	5.07367	10.7670	0.0329990	vapor
277.590	3.10000	23.1354	0.0432238	11.1685	13.3181	74.6705	27.3397	39.0543	422.413	4.86279	10.9398	0.0336455	vapor
283.150	3.10000	22.5624	0.0443216	11.3308	13.5350	75.4442	27.4732	38.9781	427.468	4.66320	11.1122	0.0343083	vapor
116.480	3.79000	418.885	0.00238729	0.208494	0.353647	1.86716	32.8090	55.6881	1326.25	-0.412387	111.322	0.181152	liquid
122.040	3.79000	410.751	0.00243457	0.516990	0.665017	4.47837	32.4257	56.3325	1271.97	-0.386947	99.7452	0.173448	liquid
127.590	3.79000	402.346	0.00248542	0.828583	0.979702	6.99987	32.0623	57.0888	1216.64	-0.356687	89.6939	0.165705	liquid
133.150	3.79000	393.588	0.00254073	1.14507	1.29955	9.45351	31.7195	57.9935	1159.87	-0.320224	80.8411	0.157922	liquid
138.710	3.79000	384.427	0.00260128	1.46678	1.62495	11.8475	31.4007	59.0919	1101.53	-0.275869	72.9925	0.150126	liquid
144.260	3.79000	374.793	0.00266814	1.79430	1.95653	14.1913	31.1104	60.4480	1041.39	-0.221291	65.9933	0.142332	liquid
149.820	3.79000	364.536	0.00274321	2.13041	2.29720	16.5082	30.8529	62.1667	978.789	-0.152733	59.6807	0.134498	liquid
155.370	3.79000	353.529	0.00282862	2.47615	2.64814	18.8080	30.6377	64.4011	913.313	-0.0650024	53.9575	0.126621	liquid
160.930	3.79000	341.487	0.00292837	2.83613	3.01418	21.1225	30.4774	67.4357	843.795	0.0511205	48.6907	0.118616	liquid
166.480	3.79000	328.059	0.00304823	3.21440	3.39974	23.4774	30.3969	71.7931	768.987	0.211071	43.7826	0.110420	liquid
172.040	3.79000	312.485	0.00320016	3.62189	3.81647	25.9391	30.4468	78.7128	685.878	0.447794	39.0716	0.101839	liquid
177.590	3.79000	293.253	0.00341003	4.07784	4.28518	28.6194	30.7644	91.8798	588.658	0.842344	34.3409	0.0925868	liquid
183.150	3.79000	264.926	0.00377464	4.65292	4.88243	31.9279	32.0038	133.771	455.957	1.73517	28.9132	0.0818514	liquid
188.710	3.79000	65.0727	0.0153674	7.89728	8.83165	53.3155	31.9412	97.7147	281.799	11.2513	8.83396	0.0350702	vapor
194.260	3.79000	57.2373	0.0174711	8.22781	9.29009	55.7116	29.9786	72.1911	299.681	10.4911	8.84309	0.0312195	vapor
199.820	3.79000	52.1564	0.0191731	8.49318	9.65894	57.5844	29.0269	61.6574	313.566	9.79360	8.92658	0.0297701	vapor
205.370	3.79000	48.3882	0.0206662	8.72680	9.98335	59.1861	28.4360	55.7196	325.383	9.17793	9.04238	0.0292467	vapor
210.930	3.79000	45.3880	0.0220323	8.94208	10.2817	60.6197	28.0253	51.8425	335.901	8.63053	9.17604	0.0291152	vapor
216.480	3.79000	42.9085	0.0233054	9.14442	10.5614	61.9289	27.7283	49.1103	345.444	8.14136	9.32013	0.0291978	vapor
222.040	3.79000	40.7942	0.0245133	9.33812	10.8286	63.1475	27.5112	47.0790	354.263	7.69897	9.47146	0.0294139	vapor
227.590	3.79000	38.9611	0.0256666	9.52479	11.0854	64.2899	27.3559	45.5236	362.470	7.29743	9.62729	0.0297204	vapor
233.150	3.79000	37.3414	0.0267799	9.70667	11.3350	65.3734	27.2497	44.3005	370.195	6.92938	9.78676	0.0300936	vapor
238.710	3.79000	35.8955	0.0278586	9.88458	11.5785	66.4056	27.1844	43.3253	377.498	6.59083	9.94865	0.0305174	vapor
244.260	3.79000	34.5942	0.0289066	10.0591	11.8167	67.3920	27.1536	42.5407	384.425	6.27849	10.1120	0.0309810	vapor
249.820	3.79000	33.4091	0.0299319	10.2314	12.0513	68.3421	27.1526	41.9031	391.044	5.98810	10.2768	0.0314792	vapor
255.370	3.79000	32.3265	0.0309344	10.4015	12.2824	69.2570	27.1777	41.3856	397.369	5.71807	10.4422	0.0320052	vapor
260.930	3.79000	31.3280	0.0319203	10.5705	12.5113	70.1437	27.2261	40.9648	403.452	5.46526	10.6085	0.0325576	vapor
266.480	3.79000	30.4059	0.0328884	10.7380	12.7377	71.0022	27.2953	40.6258	409.295	5.22873	10.7747	0.0331318	vapor
272.040	3.79000	29.5473	0.0338440	10.9050	12.9628	71.8382	27.3837	40.3547	414.942	5.00605	10.9414	0.0337279	vapor
277.590	3.79000	28.7477	0.0347853	11.0711	13.1861	72.6510	27.4894	40.1428	420.389	4.79667	11.1078	0.0343424	vapor
283.150	3.79000	27.9979	0.0357170	11.2372	13.4089	73.4454	27.6114	39.9813	425.671	4.59867	11.2743	0.0349762	vapor
116.480	4.14000	419.221	0.00238538	0.203265	0.361695	1.82122	32.8246	55.6223	1329.63	-0.413960	111.835	0.181546	liquid
122.040	4.14000	411.125	0.00243235	0.511111	0.672661	4.42904	32.4414	56.2520	1275.68	-0.388946	100.217	0.173867	liquid
127.590	4.14000	402.765	0.00248284	0.821945	0.986849	6.94656	32.0781	56.9893	1220.72	-0.359246	90.1390	0.166151	liquid
133.150	4.14000	394.061	0.00253768	1.13753	1.30608	9.39545	31.7349	57.8687	1164.39	-0.323535	81.2703	0.158398	liquid
138.710	4.14000	384.966	0.00259763	1.45816	1.63069	11.7837	31.4154	58.9329	1106.57	-0.280211	73.4137	0.150637	liquid
144.260	4.14000	375.416	0.00266371	1.78435	1.96127	14.1203	31.1236	60.2410	1047.06	-0.227080	66.4127	0.142885	liquid
149.820	4.14000	365.266	0.00273773	2.11877	2.30060	16.4282	30.8637	61.8895	985.247	-0.160632	60.1042	0.135102	liquid
155.370	4.14000	354.401	0.00282166	2.46232	2.64973	18.7161	30.6441	64.0158	920.776	-0.0761010	54.3915	0.127290	liquid
160.930	4.14000	342.559	0.00291921	2.81929	3.01317	21.0142	30.4760	66.8713	852.598	0.0348613	49.1436	0.119371	liquid
166.480	4.14000	329.430	0.00303555	3.19317	3.39479	23.3451	30.3809	70.9004	779.685	0.185803	44.2679	0.111296	liquid
172.040	4.14000	314.352	0.00318114	3.59358	3.80486	25.7675	30.4003	77.1074	699.533	0.404575	39.6153	0.102900	liquid
177.590	4.14000	296.118	0.00337703	4.03578	4.26007	28.3708	30.6372	88.1889	607.805	0.754398	35.0056	0.0939731	liquid
183.150	4.14000	271.037	0.00368953	4.56836	4.81341	31.4366	31.4823	116.483	491.111	1.45242	29.9673	0.0840018	liquid
188.710	4.14000	82.7535	0.0120841	7.53796	8.34055	50.3038	35.2829	176.240	266.364	10.7846	9.57160	0.0449683	vapor
194.260	4.14000	67.7724	0.0147553	8.01777	8.99777	53.7417	31.1203	89.8351	291.057	10.3347	9.25413	0.0346310	vapor
199.820	4.14000	60.2933	0.0165856	8.33310	9.43467	55.9604	29.6883	70.2927	307.184	9.69906	9.23199	0.0317742	vapor
205.370	4.14000	55.2197	0.0181095	8.59399	9.79677	57.7484	28.9041	61.1035	320.250	9.10451	9.29183	0.0306867	vapor
210.930	4.14000	51.3677	0.0194675	8.82716	10.1201	59.3023	28.3881	55.6190	331.614	8.56682	9.38984	0.0302503	vapor
216.480	4.14000	48.2791	0.0207129	9.04235	10.4180	60.6966	28.0232	51.9533	341.786	8.08317	9.50894	0.0301423	vapor
222.040	4.14000	45.7003	0.0218817	9.24588	10.6992	61.9792	27.7575	49.3197	351.101	7.64447	9.64148	0.0302276	vapor
227.590	4.14000	43.4993	0.0229889	9.44036	10.9672	63.1715	27.5657	47.3495	359.710	7.24569	9.78259	0.0304387	vapor
233.150	4.14000	41.5778	0.0240513	9.62865	11.2261	64.2952	27.4308	45.8253	367.772	6.87988	9.93010	0.0307389	vapor
238.710	4.14000	39.8791	0.0250758	9.81192	11.4774	65.3606	27.3426	44.6236	375.361	6.54326	10.0820	0.0311051	vapor
244.260	4.14000	38.3621	0.0260674	9.99097	11.7223	66.3748	27.2932	43.6638	382.534	6.23266	10.2370	0.0315220	vapor
249.820	4.14000	36.9898	0.0270344	10.1673	11.9628	67.3486	27.2767	42.8869	389.368	5.94387	10.3945	0.0319812	vapor
255.370	4.14000	35.7431	0.0279775	10.3409	12.1990	68.2838	27.2890	42.2570	395.882	5.67537	10.5536	0.0324745	vapor
260.930	4.14000	34.5986	0.0289029	10.5129	12.4325	69.1882	27.3265	41.7435	402.133	5.42401	10.7143	0.0329988	vapor
266.480	4.14000	33.5460	0.0298098	10.6831	12.6630	70.0623	27.3865	41.3272	408.127	5.18887	10.8756	0.0335485	vapor
272.040	4.14000	32.5695	0.0307036	10.8526	12.8918	70.9121	27.4669	40.9909	413.908	4.96754	11.0379	0.0341232	vapor
277.590	4.14000	31.6630	0.0315826	11.0209	13.1185	71.7372	27.5657	40.7232	419.477	4.75947	11.2002	0.0347187	vapor
283.150	4.14000	30.8152	0.0324515	11.1890	13.3443	72.5426	27.6817	40.5136	424.870	4.56276	11.3631	0.0353356	vapor
116.480	4.31000	419.384	0.00238445	0.200740	0.365612	1.79900	32.8321	55.5907	1331.26	-0.414714	112.084	0.181737	liquid
122.040	4.31000	411.306	0.00243128	0.508274	0.676384	4.40520	32.4490	56.2134	1277.47	-0.389904	100.445	0.174069	liquid
127.590	4.31000	402.967	0.00248159	0.818745	0.990334	6.92081	32.0857	56.9417	1222.69	-0.360470	90.3542	0.166366	liquid
133.150	4.31000	394.289	0.00253621	1.13390	1.30927	9.36744	31.7424	57.8093	1166.57	-0.325116	81.4777	0.158628	liquid
138.710	4.31000	385.226	0.00259588	1.45402	1.63351	11.7530	31.4226	58.8573	1109.00	-0.282279	73.6171	0.150884	liquid
144.260	4.31000	375.715	0.00266159	1.77957	1.96360	14.0862	31.1301	60.1430	1049.79	-0.229828	66.6151	0.143152	liquid
149.820	4.31000	365.615	0.00273511	2.11319	2.30231	16.3898	30.8690	61.7588	988.342	-0.164366	60.3083	0.135393	liquid
155.370	4.31000	354.818	0.00281835	2.45571	2.65058	18.6721	30.6474	63.8356	924.340	-0.0813171	54.6002	0.127611	liquid
160.930	4.31000	343.068	0.00291487	2.81128	3.01282	20.9625	30.4758	66.6100	856.783	0.0272828	49.3610	0.119732	liquid
166.480	4.31000	330.076	0.00302960	3.18314	3.39262	23.2824	30.3743	70.4939	784.733	0.174173	44.4999	0.111712	liquid
172.040	4.31000	315.222	0.00317237	3.58036	3.79971	25.6872	30.3806	76.3978	705.896	0.385116	39.8730	0.103399	liquid
177.590	4.31000	297.414	0.00336232	4.01666	4.24914	28.2575	30.5852	86.6623	616.488	0.716585	35.3144	0.0946118	liquid
183.150	4.31000	273.515	0.00365611	4.53358	4.78638	31.2344	31.3026	110.941	505.530	1.34864	30.4176	0.0849318	liquid
188.710	4.31000	99.9958	0.0100004	7.19764	7.88911	47.7509	39.5353	416.603	252.708	10.0331	10.4538	0.0619378	vapor
194.260	4.31000	74.0146	0.0135109	7.89538	8.82958	52.6775	31.8591	103.767	286.437	10.1920	9.52358	0.0370031	vapor
199.820	4.31000	64.7409	0.0154462	8.24676	9.31478	55.1419	30.0585	75.8450	304.005	9.62486	9.41248	0.0329817	vapor
205.370	4.31000	58.8258	0.0169994	8.52466	9.70007	57.0445	29.1508	64.2759	317.758	9.05257	9.43242	0.0315034	vapor
210.930	4.31000	54.4625	0.0183613	8.76823	10.0378	58.6676	28.5739	57.7393	329.560	8.52505	9.50702	0.0308726	vapor
216.480	4.31000	51.0236	0.0195988	8.99061	10.3458	60.1089	28.1720	53.5017	340.047	8.04710	9.61051	0.0306490	vapor
222.040	4.31000	48.1852	0.0207533	9.19950	10.6345	61.4259	27.8807	50.5147	349.607	7.61210	9.73174	0.0306573	vapor
227.590	4.31000	45.7827	0.0218423	9.39815	10.9084	62.6446	27.6700	48.3086	358.413	7.21595	9.86421	0.0308138	vapor
233.150	4.31000	43.6987	0.0228840	9.58982	11.1721	63.7894	27.5205	46.6169	366.638	6.85215	10.0048	0.0310729	vapor
238.710	4.31000	41.8653	0.0238861	9.77589	11.4275	64.8719	27.4206	45.2914	374.365	6.51716	10.1512	0.0314072	vapor
244.260	4.31000	40.2348	0.0248541	9.95729	11.6758	65.9003	27.3618	44.2371	381.655	6.20793	10.3014	0.0317985	vapor
249.820	4.31000	38.7647	0.0257967	10.1356	11.9193	66.8861	27.3376	43.3861	388.592	5.92033	10.4550	0.0322367	vapor
255.370	4.31000	37.4327	0.0267146	10.3110	12.1581	67.8316	27.3434	42.6969	395.196	5.65289	10.6106	0.0327124	vapor
260.930	4.31000	36.2130	0.0276144	10.4845	12.3939	68.7450	27.3756	42.1348	401.527	5.40250	10.7682	0.0332216	vapor
266.480	4.31000	35.0935	0.0284953	10.6562	12.6265	69.6269	27.4310	41.6784	407.592	5.16826	10.9269	0.0337584	vapor
272.040	4.31000	34.0567	0.0293628	10.8268	12.8571	70.4836	27.5075	41.3083	413.438	4.94777	11.0867	0.0343218	vapor
277.590	4.31000	33.0958	0.0302153	10.9963	13.0855	71.3148	27.6028	41.0121	419.065	4.74048	11.2469	0.0349073	vapor
283.150	4.31000	32.1983	0.0310575	11.1654	13.3129	72.1257	27.7158	40.7778	424.510	4.54450	11.4079	0.0355154	vapor
116.480	4.69000	419.746	0.00238239	0.195131	0.374384	1.74958	32.8490	55.5212	1334.89	-0.416378	112.639	0.182163	liquid
122.040	4.69000	411.708	0.00242891	0.501976	0.684729	4.35219	32.4661	56.1286	1281.44	-0.392014	100.953	0.174520	liquid
127.590	4.69000	403.416	0.00247883	0.811646	0.998155	6.86361	32.1027	56.8372	1227.05	-0.363163	90.8334	0.166845	liquid
133.150	4.69000	394.795	0.00253296	1.12586	1.31644	9.30526	31.7592	57.6789	1171.39	-0.328586	81.9391	0.159139	liquid
138.710	4.69000	385.801	0.00259201	1.44484	1.63986	11.6848	31.4386	58.6921	1114.36	-0.286806	74.0691	0.151432	liquid
144.260	4.69000	376.376	0.00265692	1.76901	1.96892	14.0106	31.1448	59.9295	1055.81	-0.235826	67.0644	0.143743	liquid
149.820	4.69000	366.387	0.00272936	2.10090	2.30626	16.3049	30.8813	61.4758	995.162	-0.172481	60.7608	0.136037	liquid
155.370	4.69000	355.733	0.00281109	2.44118	2.65268	18.5752	30.6555	63.4478	932.170	-0.0925886	55.0624	0.128320	liquid
160.930	4.69000	344.183	0.00290543	2.79373	3.01234	20.8493	30.4767	66.0536	865.936	0.0110383	49.8410	0.120527	liquid
166.480	4.69000	331.480	0.00301677	3.16133	3.38832	23.1459	30.3621	69.6419	795.699	0.149549	45.0101	0.112623	liquid
172.040	4.69000	317.086	0.00315372	3.55194	3.78922	25.5142	30.3425	74.9509	719.557	0.344745	40.4353	0.104481	liquid
177.590	4.69000	300.121	0.00333199	3.97650	4.22720	28.0190	30.4869	83.7194	634.696	0.641199	35.9766	0.0959705	liquid
183.150	4.69000	278.310	0.00359312	4.46550	4.73585	30.8379	30.9993	101.926	533.744	1.16335	31.3285	0.0868197	liquid
188.710	4.69000	242.505	0.00412363	5.13532	5.44558	34.6503	33.0847	178.498	390.256	2.51434	25.4583	0.0774925	liquid
194.260	4.69000	93.2693	0.0107216	7.52839	8.33509	49.7514	34.4256	173.572	274.197	9.54284	10.4866	0.0462743	supercritical
199.820	4.69000	76.3323	0.0131006	8.02581	9.01151	53.1893	31.0533	93.7385	296.715	9.35852	9.92949	0.0365250	supercritical
205.370	4.69000	67.7369	0.0147630	8.35569	9.46647	55.4364	29.7579	73.2169	312.247	8.88567	9.80674	0.0336956	supercritical
210.930	4.69000	61.9085	0.0161529	8.62806	9.84341	57.2480	29.0143	63.3371	325.084	8.40026	9.80736	0.0324699	supercritical
216.480	4.69000	57.5208	0.0173850	8.86929	10.1774	58.8110	28.5181	57.4353	336.291	7.94484	9.86479	0.0319146	supercritical
222.040	4.69000	54.0043	0.0185170	9.09179	10.4850	60.2145	28.1643	53.4745	346.397	7.52387	9.95405	0.0317114	supercritical
227.590	4.69000	51.0886	0.0195738	9.30079	10.7735	61.4981	27.9083	50.6417	355.638	7.13734	10.0629	0.0317216	supercritical
233.150	4.69000	48.5979	0.0205770	9.50071	11.0489	62.6937	27.7244	48.5169	364.221	6.78064	10.1851	0.0318733	supercritical
238.710	4.69000	46.4327	0.0215365	9.69352	11.3139	63.8171	27.5974	46.8777	372.250	6.45117	10.3167	0.0321253	supercritical
244.260	4.69000	44.5254	0.0224591	9.88056	11.5704	64.8792	27.5168	45.5880	379.798	6.14641	10.4547	0.0324516	supercritical
249.820	4.69000	42.8189	0.0233542	10.0637	11.8209	65.8933	27.4749	44.5543	386.959	5.86256	10.5980	0.0328369	supercritical
255.370	4.69000	41.2828	0.0242232	10.2432	12.0658	66.8628	27.4660	43.7205	393.759	5.59834	10.7449	0.0332688	supercritical
260.930	4.69000	39.8838	0.0250728	10.4204	12.3069	67.7969	27.4857	43.0412	400.263	5.35080	10.8949	0.0337410	supercritical
266.480	4.69000	38.6058	0.0259029	10.5952	12.5442	68.6968	27.5307	42.4887	406.483	5.11910	11.0469	0.0342461	supercritical
272.040	4.69000	37.4270	0.0267187	10.7688	12.7791	69.5694	27.5982	42.0381	412.467	4.90092	11.2009	0.0347819	supercritical
277.590	4.69000	36.3384	0.0275191	10.9408	13.0114	70.4146	27.6859	41.6741	418.218	4.69575	11.3558	0.0353433	supercritical
283.150	4.69000	35.3248	0.0283087	11.1123	13.2423	71.2381	27.7922	41.3819	423.778	4.50174	11.5120	0.0359300	supercritical
116.480	5.52000	420.527	0.00237797	0.183044	0.393628	1.64270	32.8855	55.3735	1342.73	-0.419911	113.842	0.183085	liquid
122.040	5.52000	412.574	0.00242381	0.488423	0.703067	4.23771	32.5030	55.9490	1290.01	-0.396482	102.055	0.175497	liquid
127.590	5.52000	404.382	0.00247291	0.796397	1.01539	6.74030	32.1398	56.6170	1236.45	-0.368845	91.8700	0.167882	liquid
133.150	5.52000	395.881	0.00252601	1.10861	1.33231	9.17148	31.7957	57.4056	1181.75	-0.335877	82.9359	0.160243	liquid
138.710	5.52000	387.031	0.00258377	1.42521	1.65402	11.5384	31.4738	58.3480	1125.84	-0.296267	75.0440	0.152613	liquid
144.260	5.52000	377.785	0.00264701	1.74651	1.98091	13.8490	31.1774	59.4885	1068.63	-0.248274	68.0315	0.145013	liquid
149.820	5.52000	368.022	0.00271723	2.07482	2.31544	16.1242	30.9093	60.8974	1009.62	-0.189175	61.7325	0.137415	liquid
155.370	5.52000	357.663	0.00279593	2.41054	2.65814	18.3700	30.6756	62.6666	948.663	-0.115508	56.0514	0.129831	liquid
160.930	5.52000	346.510	0.00288592	2.75707	3.01264	20.6116	30.4834	64.9552	885.040	-0.0214609	50.8630	0.122207	liquid
166.480	5.52000	334.369	0.00299071	3.11633	3.38118	22.8628	30.3454	68.0107	818.284	0.101445	46.0876	0.114528	liquid
172.040	5.52000	320.832	0.00311689	3.49453	3.77055	25.1630	30.2820	72.3172	747.094	0.268824	41.6062	0.106704	liquid
177.590	5.52000	305.326	0.00327519	3.89860	4.18864	27.5543	30.3335	78.8523	669.959	0.508882	37.3150	0.0986738	liquid
183.150	5.52000	286.559	0.00348968	4.34624	4.65527	30.1407	30.5942	90.2000	583.321	0.886439	33.0228	0.0903249	liquid
188.710	5.52000	261.421	0.00382525	4.87752	5.21627	33.1563	31.3544	115.826	480.188	1.58409	28.3740	0.0819965	liquid
194.260	5.52000	215.679	0.00463651	5.67594	6.08653	37.6936	34.3326	240.661	339.971	3.49549	21.8969	0.0735481	supercritical
199.820	5.52000	118.718	0.00842334	7.27336	8.01930	47.5077	34.6617	217.615	281.480	7.72346	12.4451	0.0535300	supercritical
205.370	5.52000	93.3667	0.0107105	7.88978	8.83826	51.5566	31.4387	109.183	301.465	8.13145	11.1054	0.0413339	supercritical
210.930	5.52000	81.5018	0.0122697	8.27054	9.35709	54.0510	30.1057	81.6847	316.488	7.91849	10.7246	0.0373454	supercritical
216.480	5.52000	73.8313	0.0135444	8.57225	9.77169	55.9918	29.3353	69.0208	329.125	7.58871	10.5895	0.0355052	supercritical
222.040	5.52000	68.1890	0.0146651	8.83464	10.1333	57.6417	28.8177	61.6371	340.302	7.23882	10.5605	0.0345642	supercritical
227.590	5.52000	63.7650	0.0156826	9.07235	10.4611	59.1001	28.4499	56.7965	350.394	6.89759	10.5885	0.0340992	supercritical
233.150	5.52000	60.1323	0.0166300	9.29421	10.7669	60.4276	28.1833	53.3709	359.680	6.57238	10.6514	0.0339189	supercritical
238.710	5.52000	57.0668	0.0175233	9.50446	11.0563	61.6543	27.9925	50.8332	368.301	6.26609	10.7373	0.0339264	supercritical
244.260	5.52000	54.4279	0.0183729	9.70574	11.3328	62.7994	27.8615	48.8932	376.355	5.97913	10.8390	0.0340654	supercritical
249.820	5.52000	52.1103	0.0191901	9.90082	11.6002	63.8822	27.7785	47.3693	383.957	5.70954	10.9525	0.0343021	supercritical
255.370	5.52000	50.0555	0.0199778	10.0905	11.8596	64.9092	27.7360	46.1563	391.143	5.45701	11.0745	0.0346134	supercritical
260.930	5.52000	48.2078	0.0207435	10.2765	12.1134	65.8925	27.7276	45.1758	397.989	5.21933	11.2033	0.0349854	supercritical
266.480	5.52000	46.5378	0.0214879	10.4590	12.3619	66.8347	27.7490	44.3799	404.512	4.99608	11.3370	0.0354061	supercritical
272.040	5.52000	45.0118	0.0222164	10.6394	12.6068	67.7442	27.7964	43.7289	410.770	4.78530	11.4749	0.0358696	supercritical
277.590	5.52000	43.6136	0.0229286	10.8175	12.8479	68.6218	27.8669	43.1978	416.768	4.58668	11.6158	0.0363684	supercritical
283.150	5.52000	42.3210	0.0236289	10.9944	13.0869	69.4741	27.9582	42.7642	422.551	4.39855	11.7594	0.0369001	supercritical
116.480	6.89000	421.791	0.00237084	0.163567	0.425628	1.46940	32.9450	55.1419	1355.40	-0.425456	115.806	0.184589	liquid
122.040	6.89000	413.971	0.00241563	0.466638	0.733650	4.05254	32.5634	55.6691	1303.81	-0.403459	103.848	0.177086	liquid
127.590	6.89000	405.935	0.00246345	0.771959	1.04426	6.54139	32.2005	56.2762	1251.54	-0.377664	93.5530	0.169565	liquid
133.150	6.89000	397.619	0.00251497	1.08108	1.35907	8.95644	31.8559	56.9862	1198.31	-0.347111	84.5497	0.162029	liquid
138.710	6.89000	388.992	0.00257075	1.39402	1.67818	11.3042	31.5323	57.8254	1144.12	-0.310715	76.6179	0.154517	liquid
144.260	6.89000	380.017	0.00263146	1.71094	2.00181	13.5918	31.2325	58.8278	1088.91	-0.267074	69.5876	0.147052	liquid
149.820	6.89000	370.591	0.00269839	2.03390	2.33216	15.8386	30.9583	60.0454	1032.31	-0.214028	63.2895	0.139613	liquid
155.370	6.89000	360.661	0.00277269	2.36294	2.66942	18.0488	30.7146	61.5419	974.276	-0.148997	57.6276	0.132221	liquid
160.930	6.89000	350.071	0.00285656	2.70086	3.01661	20.2442	30.5057	63.4227	914.297	-0.0677639	52.4793	0.124836	liquid
166.480	6.89000	338.697	0.00295249	3.04866	3.37501	22.4334	30.3400	65.8351	852.203	0.0353016	47.7718	0.117462	liquid
172.040	6.89000	326.263	0.00306501	3.41073	3.74952	24.6460	30.2284	69.0417	787.244	0.169876	43.4009	0.110044	liquid
177.590	6.89000	312.457	0.00320044	3.79054	4.14430	26.9041	30.1903	73.4813	718.906	0.350960	39.2926	0.102576	liquid
183.150	6.89000	296.643	0.00337105	4.19721	4.56983	29.2629	30.2602	80.0580	645.842	0.607248	35.3288	0.0950340	liquid
188.710	6.89000	277.776	0.00360003	4.64411	5.04204	31.8021	30.5078	90.7772	566.606	0.994636	31.3778	0.0876989	liquid
194.260	6.89000	253.664	0.00394223	5.15962	5.59538	34.6906	31.0820	111.066	479.661	1.63906	27.2148	0.0798365	supercritical
199.820	6.89000	218.888	0.00456855	5.81719	6.32217	38.3764	32.2673	156.520	387.116	2.84597	22.3736	0.0714423	supercritical
205.370	6.89000	168.629	0.00593019	6.69893	7.35442	43.4688	33.3301	199.939	321.616	4.81618	16.9300	0.0626783	supercritical
210.930	6.89000	129.973	0.00769388	7.46022	8.31066	48.0669	31.9364	140.099	315.978	6.08325	13.8154	0.0516502	supercritical
216.480	6.89000	109.710	0.00911496	7.95838	8.96591	51.1353	30.7144	100.990	325.189	6.41452	12.6285	0.0450338	supercritical
222.040	6.89000	97.2868	0.0102789	8.33214	9.46831	53.4279	29.9114	81.7402	335.779	6.39458	12.0936	0.0415365	supercritical
227.590	6.89000	88.6231	0.0112837	8.64185	9.88910	55.3002	29.3519	70.7947	346.012	6.24302	11.8284	0.0395680	supercritical
233.150	6.89000	82.0525	0.0121873	8.91483	10.2620	56.9191	28.9448	63.7937	355.669	6.03929	11.6989	0.0384142	supercritical
238.710	6.89000	76.8163	0.0130181	9.16352	10.6025	58.3627	28.6461	58.9690	364.727	5.81663	11.6486	0.0377473	supercritical
244.260	6.89000	72.4992	0.0137933	9.39492	10.9196	59.6760	28.4297	55.4691	373.224	5.59040	11.6487	0.0373948	supercritical
249.820	6.89000	68.8333	0.0145279	9.61445	11.2203	60.8935	28.2776	52.8236	381.250	5.36695	11.6828	0.0372570	supercritical
255.370	6.89000	65.6700	0.0152276	9.82436	11.5075	62.0308	28.1784	50.7757	388.833	5.15056	11.7411	0.0372750	supercritical
260.930	6.89000	62.8882	0.0159012	10.0275	11.7852	63.1064	28.1229	49.1524	396.048	4.94205	11.8174	0.0374103	supercritical
266.480	6.89000	60.4202	0.0165508	10.2248	12.0542	64.1268	28.1048	47.8510	402.911	4.74282	11.9071	0.0376366	supercritical
272.040	6.89000	58.2003	0.0171820	10.4180	12.3172	65.1036	28.1187	46.7927	409.482	4.55225	12.0075	0.0379370	supercritical
277.590	6.89000	56.1938	0.0177956	10.6074	12.5745	66.0397	28.1605	45.9289	415.768	4.37086	12.1161	0.0382975	supercritical
283.150	6.89000	54.3604	0.0183957	10.7944	12.8278	66.9433	28.2272	45.2185	421.816	4.19768	12.2314	0.0387099	supercritical
116.480	8.27000	423.033	0.00236388	0.144514	0.458140	1.29856	33.0040	54.9228	1367.85	-0.430706	117.757	0.186080	liquid
122.040	8.27000	415.340	0.00240767	0.445390	0.764825	3.87050	32.6235	55.4060	1317.33	-0.410027	105.624	0.178659	liquid
127.590	8.27000	407.452	0.00245428	0.748206	1.07382	6.34649	32.2609	55.9583	1266.25	-0.385912	95.2148	0.171226	liquid
133.150	8.27000	399.308	0.00250433	1.05443	1.38669	8.74657	31.9161	56.5988	1214.39	-0.357530	86.1384	0.163787	liquid
138.710	8.27000	390.886	0.00255829	1.36399	1.70341	11.0768	31.5913	57.3486	1161.75	-0.323978	78.1622	0.156383	liquid
144.260	8.27000	382.157	0.00261673	1.67691	2.02408	13.3434	31.2889	58.2338	1108.36	-0.284117	71.1087	0.149041	liquid
149.820	8.27000	373.033	0.00268073	1.99505	2.35071	15.5650	31.0102	59.2938	1053.87	-0.236209	64.8046	0.141743	liquid
155.370	8.27000	363.478	0.00275120	2.31822	2.68323	17.7442	30.7590	60.5733	998.354	-0.178294	59.1526	0.134517	liquid
160.930	8.27000	353.367	0.00282992	2.64877	3.02423	19.9004	30.5382	62.1446	941.417	-0.107226	54.0311	0.127333	liquid
166.480	8.27000	342.620	0.00291869	2.98712	3.37435	22.0391	30.3533	64.0990	883.058	-0.0191173	49.3706	0.120206	liquid
172.040	8.27000	331.038	0.00302080	3.33659	3.73737	24.1839	30.2108	66.5896	822.813	0.0924203	45.0749	0.113099	liquid
177.590	8.27000	318.441	0.00314030	3.69890	4.11553	26.3470	30.1210	69.8368	760.592	0.236192	41.0839	0.106030	liquid
183.150	8.27000	304.461	0.00328450	4.07963	4.51540	28.5637	30.0992	74.2337	695.806	0.427376	37.3078	0.0990010	liquid
188.710	8.27000	288.622	0.00346474	4.48466	4.94434	30.8705	30.1703	80.4466	628.217	0.690189	33.6722	0.0922346	liquid
194.260	8.27000	270.168	0.00370140	4.92360	5.41467	33.3262	30.3714	89.6998	557.938	1.06629	30.0891	0.0852135	supercritical
199.820	8.27000	247.744	0.00403642	5.41516	5.95069	36.0458	30.7433	104.206	486.128	1.62980	26.4319	0.0778896	supercritical
205.370	8.27000	219.763	0.00455036	5.98105	6.58477	39.1744	31.2459	125.021	419.087	2.46965	22.6354	0.0708125	supercritical
210.930	8.27000	186.818	0.00535280	6.61947	7.32965	42.7523	31.5456	139.568	370.291	3.54998	18.9645	0.0639940	supercritical
216.480	8.27000	156.433	0.00639252	7.23390	8.08202	46.2739	31.2247	127.433	349.596	4.49395	16.2215	0.0570895	supercritical
222.040	8.27000	134.313	0.00744527	7.73950	8.72729	49.2182	30.6232	105.032	347.352	5.01587	14.6161	0.0512226	supercritical
227.590	8.27000	119.058	0.00839929	8.14563	9.26000	51.5887	30.0603	88.0256	352.159	5.21455	13.7269	0.0471750	supercritical
233.150	8.27000	108.014	0.00925806	8.48722	9.71552	53.5667	29.5968	76.5892	359.266	5.23654	13.2138	0.0445291	supercritical
238.710	8.27000	99.6026	0.0100399	8.78631	10.1183	55.2745	29.2318	68.7783	367.032	5.16576	12.9100	0.0428102	supercritical
244.260	8.27000	92.9261	0.0107612	9.05612	10.4839	56.7884	28.9523	63.2368	374.849	5.04662	12.7315	0.0416985	supercritical
249.820	8.27000	87.4299	0.0114377	9.30604	10.8235	58.1636	28.7439	59.1427	382.518	4.90216	12.6331	0.0409935	supercritical
255.370	8.27000	82.8067	0.0120763	9.54056	11.1428	59.4277	28.5959	56.0362	389.926	4.74587	12.5895	0.0405766	supercritical
260.930	8.27000	78.8257	0.0126862	9.76420	11.4473	60.6076	28.4983	53.6128	397.073	4.58458	12.5847	0.0403684	supercritical
266.480	8.27000	75.3559	0.0132704	9.97873	11.7394	61.7151	28.4441	51.6935	403.932	4.42321	12.6085	0.0403184	supercritical
272.040	8.27000	72.2815	0.0138348	10.1868	12.0223	62.7661	28.4269	50.1455	410.539	4.26373	12.6540	0.0403913	supercritical
277.590	8.27000	69.5382	0.0143806	10.3891	12.2970	63.7657	28.4419	48.8878	416.884	4.10822	12.7163	0.0405620	supercritical
283.150	8.27000	67.0596	0.0149121	10.5874	12.5659	64.7247	28.4852	47.8541	423.007	3.95699	12.7919	0.0408135	supercritical
116.480	10.3400	424.842	0.00235382	0.116932	0.507389	1.04887	33.0910	54.6178	1385.96	-0.438014	120.636	0.188278	liquid
122.040	10.3400	417.327	0.00239621	0.414733	0.812221	3.60529	32.7120	55.0427	1336.93	-0.419111	108.234	0.180971	liquid
127.590	10.3400	409.642	0.00244116	0.714068	1.11901	6.06359	32.3504	55.5233	1287.50	-0.397229	97.6491	0.173659	liquid
133.150	10.3400	401.736	0.00248920	1.01630	1.42922	8.44329	32.0056	56.0745	1237.48	-0.371695	88.4575	0.166353	liquid
138.710	10.3400	393.592	0.00254070	1.32126	1.74272	10.7499	31.6797	56.7116	1186.94	-0.341812	80.4081	0.159094	liquid
144.260	10.3400	385.191	0.00259611	1.62882	2.05947	12.9888	31.3747	57.4525	1135.91	-0.306728	73.3120	0.151914	liquid
149.820	10.3400	376.463	0.00265630	1.94063	2.38127	15.1775	31.0911	58.3241	1084.16	-0.265158	66.9890	0.144801	liquid
155.370	10.3400	367.388	0.00272192	2.25622	2.70774	17.3171	30.8320	59.3537	1031.81	-0.215763	61.3385	0.137786	liquid
160.930	10.3400	357.873	0.00279428	2.57754	3.04106	19.4248	30.5988	60.5842	978.596	-0.156421	56.2384	0.130849	liquid
166.480	10.3400	347.878	0.00287457	2.90444	3.38128	21.5031	30.3951	62.0630	924.636	-0.0847683	51.6215	0.124015	liquid
172.040	10.3400	337.270	0.00296499	3.23935	3.73119	23.5704	30.2237	63.8654	869.680	0.00294389	47.3967	0.117259	liquid
177.590	10.3400	325.967	0.00306779	3.58268	4.09157	25.6319	30.0897	66.0809	813.886	0.111196	43.5136	0.110615	liquid
183.150	10.3400	313.772	0.00318703	3.93772	4.46639	27.7099	29.9982	68.8512	757.058	0.247112	39.8984	0.104092	liquid
188.710	10.3400	300.499	0.00332780	4.30654	4.85856	29.8190	29.9571	72.3590	699.402	0.420072	36.5034	0.0978498	liquid
194.260	10.3400	285.911	0.00349760	4.69189	5.27208	31.9784	29.9746	76.8471	641.352	0.643159	33.2838	0.0915527	supercritical
199.820	10.3400	269.621	0.00370891	5.09953	5.71477	34.2249	30.0566	82.6327	583.503	0.935745	30.1843	0.0852005	supercritical
205.370	10.3400	251.329	0.00397884	5.53278	6.19280	36.5841	30.1950	89.8568	527.787	1.31877	27.1874	0.0790885	supercritical
210.930	10.3400	230.798	0.00433278	5.99584	6.71457	39.0905	30.3498	97.7740	477.308	1.80615	24.2955	0.0732937	supercritical
216.480	10.3400	208.686	0.00479190	6.48009	7.27498	41.7126	30.4410	103.470	436.838	2.36980	21.6237	0.0679489	supercritical
222.040	10.3400	186.673	0.00535696	6.96477	7.85340	44.3509	30.4028	103.502	409.319	2.93444	19.3465	0.0630481	supercritical
227.590	10.3400	166.919	0.00599093	7.42022	8.41402	46.8449	30.2399	97.7732	394.222	3.40563	17.5978	0.0586301	supercritical
233.150	10.3400	150.428	0.00664769	7.83191	8.93465	49.1054	30.0005	89.3418	388.271	3.73328	16.3485	0.0548411	supercritical
238.710	10.3400	137.142	0.00729173	8.19828	9.40785	51.1116	29.7362	81.0365	387.949	3.92317	15.4883	0.0518124	supercritical
244.260	10.3400	126.470	0.00790700	8.52582	9.83746	52.8910	29.4856	74.0156	390.723	4.00844	14.9009	0.0495123	supercritical
249.820	10.3400	117.750	0.00849257	8.82392	10.2327	54.4912	29.2692	68.3749	395.136	4.02208	14.4974	0.0478104	supercritical
255.370	10.3400	110.521	0.00904805	9.09842	10.5993	55.9429	29.0960	63.9214	400.374	3.98841	14.2216	0.0465822	supercritical
260.930	10.3400	104.399	0.00957868	9.35559	10.9445	57.2803	28.9666	60.3832	406.024	3.92399	14.0351	0.0457137	supercritical
266.480	10.3400	99.1486	0.0100859	9.59846	11.2715	58.5205	28.8793	57.5582	411.825	3.84015	13.9140	0.0451251	supercritical
272.040	10.3400	94.5673	0.0105745	9.83085	11.5850	59.6847	28.8301	55.2716	417.666	3.74397	13.8411	0.0447525	supercritical
277.590	10.3400	90.5360	0.0110453	10.0542	11.8864	60.7816	28.8155	53.4098	423.449	3.64075	13.8051	0.0445521	supercritical
283.150	10.3400	86.9392	0.0115023	10.2709	12.1790	61.8252	28.8318	51.8757	429.152	3.53344	13.7979	0.0444896	supercritical
116.480	13.7900	427.727	0.00233794	0.0733924	0.590615	0.648735	33.2318	54.1641	1414.83	-0.448875	125.316	0.191842	liquid
122.040	13.7900	420.477	0.00237825	0.366566	0.892707	3.18218	32.8555	54.5080	1367.99	-0.432491	112.456	0.184708	liquid
127.590	13.7900	413.095	0.00242075	0.660726	1.19627	5.61462	32.4958	54.8912	1320.97	-0.413722	101.566	0.177576	liquid
133.150	13.7900	405.535	0.00246588	0.957115	1.50264	7.96494	32.1519	55.3238	1273.61	-0.392083	92.1702	0.170464	liquid
138.710	13.7900	397.790	0.00251389	1.25543	1.81158	10.2379	31.8254	55.8150	1226.02	-0.367101	83.9855	0.163413	liquid
144.260	13.7900	389.853	0.00256507	1.55540	2.12287	12.4383	31.5181	56.3752	1178.28	-0.338235	76.8027	0.156459	liquid
149.820	13.7900	381.669	0.00262007	1.85843	2.43807	14.5821	31.2298	57.0196	1130.22	-0.304657	70.4287	0.149596	liquid
155.370	13.7900	373.237	0.00267926	2.16380	2.75653	16.6693	30.9630	57.7607	1082.02	-0.265616	64.7559	0.142859	liquid
160.930	13.7900	364.493	0.00274354	2.47306	3.08001	18.7148	30.7178	58.6187	1033.51	-0.219904	59.6589	0.136236	liquid
166.480	13.7900	355.430	0.00281350	2.78560	3.40803	20.7186	30.4964	59.6109	984.890	-0.166374	55.0698	0.129758	liquid
172.040	13.7900	345.969	0.00289044	3.10314	3.74259	22.6953	30.2996	60.7647	936.037	-0.103213	50.8998	0.123409	liquid
177.590	13.7900	336.092	0.00297538	3.42522	4.08346	24.6452	30.1295	62.1034	887.207	-0.0286471	47.1030	0.117227	liquid
183.150	13.7900	325.705	0.00307027	3.75374	4.43298	26.5830	29.9870	63.6626	838.356	0.0600602	43.6135	0.111218	liquid
188.710	13.7900	314.759	0.00317704	4.08899	4.79185	28.5132	29.8740	65.4723	789.773	0.165797	40.3936	0.105482	liquid
194.260	13.7900	303.205	0.00329810	4.43123	5.16087	30.4403	29.7917	67.5565	741.841	0.291891	37.4111	0.0998283	supercritical
199.820	13.7900	290.932	0.00343723	4.78255	5.54297	32.3795	29.7400	69.9367	694.822	0.442841	34.6251	0.0942686	supercritical
205.370	13.7900	277.931	0.00359802	5.14236	5.93835	34.3310	29.7174	72.5831	649.494	0.622262	32.0235	0.0889662	supercritical
210.930	13.7900	264.134	0.00378596	5.51216	6.34973	36.3073	29.7182	75.4079	606.522	0.834110	29.5848	0.0839302	supercritical
216.480	13.7900	249.650	0.00400561	5.88982	6.77599	38.3019	29.7324	78.1561	567.139	1.07782	27.3183	0.0792266	supercritical
222.040	13.7900	234.618	0.00426225	6.27417	7.21710	40.3137	29.7463	80.3853	532.485	1.34786	25.2322	0.0748876	supercritical
227.590	13.7900	219.460	0.00455664	6.65898	7.66705	42.3152	29.7469	81.5386	503.839	1.62868	23.3636	0.0709622	supercritical
233.150	13.7900	204.617	0.00488718	7.03918	8.12037	44.2831	29.7261	81.2848	481.616	1.90221	21.7361	0.0674420	supercritical
238.710	13.7900	190.598	0.00524664	7.40771	8.56842	46.1823	29.6816	79.6859	465.560	2.15036	20.3667	0.0643193	supercritical
244.260	13.7900	177.768	0.00562531	7.75936	9.00385	47.9856	29.6162	77.0936	454.822	2.35993	19.2482	0.0615806	supercritical
249.820	13.7900	166.238	0.00601547	8.09306	9.42386	49.6860	29.5367	73.9313	448.312	2.52479	18.3502	0.0592044	supercritical
255.370	13.7900	156.054	0.00640805	8.40729	9.82494	51.2741	29.4532	70.5998	445.034	2.64361	17.6421	0.0571893	supercritical
260.930	13.7900	147.083	0.00679890	8.70427	10.2084	52.7596	29.3757	67.3671	444.103	2.72083	17.0867	0.0555106	supercritical
266.480	13.7900	139.214	0.00718316	8.98478	10.5739	54.1459	29.3130	64.4036	444.838	2.76262	16.6556	0.0541470	supercritical
272.040	13.7900	132.269	0.00756034	9.25193	10.9245	55.4481	29.2705	61.7637	446.736	2.77605	16.3216	0.0530597	supercritical
277.590	13.7900	126.131	0.00792829	9.50678	11.2608	56.6718	29.2512	59.4642	449.429	2.76738	16.0657	0.0522168	supercritical
283.150	13.7900	120.653	0.00828821	9.75211	11.5857	57.8309	29.2561	57.4749	452.671	2.74184	15.8713	0.0515814	supercritical
