# Temperature (K)	Pressure (MPa)	Experimental(m/s)	NIST(m/s)	Model(m/s)
1.908499999999999943e+02	4.589999999999999858e+00	2.485999999999999943e+02	2.492189999999999941e+02	2.191252500000000794e+02
1.908499999999999943e+02	4.620000000000000107e+00	2.397899999999999920e+02	2.410289999999999964e+02	2.282546500000000265e+02
1.908499999999999943e+02	4.629999999999999893e+00	2.288700000000000045e+02	2.346479999999999961e+02	2.371575000000000841e+02
1.908499999999999943e+02	4.639999999999999680e+00	2.157700000000000102e+02	2.133870000000000005e+02	2.403856250000000614e+02
1.908499999999999943e+02	4.639999999999999680e+00	2.050600000000000023e+02	2.133870000000000005e+02	2.403856250000000614e+02
1.908499999999999943e+02	4.639999999999999680e+00	2.044399999999999977e+02	2.133870000000000005e+02	2.403856250000000614e+02
1.908499999999999943e+02	4.639999999999999680e+00	2.050900000000000034e+02	2.133870000000000005e+02	2.403856250000000614e+02
1.908499999999999943e+02	4.650000000000000355e+00	2.128799999999999955e+02	2.324900000000000091e+02	2.487268000000000825e+02
1.908499999999999943e+02	4.650000000000000355e+00	2.258700000000000045e+02	2.324900000000000091e+02	2.487268000000000825e+02
1.906299999999999955e+02	4.559999999999999609e+00	2.473499999999999943e+02	2.496289999999999907e+02	2.199350416666667343e+02
1.906299999999999955e+02	4.610000000000000320e+00	2.040900000000000034e+02	2.134199999999999875e+02	2.244505000000000621e+02
1.906299999999999955e+02	4.610000000000000320e+00	1.912599999999999909e+02	2.134199999999999875e+02	2.244505000000000621e+02
1.906299999999999955e+02	4.610000000000000320e+00	1.951599999999999966e+02	2.134199999999999875e+02	2.244505000000000621e+02
1.906299999999999955e+02	4.610000000000000320e+00	1.955399999999999920e+02	2.134199999999999875e+02	2.244505000000000621e+02
1.906299999999999955e+02	4.610000000000000320e+00	2.058700000000000045e+02	2.134199999999999875e+02	2.244505000000000621e+02
1.906299999999999955e+02	4.610000000000000320e+00	2.190500000000000114e+02	2.134199999999999875e+02	2.244505000000000621e+02
1.905600000000000023e+02	4.559999999999999609e+00	2.469300000000000068e+02	2.479869999999999948e+02	2.199350416666667343e+02
1.905600000000000023e+02	4.580000000000000071e+00	2.369600000000000080e+02	2.424559999999999889e+02	2.179191750000000809e+02
1.905000000000000000e+02	4.549999999999999822e+00	2.465699999999999932e+02	2.484960000000000093e+02	2.252879416666667396e+02
1.905000000000000000e+02	4.580000000000000071e+00	2.362899999999999920e+02	2.387239999999999895e+02	2.179191750000000809e+02
1.904300000000000068e+02	4.570000000000000284e+00	2.355200000000000102e+02	2.394970000000000141e+02	2.184231416666667087e+02
1.904300000000000068e+02	4.580000000000000071e+00	2.183000000000000114e+02	2.207160000000000082e+02	2.179191750000000809e+02
1.902500000000000000e+02	4.549999999999999822e+00	2.332299999999999898e+02	2.379230000000000018e+02	2.322337416666667593e+02
1.904300000000000068e+02	4.580000000000000071e+00	2.068300000000000125e+02	2.207160000000000082e+02	2.179191750000000809e+02
1.903700000000000045e+02	4.570000000000000284e+00	2.157700000000000102e+02	2.322050000000000125e+02	2.218310083333333864e+02
1.903499999999999943e+02	4.570000000000000284e+00	2.155900000000000034e+02	2.328830000000000098e+02	2.230949916666666866e+02
1.902500000000000000e+02	4.559999999999999609e+00	2.208300000000000125e+02	2.478549999999999898e+02	2.268808416666666972e+02
1.895000000000000000e+02	4.450000000000000178e+00	2.392899999999999920e+02	2.755649999999999977e+02	2.967332333333337147e+02
1.894000000000000057e+02	4.440000000000000391e+00	2.391100000000000136e+02	2.824959999999999809e+02	2.969149000000003866e+02
1.881500000000000057e+02	4.269999999999999574e+00	2.482299999999999898e+02	3.222629999999999768e+02	3.172025666666671100e+02
1.859000000000000057e+02	3.970000000000000195e+00	2.560000000000000000e+02	2.565160000000000196e+02	3.952672999999997501e+02
1.815500000000000114e+02	3.450000000000000178e+00	2.647400000000000091e+02	2.642629999999999768e+02	4.811304166666668607e+02
1.813000000000000114e+02	3.430000000000000160e+00	2.647799999999999727e+02	4.733910000000000196e+02	4.861138333333336163e+02
1.782500000000000000e+02	3.100000000000000089e+00	2.690199999999999818e+02	5.276849999999999454e+02	5.292956916666671532e+02
1.780500000000000114e+02	3.080000000000000071e+00	2.691299999999999955e+02	5.311530000000000200e+02	5.347115250000003925e+02
1.685500000000000114e+02	2.209999999999999964e+00	2.783199999999999932e+02	6.786000000000000227e+02	6.815589000000004489e+02
1.631500000000000057e+02	1.800000000000000044e+00	2.818899999999999864e+02	2.815210000000000150e+02	7.557719999999994798e+02
1.626500000000000057e+02	1.729999999999999982e+00	2.838100000000000023e+02	2.834010000000000105e+02	7.622427499999998872e+02
1.614499999999999886e+02	1.689999999999999947e+00	2.827699999999999818e+02	7.764539999999999509e+02	7.773530833333333021e+02
1.531500000000000057e+02	1.199999999999999956e+00	2.857900000000000205e+02	8.825000000000000000e+02	8.827099166666667998e+02
1.506500000000000057e+02	1.070000000000000062e+00	2.862599999999999909e+02	2.859110000000000014e+02	9.142410000000002128e+02
1.481500000000000057e+02	9.599999999999999645e-01	2.865699999999999932e+02	9.431219999999999573e+02	9.798398833333336597e+02
1.904300000000000068e+02	4.580000000000000071e+00	2.090600000000000023e+02	2.207160000000000082e+02	2.188998000000001127e+02
1.904300000000000068e+02	4.580000000000000071e+00	2.177299999999999898e+02	2.207160000000000082e+02	2.188998000000001127e+02
1.902500000000000000e+02	4.559999999999999609e+00	2.244499999999999886e+02	2.478549999999999898e+02	2.288902250000001004e+02
1.902500000000000000e+02	4.559999999999999609e+00	2.271299999999999955e+02	2.478549999999999898e+02	2.288902250000001004e+02
1.881500000000000057e+02	4.269999999999999574e+00	3.141200000000000045e+02	3.222629999999999768e+02	2.546807749999995849e+02
1.881500000000000057e+02	4.269999999999999574e+00	3.141800000000000068e+02	3.222629999999999768e+02	2.546807749999995849e+02
1.859099999999999966e+02	3.979999999999999982e+00	3.742400000000000091e+02	3.790960000000000036e+02	3.448541083333328174e+02
1.781500000000000057e+02	3.089999999999999858e+00	5.283700000000000045e+02	5.294220000000000255e+02	3.024696666666670239e+02
1.707500000000000000e+02	2.390000000000000124e+00	6.464700000000000273e+02	2.761299999999999955e+02	6.161363833333330149e+02
1.631500000000000057e+02	1.800000000000000044e+00	7.541000000000000227e+02	2.815210000000000150e+02	4.337112249999998426e+02
1.531500000000000057e+02	1.199999999999999956e+00	8.827799999999999727e+02	8.825000000000000000e+02	8.827099166666667998e+02
1.250900000000000034e+02	2.700000000000000178e-01	1.200309999999999945e+03	2.808220000000000027e+02	1.200993333333335158e+03
1.500000000000000000e+02	4.000000000000000000e+00	9.807000000000000455e+02	9.806230000000000473e+02	9.661767500000006521e+02
1.500000000000000000e+02	3.810000000000000053e+00	9.772000000000000455e+02	9.770900000000000318e+02	9.615327500000006467e+02
1.500000000000000000e+02	3.620000000000000107e+00	9.735000000000000000e+02	9.735209999999999582e+02	9.570940833333339697e+02
1.500000000000000000e+02	3.419999999999999929e+00	9.700000000000000000e+02	9.697240000000000464e+02	9.527827500000005330e+02
1.500000000000000000e+02	3.220000000000000195e+00	9.657000000000000455e+02	9.658840000000000146e+02	9.483068333333341116e+02
1.500000000000000000e+02	3.020000000000000018e+00	9.622999999999999545e+02	9.620000000000000000e+02	9.418749166666674455e+02
1.500000000000000000e+02	2.830000000000000071e+00	9.581000000000000227e+02	9.582680000000000291e+02	9.401692500000007158e+02
1.500000000000000000e+02	2.629999999999999893e+00	9.545000000000000000e+02	9.542939999999999827e+02	9.378126666666670417e+02
1.500000000000000000e+02	2.439999999999999947e+00	9.505000000000000000e+02	9.504740000000000464e+02	9.358545000000003711e+02
1.500000000000000000e+02	2.240000000000000213e+00	9.462999999999999545e+02	9.464039999999999964e+02	9.347553333333338514e+02
1.500000000000000000e+02	2.040000000000000036e+00	9.421000000000000227e+02	9.422839999999999918e+02	9.337470833333338760e+02
1.500000000000000000e+02	1.850000000000000089e+00	9.382999999999999545e+02	9.383200000000000500e+02	9.342958333333339169e+02
1.500000000000000000e+02	1.659999999999999920e+00	9.342000000000000455e+02	9.343070000000000164e+02	9.342655000000003156e+02
1.550000000000000000e+02	4.000000000000000000e+00	9.225000000000000000e+02	9.222400000000000091e+02	9.181729166666671063e+02
1.550000000000000000e+02	3.810000000000000053e+00	9.182999999999999545e+02	9.182140000000000555e+02	9.153275833333339051e+02
1.550000000000000000e+02	3.609999999999999876e+00	9.143999999999999773e+02	9.139220000000000255e+02	9.118644166666672390e+02
1.550000000000000000e+02	3.419999999999999929e+00	9.098999999999999773e+02	9.097910000000000537e+02	9.080734166666670717e+02
1.550000000000000000e+02	3.220000000000000195e+00	9.057999999999999545e+02	9.053840000000000146e+02	9.029749166666671272e+02
1.550000000000000000e+02	3.020000000000000018e+00	9.012999999999999545e+02	9.009139999999999873e+02	8.983106666666669753e+02
1.550000000000000000e+02	2.830000000000000071e+00	8.967999999999999545e+02	8.966090000000000373e+02	8.942318333333333840e+02
1.550000000000000000e+02	2.629999999999999893e+00	8.922000000000000455e+02	8.920109999999999673e+02	8.884435833333329811e+02
1.550000000000000000e+02	2.439999999999999947e+00	8.877000000000000455e+02	8.875789999999999509e+02	8.846255833333327701e+02
1.550000000000000000e+02	2.240000000000000213e+00	8.830000000000000000e+02	8.828429999999999609e+02	8.783002499999996644e+02
1.550000000000000000e+02	2.049999999999999822e+00	8.782999999999999545e+02	8.782749999999999773e+02	8.754981666666661795e+02
1.600000000000000000e+02	4.000000000000000000e+00	8.612000000000000455e+02	8.609080000000000155e+02	6.147375500000001693e+02
1.600000000000000000e+02	3.979999999999999982e+00	8.611000000000000227e+02	8.604210000000000491e+02	6.144040500000002112e+02
1.600000000000000000e+02	3.810000000000000053e+00	8.565000000000000000e+02	8.562450000000000045e+02	6.080036166666667441e+02
1.600000000000000000e+02	3.790000000000000036e+00	8.563999999999999773e+02	8.557500000000000000e+02	6.080036166666667441e+02
1.600000000000000000e+02	3.620000000000000107e+00	8.522000000000000455e+02	8.515090000000000146e+02	5.968754916666670169e+02
1.600000000000000000e+02	3.609999999999999876e+00	8.518999999999999773e+02	8.512580000000000382e+02	5.967649916666670151e+02
1.600000000000000000e+02	3.589999999999999858e+00	8.512999999999999545e+02	8.507540000000000191e+02	5.966051583333336339e+02
1.600000000000000000e+02	3.419999999999999929e+00	8.472999999999999545e+02	8.464410000000000309e+02	5.944923250000002781e+02
1.600000000000000000e+02	3.229999999999999982e+00	8.422999999999999545e+02	8.415449999999999591e+02	5.813739333333337527e+02
1.600000000000000000e+02	3.029999999999999805e+00	8.370000000000000000e+02	8.363010000000000446e+02	5.731796333333336406e+02
1.600000000000000000e+02	2.830000000000000071e+00	8.312999999999999545e+02	8.309610000000000127e+02	5.657869166666666843e+02
1.600000000000000000e+02	2.609999999999999876e+00	8.253999999999999773e+02	8.249690000000000509e+02	5.586283750000000055e+02
1.600000000000000000e+02	2.430000000000000160e+00	8.203999999999999773e+02	8.199710000000000036e+02	5.495053500000001350e+02
1.600000000000000000e+02	2.240000000000000213e+00	8.147999999999999545e+02	8.145960000000000036e+02	5.439056916666670531e+02
1.600000000000000000e+02	2.040000000000000036e+00	8.090000000000000000e+02	8.088239999999999554e+02	5.256926750000003494e+02
1.600000000000000000e+02	1.850000000000000089e+00	8.033999999999999773e+02	8.032250000000000227e+02	5.075395166666670548e+02
1.600000000000000000e+02	1.739999999999999991e+00	7.997999999999999545e+02	7.999299999999999500e+02	4.981444916666670224e+02
1.600000000000000000e+02	1.659999999999999920e+00	7.972999999999999545e+02	7.975080000000000382e+02	4.929833666666669956e+02
1.500000000000000000e+02	1.459999999999999964e+00	9.300000000000000000e+02	9.300270000000000437e+02	8.002932749999998805e+02
1.500000000000000000e+02	1.260000000000000009e+00	9.257999999999999545e+02	9.256889999999999645e+02	7.135253833333330249e+02
1.500000000000000000e+02	1.070000000000000062e+00	9.215000000000000000e+02	9.215119999999999436e+02	5.900098333333330629e+02
1.550000000000000000e+02	1.850000000000000089e+00	8.733999999999999773e+02	8.733890000000000100e+02	8.675174833333337574e+02
1.550000000000000000e+02	1.659999999999999920e+00	8.685000000000000000e+02	8.686730000000000018e+02	8.517627000000002226e+02
1.550000000000000000e+02	1.459999999999999964e+00	8.637000000000000455e+02	8.636250000000000000e+02	8.047038500000001022e+02
1.550000000000000000e+02	1.260000000000000009e+00	8.585000000000000000e+02	2.864470000000000027e+02	7.313209500000000389e+02
1.630000000000000000e+02	4.000000000000000000e+00	8.232999999999999545e+02	8.223269999999999982e+02	5.582726750000002767e+02
1.630000000000000000e+02	3.810000000000000053e+00	8.180000000000000000e+02	8.171810000000000400e+02	5.568206750000001648e+02
1.630000000000000000e+02	3.609999999999999876e+00	8.127000000000000455e+02	8.116630000000000109e+02	5.509521000000003141e+02
1.630000000000000000e+02	3.419999999999999929e+00	8.072999999999999545e+02	8.063189999999999600e+02	5.489311000000002423e+02
1.630000000000000000e+02	3.220000000000000195e+00	8.015000000000000000e+02	8.005819999999999936e+02	5.351565416666670671e+02
1.630000000000000000e+02	3.020000000000000018e+00	7.955000000000000000e+02	7.947229999999999563e+02	5.269636250000004338e+02
1.630000000000000000e+02	2.830000000000000071e+00	7.896000000000000227e+02	7.890389999999999873e+02	5.222906250000004320e+02
1.630000000000000000e+02	7.629999999999999893e+00	7.837000000000000455e+02	9.069560000000000173e+02	6.514236833333341110e+02
1.630000000000000000e+02	2.439999999999999947e+00	7.772999999999999545e+02	7.769829999999999472e+02	4.990963416666672856e+02
1.630000000000000000e+02	7.240000000000000213e+00	7.712000000000000455e+02	8.988590000000000373e+02	6.255860416666674837e+02
1.630000000000000000e+02	2.049999999999999822e+00	7.647000000000000455e+02	7.643479999999999563e+02	4.612306000000008339e+02
1.630000000000000000e+02	1.850000000000000089e+00	7.578999999999999773e+02	7.576200000000000045e+02	4.262402083333341807e+02
1.630000000000000000e+02	1.790000000000000036e+00	7.557000000000000455e+02	2.815849999999999795e+02	4.185447333333341362e+02
1.670000000000000000e+02	4.000000000000000000e+00	7.695000000000000000e+02	7.682229999999999563e+02	7.556918333333327382e+02
1.670000000000000000e+02	3.799999999999999822e+00	7.631000000000000227e+02	7.619379999999999882e+02	7.123058833333332132e+02
1.670000000000000000e+02	3.620000000000000107e+00	7.572000000000000455e+02	7.561509999999999536e+02	7.020432833333334202e+02
1.670000000000000000e+02	3.490000000000000213e+00	7.528999999999999773e+02	7.518920000000000528e+02	6.896709999999999354e+02
1.670000000000000000e+02	3.419999999999999929e+00	7.506000000000000227e+02	7.495689999999999600e+02	6.841834000000000060e+02
1.670000000000000000e+02	3.220000000000000195e+00	7.437999999999999545e+02	7.428139999999999645e+02	6.727952499999998963e+02
1.670000000000000000e+02	3.040000000000000036e+00	7.371000000000000227e+02	7.365779999999999745e+02	6.635729750000000422e+02
1.670000000000000000e+02	2.819999999999999840e+00	7.297000000000000455e+02	7.287400000000000091e+02	6.449662916666668480e+02
1.670000000000000000e+02	2.629999999999999893e+00	7.222000000000000455e+02	7.217630000000000337e+02	6.218899500000002263e+02
1.670000000000000000e+02	7.459999999999999964e+00	7.157999999999999545e+02	8.595280000000000200e+02	7.824085749999998143e+02
1.670000000000000000e+02	7.330000000000000071e+00	7.102999999999999545e+02	8.565489999999999782e+02	7.783641749999997046e+02
1.670000000000000000e+02	7.269999999999999574e+00	7.082000000000000455e+02	8.551639999999999873e+02	7.783641749999997046e+02
1.670000000000000000e+02	2.240000000000000213e+00	7.071000000000000227e+02	7.067780000000000200e+02	5.342418916666670157e+02
1.670000000000000000e+02	2.120000000000000107e+00	7.022000000000000455e+02	7.019679999999999609e+02	5.219060250000004544e+02
1.670000000000000000e+02	2.100000000000000089e+00	7.015000000000000000e+02	7.011570000000000391e+02	5.243027750000004517e+02
1.670000000000000000e+02	2.069999999999999840e+00	7.002000000000000455e+02	2.797200000000000273e+02	5.243027750000004517e+02
1.700000000000000000e+02	4.000000000000000000e+00	7.263999999999999773e+02	7.250960000000000036e+02	7.178303833333332022e+02
1.700000000000000000e+02	3.810000000000000053e+00	7.192999999999999545e+02	7.183139999999999645e+02	7.103925833333330502e+02
1.700000000000000000e+02	3.609999999999999876e+00	7.115000000000000000e+02	7.109690000000000509e+02	6.973446333333331495e+02
1.700000000000000000e+02	3.410000000000000142e+00	7.042000000000000455e+02	7.033959999999999582e+02	6.885444583333331821e+02
1.700000000000000000e+02	3.220000000000000195e+00	6.967000000000000455e+02	6.959740000000000464e+02	6.721760083333333569e+02
1.700000000000000000e+02	3.029999999999999805e+00	6.887999999999999545e+02	6.883089999999999691e+02	6.483926916666669058e+02
1.700000000000000000e+02	2.830000000000000071e+00	6.803999999999999773e+02	6.799569999999999936e+02	6.297411000000004151e+02
1.700000000000000000e+02	2.629999999999999893e+00	6.713999999999999773e+02	6.712830000000000155e+02	6.161875583333337545e+02
1.700000000000000000e+02	2.430000000000000160e+00	6.623999999999999773e+02	6.622549999999999955e+02	5.911137750000007145e+02
1.730000000000000000e+02	4.000000000000000000e+00	6.802000000000000455e+02	6.790639999999999645e+02	7.119256166666668832e+02
1.730000000000000000e+02	3.810000000000000053e+00	6.718999999999999773e+02	6.711929999999999836e+02	7.032312416666668469e+02
1.730000000000000000e+02	3.609999999999999876e+00	6.632000000000000455e+02	6.626040000000000418e+02	6.940125833333336232e+02
1.730000000000000000e+02	3.419999999999999929e+00	5.547000000000000455e+02	6.541280000000000427e+02	6.881967250000001286e+02
1.730000000000000000e+02	3.220000000000000195e+00	6.452000000000000455e+02	6.448350000000000364e+02	6.801620333333335111e+02
1.730000000000000000e+02	3.020000000000000018e+00	6.353999999999999773e+02	6.351190000000000282e+02	6.670884583333337332e+02
1.730000000000000000e+02	2.819999999999999840e+00	6.248999999999999773e+02	6.249249999999999545e+02	6.535832916666673782e+02
1.730000000000000000e+02	2.629999999999999893e+00	6.140000000000000000e+02	6.147380000000000564e+02	6.448597833333340077e+02
1.770000000000000000e+02	4.000000000000000000e+00	6.122000000000000455e+02	6.112269999999999754e+02	4.841837666666672249e+02
1.770000000000000000e+02	3.810000000000000053e+00	6.013999999999999773e+02	6.011219999999999573e+02	4.770241250000004811e+02
1.770000000000000000e+02	3.620000000000000107e+00	5.903999999999999773e+02	5.904729999999999563e+02	4.630725083333337579e+02
1.770000000000000000e+02	3.609999999999999876e+00	5.900000000000000000e+02	5.898959999999999582e+02	4.630725083333337579e+02
1.770000000000000000e+02	3.410000000000000142e+00	5.780000000000000000e+02	5.779700000000000273e+02	4.536885500000002480e+02
1.770000000000000000e+02	3.220000000000000195e+00	5.650000000000000000e+02	5.658759999999999764e+02	4.496431166666670265e+02
1.770000000000000000e+02	3.020000000000000018e+00	5.510000000000000000e+02	5.521810000000000400e+02	4.426388416666670764e+02
1.770000000000000000e+02	2.979999999999999982e+00	5.478999999999999773e+02	5.493049999999999500e+02	5.572666666666663104e+02
1.800000000000000000e+02	4.000000000000000000e+00	5.532999999999999545e+02	5.527440000000000282e+02	3.426790666666666425e+02
1.800000000000000000e+02	3.910000000000000142e+00	5.470000000000000000e+02	5.466810000000000400e+02	3.355141166666666095e+02
1.800000000000000000e+02	3.810000000000000053e+00	5.400000000000000000e+02	5.396860000000000355e+02	3.326929333333332579e+02
1.800000000000000000e+02	3.720000000000000195e+00	5.328999999999999773e+02	5.331330000000000382e+02	3.225331666666666024e+02
1.800000000000000000e+02	3.609999999999999876e+00	5.242999999999999545e+02	5.247549999999999955e+02	3.181201999999999543e+02
1.800000000000000000e+02	3.520000000000000018e+00	5.167999999999999545e+02	5.175579999999999927e+02	3.075882166666666535e+02
1.800000000000000000e+02	3.419999999999999929e+00	5.073999999999999773e+02	5.091510000000000105e+02	2.985719499999999016e+02
1.800000000000000000e+02	3.350000000000000089e+00	5.008999999999999773e+02	5.029739999999999895e+02	3.012943499999999517e+02
1.800000000000000000e+02	3.339999999999999858e+00	5.000000000000000000e+02	5.020699999999999932e+02	3.012943499999999517e+02
1.800000000000000000e+02	3.279999999999999805e+00	4.946999999999999886e+02	2.663620000000000232e+02	3.019083166666666216e+02
1.800000000000000000e+02	3.259999999999999787e+00	4.921000000000000227e+02	2.675710000000000264e+02	3.019083166666666216e+02
1.830000000000000000e+02	4.000000000000000000e+00	4.823999999999999773e+02	4.821480000000000246e+02	3.810848416666667049e+02
1.830000000000000000e+02	3.979999999999999982e+00	4.811999999999999886e+02	4.802350000000000136e+02	3.775865750000000958e+02
1.830000000000000000e+02	3.910000000000000142e+00	4.743999999999999773e+02	4.733260000000000218e+02	3.722314250000001152e+02
1.830000000000000000e+02	3.810000000000000053e+00	4.621000000000000227e+02	4.628090000000000259e+02	3.664071750000000520e+02
1.830000000000000000e+02	3.729999999999999982e+00	4.528000000000000114e+02	4.537409999999999854e+02	3.581991249999999809e+02
1.830000000000000000e+02	3.689999999999999947e+00	4.471000000000000227e+02	4.489510000000000218e+02	3.572121249999999577e+02
1.830000000000000000e+02	3.649999999999999911e+00	4.416999999999999886e+02	4.439639999999999986e+02	3.541962249999999131e+02
1.731500000000000057e+02	1.000000000000000000e+02	1.639660000000000082e+03	1.639890000000000100e+03	1.068790250000000015e+03
1.731500000000000057e+02	1.500000000000000000e+02	1.858039999999999964e+03	1.858190000000000055e+03	1.068790250000000015e+03
1.731500000000000057e+02	2.000000000000000000e+02	2.032480000000000018e+03	2.032380000000000109e+03	1.068790250000000015e+03
1.731500000000000057e+02	2.500000000000000000e+02	2.180369999999999891e+03	2.179599999999999909e+03	1.068790250000000015e+03
1.731500000000000057e+02	3.000000000000000000e+02	2.309960000000000036e+03	2.308320000000000164e+03	1.068790250000000015e+03
1.731500000000000057e+02	3.500000000000000000e+02	2.425960000000000036e+03	2.423440000000000055e+03	1.068790250000000015e+03
1.731500000000000057e+02	4.000000000000000000e+02	2.531369999999999891e+03	2.528050000000000182e+03	1.068790250000000015e+03
1.481500000000000057e+02	1.000000000000000000e+02	1.739990000000000009e+03	1.742660000000000082e+03	1.232475616666667747e+03
1.481500000000000057e+02	1.500000000000000000e+02	1.941039999999999964e+03	1.944980000000000018e+03	1.232475616666667747e+03
1.481500000000000057e+02	2.000000000000000000e+02	2.105030000000000200e+03	2.108989999999999782e+03	1.232475616666667747e+03
1.481500000000000057e+02	2.500000000000000000e+02	2.245539999999999964e+03	2.248900000000000091e+03	1.232475616666667747e+03
1.113299999999999983e+02	1.100000000000000006e-01	1.340900000000000091e+03	1.341579999999999927e+03	1.365249499999999443e+03
1.113299999999999983e+02	5.000000000000000000e-01	1.345000000000000000e+03	1.345299999999999955e+03	1.363208441666666204e+03
1.113299999999999983e+02	9.799999999999999822e-01	1.349599999999999909e+03	1.349829999999999927e+03	1.367228249999999434e+03
1.113299999999999983e+02	1.969999999999999973e+00	1.358700000000000045e+03	1.359059999999999945e+03	1.373807416666666313e+03
1.113299999999999983e+02	2.939999999999999947e+00	1.367000000000000000e+03	1.367930000000000064e+03	1.384326999999999543e+03
1.113299999999999983e+02	3.930000000000000160e+00	1.376599999999999909e+03	1.376819999999999936e+03	1.389621166666666340e+03
1.113299999999999983e+02	4.910000000000000142e+00	1.384799999999999955e+03	1.385470000000000027e+03	1.393376666666666551e+03
1.113299999999999983e+02	5.879999999999999893e+00	1.393099999999999909e+03	1.393890000000000100e+03	1.399238333333332548e+03
1.113299999999999983e+02	6.820000000000000284e+00	1.402099999999999909e+03	1.401920000000000073e+03	1.403587499999999409e+03
1.113299999999999983e+02	7.570000000000000284e+00	1.408500000000000000e+03	1.408240000000000009e+03	1.403017749999999978e+03
1.250999999999999943e+02	2.800000000000000266e-01	1.200599999999999909e+03	1.200400000000000091e+03	1.202521241666665901e+03
1.250999999999999943e+02	5.300000000000000266e-01	1.202900000000000091e+03	1.203470000000000027e+03	1.204526908333332585e+03
1.250999999999999943e+02	1.010000000000000009e+00	1.209000000000000000e+03	1.209309999999999945e+03	1.209453174999999192e+03
1.250999999999999943e+02	1.989999999999999991e+00	1.220799999999999955e+03	1.220970000000000027e+03	1.221504766666666228e+03
1.250999999999999943e+02	2.959999999999999964e+00	1.232099999999999909e+03	1.232220000000000027e+03	1.231373099999999795e+03
1.250999999999999943e+02	3.919999999999999929e+00	1.242700000000000045e+03	1.243069999999999936e+03	1.242142799999999852e+03
1.250999999999999943e+02	4.860000000000000320e+00	1.253799999999999955e+03	1.253450000000000045e+03	1.252804883333332782e+03
1.250999999999999943e+02	5.919999999999999929e+00	1.265099999999999909e+03	1.264880000000000109e+03	1.263052799999999479e+03
1.250999999999999943e+02	6.849999999999999645e+00	1.275000000000000000e+03	1.274670000000000073e+03	1.273054049999999961e+03
1.250999999999999943e+02	7.799999999999999822e+00	1.285000000000000000e+03	1.284470000000000027e+03	1.284957499999999982e+03
1.250999999999999943e+02	8.769999999999999574e+00	1.295000000000000000e+03	1.294279999999999973e+03	1.295719166666666752e+03
1.250999999999999943e+02	9.789999999999999147e+00	1.305200000000000045e+03	1.304369999999999891e+03	1.305600833333333412e+03
1.400300000000000011e+02	1.110000000000000098e+00	1.045000000000000000e+03	1.045220000000000027e+03	1.038261983333333546e+03
1.400300000000000011e+02	1.989999999999999991e+00	1.059500000000000000e+03	1.059609999999999900e+03	1.059559166666666897e+03
1.400300000000000011e+02	2.979999999999999982e+00	1.075000000000000000e+03	1.075150000000000091e+03	1.073862500000000409e+03
1.400300000000000011e+02	3.930000000000000160e+00	1.089099999999999909e+03	1.089490000000000009e+03	1.089573333333333039e+03
1.400300000000000011e+02	4.929999999999999716e+00	1.104000000000000000e+03	1.104039999999999964e+03	1.100364999999999782e+03
1.400300000000000011e+02	5.900000000000000355e+00	1.117900000000000091e+03	1.117650000000000091e+03	1.119001499999999623e+03
1.400300000000000011e+02	6.839999999999999858e+00	1.130599999999999909e+03	1.130430000000000064e+03	1.127863166666666757e+03
1.400300000000000011e+02	7.889999999999999680e+00	1.145299999999999955e+03	1.144240000000000009e+03	1.144558333333333394e+03
1.400300000000000011e+02	8.839999999999999858e+00	1.157000000000000000e+03	1.156369999999999891e+03	1.155727083333332757e+03
1.400300000000000011e+02	9.789999999999999147e+00	1.169500000000000000e+03	1.168170000000000073e+03	1.165717833333332692e+03
1.400300000000000011e+02	1.060999999999999943e+01	1.178700000000000045e+03	1.178099999999999909e+03	1.169284499999999525e+03
1.400300000000000011e+02	1.102999999999999936e+01	1.183900000000000091e+03	1.183099999999999909e+03	1.168806999999999562e+03
1.554300000000000068e+02	1.370000000000000107e+00	8.540000000000000000e+02	8.553350000000000364e+02	8.440957833333329745e+02
1.554300000000000068e+02	2.149999999999999911e+00	8.728999999999999773e+02	8.749940000000000282e+02	8.756928333333338514e+02
1.554300000000000068e+02	2.919999999999999929e+00	8.912999999999999545e+02	8.932110000000000127e+02	8.929587499999998954e+02
1.554300000000000068e+02	3.979999999999999982e+00	9.151000000000000227e+02	9.166649999999999636e+02	9.190234166666673445e+02
1.554300000000000068e+02	4.950000000000000178e+00	9.355000000000000000e+02	9.367350000000000136e+02	9.399785833333334040e+02
1.554300000000000068e+02	5.929999999999999716e+00	9.545000000000000000e+02	9.558650000000000091e+02	9.600622500000000628e+02
1.554300000000000068e+02	6.740000000000000213e+00	9.705000000000000000e+02	9.709189999999999827e+02	9.711940833333334240e+02
1.554300000000000068e+02	7.839999999999999858e+00	9.905000000000000000e+02	9.904030000000000200e+02	9.923795000000000073e+02
1.554300000000000068e+02	8.880000000000000782e+00	1.007700000000000045e+03	1.007919999999999959e+03	1.017928500000000099e+03
1.554300000000000068e+02	9.779999999999999361e+00	1.022500000000000000e+03	1.022460000000000036e+03	1.030380999999999858e+03
1.554300000000000068e+02	1.083999999999999986e+01	1.038599999999999909e+03	1.038920000000000073e+03	1.048883166666666966e+03
1.554300000000000068e+02	1.181000000000000050e+01	1.053599999999999909e+03	1.053410000000000082e+03	1.059120083333333696e+03
1.554300000000000068e+02	1.277999999999999936e+01	1.068599999999999909e+03	1.067400000000000091e+03	1.072181750000000648e+03
1.554300000000000068e+02	1.376999999999999957e+01	1.080900000000000091e+03	1.081220000000000027e+03	1.083159999999999400e+03
1.554300000000000068e+02	1.476999999999999957e+01	1.094900000000000091e+03	1.094740000000000009e+03	1.092629249999999729e+03
1.554300000000000068e+02	1.558999999999999986e+01	1.105500000000000000e+03	1.105519999999999982e+03	1.110040166666666664e+03
1.707299999999999898e+02	2.399999999999999911e+00	6.467999999999999545e+02	6.472419999999999618e+02	6.290596083333329034e+02
1.707299999999999898e+02	3.000000000000000000e+00	6.722000000000000455e+02	6.747119999999999891e+02	6.678390583333333552e+02
1.707299999999999898e+02	3.959999999999999964e+00	7.102000000000000455e+02	7.127340000000000373e+02	7.051992333333334955e+02
1.707299999999999898e+02	4.919999999999999929e+00	7.437000000000000455e+02	7.456620000000000346e+02	7.333737500000004275e+02
1.707299999999999898e+02	6.200000000000000178e+00	7.827000000000000455e+02	7.840819999999999936e+02	7.578479666666670482e+02
1.707299999999999898e+02	7.839999999999999858e+00	8.260000000000000000e+02	8.268790000000000191e+02	8.210109750000000304e+02
1.707299999999999898e+02	8.880000000000000782e+00	8.498999999999999773e+02	8.512580000000000382e+02	8.575049750000001723e+02
1.707299999999999898e+02	9.830000000000000071e+00	8.711000000000000227e+02	8.720520000000000209e+02	8.817873916666668492e+02
1.707299999999999898e+02	1.068999999999999950e+01	8.902999999999999545e+02	8.898440000000000509e+02	8.971229750000003378e+02
1.707299999999999898e+02	1.166999999999999993e+01	9.090000000000000000e+02	9.090829999999999700e+02	9.155994750000000977e+02
1.707299999999999898e+02	1.269999999999999929e+01	9.270000000000000000e+02	9.282670000000000528e+02	9.466547249999999849e+02
1.707299999999999898e+02	1.358000000000000007e+01	9.441000000000000227e+02	9.439149999999999636e+02	9.698898916666666992e+02
1.707299999999999898e+02	1.460999999999999943e+01	2.613999999999999773e+02	9.614600000000000364e+02	9.881407250000002023e+02
1.707299999999999898e+02	1.560999999999999943e+01	9.778999999999999773e+02	9.777809999999999491e+02	1.007052641666667341e+03
1.707299999999999898e+02	1.687000000000000099e+01	9.952999999999999545e+02	9.974560000000000173e+02	1.024618725000001177e+03
1.707299999999999898e+02	1.828999999999999915e+01	1.015600000000000023e+03	1.018570000000000050e+03	1.041149475000001075e+03
1.858799999999999955e+02	3.970000000000000195e+00	3.736000000000000227e+02	2.563190000000000168e+02	3.156370166666663977e+02
1.858799999999999955e+02	4.519999999999999574e+00	4.500000000000000000e+02	4.560720000000000027e+02	3.197041583333332255e+02
1.858799999999999955e+02	5.000000000000000000e+00	4.948000000000000114e+02	4.990059999999999718e+02	3.903816083333333609e+02
1.858799999999999955e+02	5.929999999999999716e+00	5.562000000000000455e+02	5.598980000000000246e+02	4.730415416666668307e+02
1.858799999999999955e+02	6.889999999999999680e+00	6.030000000000000000e+02	6.078220000000000027e+02	5.401265750000001162e+02
1.858799999999999955e+02	7.889999999999999680e+00	6.466000000000000227e+02	6.489679999999999609e+02	5.913139416666667785e+02
1.858799999999999955e+02	8.929999999999999716e+00	6.856000000000000227e+02	6.857010000000000218e+02	6.216998583333333954e+02
1.858799999999999955e+02	9.810000000000000497e+00	7.073999999999999773e+02	7.133630000000000564e+02	6.551068749999998317e+02
1.858799999999999955e+02	1.081000000000000050e+01	7.387000000000000455e+02	7.419289999999999736e+02	6.862148250000000189e+02
1.858799999999999955e+02	1.182000000000000028e+01	7.667999999999999545e+02	7.683339999999999463e+02	7.065913666666665449e+02
1.858799999999999955e+02	1.325000000000000000e+01	8.006000000000000227e+02	8.024170000000000300e+02	7.531781666666664705e+02
1.858799999999999955e+02	1.481000000000000050e+01	8.362999999999999545e+02	8.361299999999999955e+02	7.660056666666663432e+02
1.858799999999999955e+02	1.589000000000000057e+01	8.561000000000000227e+02	8.577649999999999864e+02	7.783200833333331730e+02
1.858799999999999955e+02	1.735999999999999943e+01	8.842000000000000455e+02	8.853630000000000564e+02	7.994988333333334367e+02
1.858799999999999955e+02	1.833999999999999986e+01	9.017999999999999545e+02	9.027409999999999854e+02	8.013865000000000691e+02
1.900000000000000000e+02	4.549999999999999822e+00	2.641999999999999886e+02	2.815779999999999745e+02	2.713877333333334150e+02
1.900000000000000000e+02	4.780000000000000249e+00	3.401999999999999886e+02	3.560539999999999736e+02	2.964527083333334758e+02
1.900000000000000000e+02	5.299999999999999822e+00	4.156000000000000227e+02	4.304100000000000250e+02	3.842619416666667007e+02
1.900000000000000000e+02	5.950000000000000178e+00	4.823000000000000114e+02	4.877590000000000146e+02	4.719122750000000224e+02
1.900000000000000000e+02	6.839999999999999858e+00	5.397999999999999545e+02	5.443949999999999818e+02	4.821025000000000205e+02
1.900000000000000000e+02	7.790000000000000036e+00	5.908999999999999773e+02	5.915149999999999864e+02	5.035350000000000250e+02
1.900000000000000000e+02	8.859999999999999432e+00	6.345000000000000000e+02	6.353120000000000118e+02	5.267110000000000127e+02
1.900000000000000000e+02	1.009999999999999964e+01	6.777000000000000455e+02	6.783210000000000264e+02	5.486434166666666670e+02
1.900000000000000000e+02	1.134999999999999964e+01	7.157000000000000455e+02	7.159819999999999709e+02	5.645749166666665815e+02
1.900000000000000000e+02	1.257000000000000028e+01	7.487999999999999545e+02	7.487690000000000055e+02	5.922295833333332666e+02
1.900000000000000000e+02	1.378999999999999915e+01	7.782000000000000455e+02	7.785679999999999836e+02	6.063089999999998554e+02
1.900000000000000000e+02	1.503999999999999915e+01	8.072000000000000455e+02	8.066440000000000055e+02	6.223346666666665215e+02
1.900000000000000000e+02	1.632999999999999829e+01	8.332999999999999545e+02	8.334980000000000473e+02	6.306837499999998045e+02
1.900000000000000000e+02	1.751000000000000156e+01	8.551000000000000227e+02	8.564900000000000091e+02	6.356245833333330211e+02
1.900000000000000000e+02	1.873000000000000043e+01	8.785000000000000000e+02	8.789180000000000064e+02	6.387818333333329974e+02
1.900000000000000000e+02	1.996999999999999886e+01	9.005000000000000000e+02	9.005019999999999527e+02	6.132950833333329683e+02
1.150000000000000000e+02	9.799999999999999822e-01	1.311000000000000000e+03	1.313160000000000082e+03	1.331127749999999878e+03
1.150000000000000000e+02	1.959999999999999964e+00	1.323000000000000000e+03	1.322880000000000109e+03	1.337129416666666884e+03
1.150000000000000000e+02	2.939999999999999947e+00	1.331000000000000000e+03	1.332400000000000091e+03	1.339147500000000036e+03
1.150000000000000000e+02	3.919999999999999929e+00	1.341000000000000000e+03	1.341740000000000009e+03	1.341059166666666897e+03
1.150000000000000000e+02	4.900000000000000355e+00	1.345000000000000000e+03	1.350910000000000082e+03	1.345021666666666761e+03
1.150000000000000000e+02	5.879999999999999893e+00	1.359000000000000000e+03	1.359900000000000091e+03	1.356140916666666726e+03
1.150000000000000000e+02	6.860000000000000320e+00	1.367000000000000000e+03	1.368740000000000009e+03	1.362276333333333923e+03
1.150000000000000000e+02	7.839999999999999858e+00	1.377000000000000000e+03	1.377420000000000073e+03	1.367436750000000529e+03
1.250000000000000000e+02	9.799999999999999822e-01	1.209000000000000000e+03	1.210000000000000000e+03	1.209843058333333829e+03
1.250000000000000000e+02	1.959999999999999964e+00	1.221000000000000000e+03	1.221660000000000082e+03	1.223749133333332793e+03
1.250000000000000000e+02	2.939999999999999947e+00	1.232000000000000000e+03	1.233000000000000000e+03	1.233639216666665789e+03
1.250000000000000000e+02	3.919999999999999929e+00	1.243000000000000000e+03	1.244069999999999936e+03	1.241940166666665391e+03
1.250000000000000000e+02	4.900000000000000355e+00	1.255000000000000000e+03	1.254859999999999900e+03	1.254433749999999918e+03
1.250000000000000000e+02	5.879999999999999893e+00	1.266000000000000000e+03	1.265410000000000082e+03	1.262315500000000156e+03
1.250000000000000000e+02	6.860000000000000320e+00	1.275000000000000000e+03	1.275720000000000027e+03	1.272562250000000404e+03
1.250000000000000000e+02	7.839999999999999858e+00	1.286000000000000000e+03	1.285809999999999945e+03	1.284000083333333805e+03
1.250000000000000000e+02	8.820000000000000284e+00	1.296000000000000000e+03	1.295690000000000055e+03	1.294764666666665562e+03
1.250000000000000000e+02	9.800000000000000711e+00	1.306000000000000000e+03	1.305369999999999891e+03	1.301681333333331395e+03
1.250000000000000000e+02	1.077999999999999936e+01	1.315000000000000000e+03	1.314859999999999900e+03	1.304542333333331499e+03
1.400000000000000000e+02	9.799999999999999822e-01	1.043000000000000000e+03	1.043400000000000091e+03	1.027503174999999374e+03
1.400000000000000000e+02	1.959999999999999964e+00	1.059000000000000000e+03	1.059470000000000027e+03	1.065291916666665884e+03
1.400000000000000000e+02	2.939999999999999947e+00	1.074000000000000000e+03	1.074869999999999891e+03	1.077142166666666071e+03
1.400000000000000000e+02	3.919999999999999929e+00	1.089000000000000000e+03	1.089670000000000073e+03	1.086733833333332996e+03
1.400000000000000000e+02	4.900000000000000355e+00	1.103000000000000000e+03	1.103920000000000073e+03	1.102653333333332512e+03
1.400000000000000000e+02	5.879999999999999893e+00	1.118000000000000000e+03	1.117680000000000064e+03	1.118898833333332277e+03
1.400000000000000000e+02	6.860000000000000320e+00	1.131000000000000000e+03	1.130990000000000009e+03	1.130311499999999342e+03
1.400000000000000000e+02	7.839999999999999858e+00	1.144000000000000000e+03	1.143890000000000100e+03	1.143029249999999820e+03
1.400000000000000000e+02	8.820000000000000284e+00	1.156000000000000000e+03	1.156400000000000091e+03	1.159663583333332326e+03
1.400000000000000000e+02	9.800000000000000711e+00	1.169000000000000000e+03	1.168569999999999936e+03	1.168571249999999281e+03
1.400000000000000000e+02	1.077999999999999936e+01	1.180000000000000000e+03	1.180400000000000091e+03	1.174281833333333225e+03
1.550000000000000000e+02	1.959999999999999964e+00	8.730000000000000000e+02	8.760860000000000127e+02	8.765659166666664532e+02
1.550000000000000000e+02	2.939999999999999947e+00	8.950000000000000000e+02	8.991090000000000373e+02	8.968715833333336604e+02
1.550000000000000000e+02	3.919999999999999929e+00	9.180000000000000000e+02	9.205510000000000446e+02	9.184604166666661058e+02
1.550000000000000000e+02	4.900000000000000355e+00	9.390000000000000000e+02	9.406670000000000300e+02	9.360348333333332675e+02
1.550000000000000000e+02	5.879999999999999893e+00	9.580000000000000000e+02	9.596530000000000200e+02	9.506235833333332721e+02
1.550000000000000000e+02	6.860000000000000320e+00	9.770000000000000000e+02	9.776609999999999445e+02	9.634384999999998627e+02
1.550000000000000000e+02	7.839999999999999858e+00	9.940000000000000000e+02	9.948120000000000118e+02	9.813894999999999982e+02
1.550000000000000000e+02	8.820000000000000284e+00	1.011000000000000000e+03	1.011210000000000036e+03	9.939862500000001546e+02
1.550000000000000000e+02	9.800000000000000711e+00	1.026000000000000000e+03	1.026930000000000064e+03	1.010802166666666722e+03
1.550000000000000000e+02	1.077999999999999936e+01	1.041000000000000000e+03	1.042039999999999964e+03	1.025362666666667110e+03
1.550000000000000000e+02	1.175999999999999979e+01	1.056000000000000000e+03	1.056609999999999900e+03	1.037859000000000151e+03
1.550000000000000000e+02	1.274000000000000021e+01	1.070000000000000000e+03	1.070670000000000073e+03	1.059050166666667110e+03
1.550000000000000000e+02	1.372000000000000064e+01	1.084000000000000000e+03	1.084279999999999973e+03	1.065894666666666808e+03
1.550000000000000000e+02	1.469999999999999929e+01	1.096000000000000000e+03	1.097470000000000027e+03	1.076377583333332950e+03
1.455999999999999943e+02	8.599999999999999867e-01	9.700000000000000000e+02	9.734039999999999964e+02	5.451239249999998719e+02
1.455999999999999943e+02	1.820000000000000062e+00	9.800000000000000000e+02	9.917300000000000182e+02	6.484938333333332139e+02
1.455999999999999943e+02	3.060000000000000053e+00	1.020000000000000000e+03	1.014039999999999964e+03	7.041934666666669500e+02
1.455999999999999943e+02	5.019999999999999574e+00	1.050000000000000000e+03	1.046690000000000055e+03	7.583009666666667954e+02
1.455999999999999943e+02	7.200000000000000178e+00	1.080000000000000000e+03	1.079960000000000036e+03	8.574676333333343337e+02
1.455999999999999943e+02	8.580000000000000071e+00	1.100000000000000000e+03	1.099660000000000082e+03	8.926088000000006559e+02
1.250000000000000000e+02	3.400000000000000244e-01	1.200000000000000000e+03	1.202210000000000036e+03	1.201867750000001024e+03
1.250999999999999943e+02	1.020000000000000018e+00	1.210000000000000000e+03	1.209430000000000064e+03	1.209654883333332009e+03
1.250000000000000000e+02	3.540000000000000036e+00	1.240000000000000000e+03	1.239809999999999945e+03	1.238951750000000402e+03
1.249000000000000057e+02	5.879999999999999893e+00	1.260000000000000000e+03	1.266369999999999891e+03	1.265581999999999425e+03
1.250000000000000000e+02	7.940000000000000391e+00	1.282000000000000000e+03	1.286829999999999927e+03	1.287029333333333398e+03
1.250999999999999943e+02	8.730000000000000426e+00	1.295000000000000000e+03	1.293880000000000109e+03	1.295303333333333967e+03
1.130000000000000000e+02	2.399999999999999911e-01	1.330000000000000000e+03	1.326000000000000000e+03	1.339833750000000691e+03
1.135999999999999943e+02	7.700000000000000178e-01	1.332000000000000000e+03	1.325160000000000082e+03	1.334665333333334047e+03
1.140000000000000000e+02	1.379999999999999893e+00	1.335000000000000000e+03	1.327130000000000109e+03	1.333941250000000764e+03
1.150000000000000000e+02	2.649999999999999911e+00	1.340000000000000000e+03	1.329599999999999909e+03	1.328485000000000355e+03
1.170000000000000000e+02	5.099999999999999645e+00	1.345000000000000000e+03	1.333849999999999909e+03	1.335254333333333534e+03
1.120000000000000000e+02	1.600000000000000033e-01	1.350000000000000000e+03	1.335319999999999936e+03	1.350694750000000568e+03
1.119000000000000057e+02	3.020000000000000018e+00	1.380000000000000000e+03	1.363170000000000073e+03	1.377375833333333503e+03
1.120999999999999943e+02	6.120000000000000107e+00	1.400000000000000000e+03	1.388869999999999891e+03	1.405929000000000315e+03
1.120000000000000000e+02	8.720000000000000639e+00	1.430000000000000000e+03	1.411829999999999927e+03	1.398110833333334085e+03
1.050000000000000000e+02	1.600000000000000033e-01	1.485000000000000000e+03	1.404759999999999991e+03	1.345366500000000542e+03
9.400000000000000000e+01	1.600000000000000033e-01	1.520000000000000000e+03	1.509390000000000100e+03	1.345366500000000542e+03
1.000000000000000000e+02	3.338000000000000256e+01	1.672599999999999909e+03	1.669119999999999891e+03	1.419107850000000326e+03
1.000000000000000000e+02	2.607999999999999829e+01	1.630700000000000045e+03	1.627740000000000009e+03	1.403066083333334063e+03
1.000000000000000000e+02	1.912000000000000099e+01	1.588099999999999909e+03	1.585640000000000100e+03	1.397407583333334287e+03
1.000000000000000000e+02	1.308999999999999986e+01	1.548500000000000000e+03	1.546680000000000064e+03	1.400472583333334114e+03
1.000000000000000000e+02	7.240000000000000213e+00	1.507400000000000091e+03	1.506240000000000009e+03	1.400417000000001053e+03
1.000000000000000000e+02	1.659999999999999920e+00	1.465099999999999909e+03	1.464750000000000000e+03	1.357345000000000255e+03
1.200000000000000000e+02	3.116000000000000014e+01	1.517200000000000045e+03	1.516349999999999909e+03	1.367846600000000308e+03
1.200000000000000000e+02	2.623000000000000043e+01	1.482799999999999955e+03	1.482069999999999936e+03	1.350065166666667210e+03
1.200000000000000000e+02	1.998000000000000043e+01	1.436000000000000000e+03	1.435500000000000000e+03	1.343188666666666904e+03
1.200000000000000000e+02	1.515000000000000036e+01	1.397000000000000000e+03	1.396670000000000073e+03	1.343188666666666904e+03
1.200000000000000000e+02	9.259999999999999787e+00	1.345200000000000045e+03	1.345130000000000109e+03	1.341730500000000802e+03
1.200000000000000000e+02	4.370000000000000107e+00	1.290500000000000000e+03	1.297940000000000055e+03	1.307282499999999573e+03
1.500000000000000000e+02	3.453000000000000114e+01	1.339599999999999909e+03	1.339039999999999964e+03	1.220603233333333947e+03
1.500000000000000000e+02	2.883999999999999986e+01	1.290000000000000000e+03	1.289289999999999964e+03	1.169328666666667232e+03
1.500000000000000000e+02	2.367000000000000171e+01	1.240299999999999955e+03	1.239730000000000018e+03	1.126987116666667362e+03
1.500000000000000000e+02	1.842999999999999972e+01	1.184599999999999909e+03	1.184049999999999955e+03	1.092815216666667311e+03
1.500000000000000000e+02	1.266999999999999993e+01	1.114500000000000000e+03	1.114200000000000045e+03	1.059313900000000558e+03
1.500000000000000000e+02	7.259999999999999787e+00	1.036599999999999909e+03	1.036380000000000109e+03	9.947360000000001037e+02
1.500000000000000000e+02	3.020000000000000018e+00	9.621000000000000227e+02	9.620000000000000000e+02	9.626726666666670553e+02
1.700000000000000000e+02	3.146000000000000085e+01	1.183799999999999955e+03	1.183089999999999918e+03	1.067725858333333463e+03
1.700000000000000000e+02	2.698999999999999844e+01	1.135500000000000000e+03	1.134799999999999955e+03	1.026342216666666900e+03
1.700000000000000000e+02	2.076999999999999957e+01	1.059200000000000045e+03	1.058579999999999927e+03	9.735034500000002708e+02
1.700000000000000000e+02	1.753999999999999915e+01	1.013899999999999977e+03	1.013360000000000014e+03	9.379976666666668734e+02
1.700000000000000000e+02	1.300999999999999979e+01	9.407000000000000455e+02	9.404279999999999973e+02	8.345755833333334976e+02
1.700000000000000000e+02	7.769999999999999574e+00	8.335000000000000000e+02	8.333440000000000509e+02	7.975012500000000273e+02
1.700000000000000000e+02	4.530000000000000249e+00	7.428999999999999773e+02	7.431119999999999663e+02	7.366375833333331684e+02
1.840000000000000000e+02	3.425000000000000000e+01	1.129000000000000000e+03	1.128329999999999927e+03	9.321648916666667901e+02
1.840000000000000000e+02	2.787999999999999901e+01	1.055099999999999909e+03	1.054609999999999900e+03	8.791487583333334896e+02
1.840000000000000000e+02	2.251000000000000156e+01	2.828000000000000114e+02	9.823949999999999818e+02	8.465818333333332930e+02
1.840000000000000000e+02	1.785999999999999943e+01	9.090000000000000000e+02	9.087340000000000373e+02	8.361552500000001373e+02
1.840000000000000000e+02	1.383999999999999986e+01	8.318999999999999773e+02	8.319669999999999845e+02	7.482258333333331848e+02
1.840000000000000000e+02	1.043999999999999950e+01	7.512000000000000455e+02	7.510069999999999482e+02	6.829880833333331793e+02
1.840000000000000000e+02	7.719999999999999751e+00	6.666000000000000227e+02	6.663590000000000373e+02	5.992924999999997908e+02
1.840000000000000000e+02	5.769999999999999574e+00	5.798999999999999773e+02	5.823640000000000327e+02	5.156516666666667561e+02
1.840000000000000000e+02	5.299999999999999822e+00	5.527999999999999545e+02	5.562430000000000518e+02	5.008978333333334945e+02
