# Temperature (K)	Pressure (MPa)	Experimental(J/mol*K)	NIST(J/mol*K)	Model(J/mol*K)
1.704000000000000057e+02	6.540000000000000036e+00	3.044000000000000128e+01	3.026060000000000016e+01	3.073463821411132812e+01
1.721899999999999977e+02	7.690000000000000391e+00	3.048999999999999844e+01	3.021199999999999974e+01	3.058998680114746094e+01
1.749000000000000057e+02	9.419999999999999929e+00	3.039999999999999858e+01	3.014709999999999823e+01	3.079095077514648438e+01
1.785099999999999909e+02	1.172000000000000064e+01	2.035000000000000142e+01	3.007430000000000092e+01	3.048045158386230469e+01
1.820900000000000034e+02	1.399000000000000021e+01	2.028000000000000114e+01	3.001480000000000103e+01	3.055261039733886719e+01
1.466100000000000136e+02	6.849999999999999645e+00	3.119999999999999929e+01	3.111159999999999926e+01	3.152584457397460938e+01
1.483600000000000136e+02	8.539999999999999147e+00	3.128000000000000114e+01	3.109149999999999991e+01	3.144190216064453125e+01
1.500900000000000034e+02	1.019999999999999929e+01	3.128999999999999915e+01	3.107239999999999824e+01	3.145910453796386719e+01
1.526899999999999977e+02	1.267999999999999972e+01	3.125000000000000000e+01	3.104520000000000124e+01	3.126281738281250000e+01
1.561699999999999875e+02	1.596000000000000085e+01	3.119999999999999929e+01	3.101079999999999970e+01	3.109210586547851562e+01
1.600600000000000023e+02	1.957999999999999829e+01	3.117999999999999972e+01	3.097520000000000095e+01	3.127653694152832031e+01
1.643499999999999943e+02	2.351999999999999957e+01	3.110999999999999943e+01	3.093939999999999912e+01	3.127113342285156250e+01
1.879499999999999886e+02	5.110000000000000320e+00	3.203999999999999915e+01	3.166120000000000090e+01	3.011172485351562500e+01
1.886699999999999875e+02	5.349999999999999645e+00	3.198999999999999844e+01	3.154500000000000171e+01	3.011172485351562500e+01
1.875900000000000034e+02	4.929999999999999716e+00	3.220000000000000284e+01	3.181749999999999901e+01	3.011172485351562500e+01
1.895900000000000034e+02	5.589999999999999858e+00	3.182999999999999829e+01	3.148610000000000042e+01	3.011172485351562500e+01
1.847599999999999909e+02	4.540000000000000036e+00	3.171999999999999886e+01	3.146450000000000102e+01	3.009039688110351562e+01
1.878300000000000125e+02	5.669999999999999929e+00	3.135999999999999943e+01	3.104949999999999832e+01	3.011172485351562500e+01
1.900999999999999943e+02	6.509999999999999787e+00	3.114999999999999858e+01	3.080229999999999890e+01	2.990606307983398438e+01
1.873199999999999932e+02	5.849999999999999645e+00	3.121999999999999886e+01	3.085610000000000142e+01	3.011172485351562500e+01
1.785800000000000125e+02	3.799999999999999822e+00	3.128000000000000114e+01	3.087130000000000152e+01	2.965601921081542969e+01
1.816500000000000057e+02	5.179999999999999716e+00	3.098999999999999844e+01	3.059880000000000067e+01	2.910553741455078125e+01
1.862199999999999989e+02	7.250000000000000000e+00	3.060000000000000142e+01	3.028669999999999973e+01	3.036463928222656250e+01
1.725999999999999943e+02	4.030000000000000249e+00	3.064000000000000057e+01	3.042670000000000030e+01	3.135979461669921875e+01
1.785500000000000114e+02	7.339999999999999858e+00	3.058999999999999986e+01	3.015980000000000061e+01	2.855935859680175781e+01
1.816100000000000136e+02	9.039999999999999147e+00	3.030999999999999872e+01	3.005640000000000001e+01	2.894366455078125000e+01
1.846399999999999864e+02	1.072000000000000064e+01	3.026000000000000156e+01	2.997100000000000009e+01	2.929669380187988281e+01
1.876299999999999955e+02	1.236999999999999922e+01	3.008999999999999986e+01	2.990040000000000120e+01	2.973210906982421875e+01
1.906800000000000068e+02	1.406000000000000050e+01	3.007999999999999829e+01	2.983999999999999986e+01	2.990904808044433594e+01
1.611399999999999864e+02	3.939999999999999947e+00	3.053999999999999915e+01	3.047169999999999845e+01	3.165579605102539062e+01
1.651899999999999977e+02	6.849999999999999645e+00	3.057000000000000028e+01	3.037389999999999901e+01	3.091821479797363281e+01
1.668300000000000125e+02	8.019999999999999574e+00	3.051000000000000156e+01	3.033980000000000032e+01	3.091821479797363281e+01
1.719199999999999875e+02	1.164000000000000057e+01	3.050000000000000000e+01	3.025029999999999930e+01	2.969627761840820312e+01
1.724900000000000091e+02	1.203999999999999915e+01	3.033999999999999986e+01	3.024149999999999849e+01	2.803977012634277344e+01
1.780900000000000034e+02	1.599000000000000021e+01	3.030999999999999872e+01	3.016819999999999879e+01	2.993486022949218750e+01
1.785800000000000125e+02	1.632999999999999829e+01	3.026999999999999957e+01	3.016260000000000119e+01	2.949570083618164062e+01
1.836399999999999864e+02	1.985999999999999943e+01	3.021999999999999886e+01	3.011370000000000147e+01	3.038038825988769531e+01
1.851800000000000068e+02	2.092999999999999972e+01	3.019000000000000128e+01	3.010140000000000171e+01	3.107887268066406250e+01
1.891500000000000057e+02	2.367999999999999972e+01	3.023999999999999844e+01	3.007499999999999929e+01	3.159318923950195312e+01
1.539799999999999898e+02	3.080000000000000071e+00	3.103999999999999915e+01	3.067360000000000042e+01	3.185127449035644531e+01
1.578799999999999955e+02	6.209999999999999964e+00	3.092999999999999972e+01	3.059840000000000160e+01	3.172981262207031250e+01
1.621999999999999886e+02	9.650000000000000355e+00	3.080000000000000071e+01	3.052909999999999968e+01	3.107900047302246094e+01
1.665000000000000000e+02	1.303999999999999915e+01	3.082999999999999829e+01	3.047149999999999892e+01	2.981503677368164062e+01
1.707700000000000102e+02	1.637999999999999901e+01	3.071999999999999886e+01	3.042370000000000019e+01	3.047126770019531250e+01
1.750099999999999909e+02	1.967999999999999972e+01	3.057000000000000028e+01	3.038449999999999918e+01	3.106889915466308594e+01
1.793100000000000023e+02	2.298999999999999844e+01	3.060999999999999943e+01	3.035170000000000101e+01	2.959042167663574219e+01
1.835099999999999909e+02	2.619999999999999929e+01	3.042999999999999972e+01	3.032620000000000005e+01	2.869754981994628906e+01
1.876999999999999886e+02	2.937000000000000099e+01	3.046999999999999886e+01	3.030659999999999954e+01	3.152654075622558594e+01
1.488300000000000125e+02	4.450000000000000178e+00	3.130999999999999872e+01	3.091760000000000019e+01	3.213634490966796875e+01
1.555399999999999920e+02	1.041000000000000014e+01	3.110000000000000142e+01	3.082710000000000150e+01	3.112638282775878906e+01
1.559699999999999989e+02	1.078999999999999915e+01	3.110000000000000142e+01	3.082199999999999918e+01	3.061378479003906250e+01
1.569399999999999977e+02	1.164000000000000057e+01	3.103999999999999915e+01	3.081050000000000111e+01	2.988578605651855469e+01
1.621299999999999955e+02	1.617999999999999972e+01	3.096000000000000085e+01	3.075550000000000139e+01	3.083009910583496094e+01
1.625600000000000023e+02	1.655000000000000071e+01	3.092999999999999972e+01	3.075120000000000076e+01	3.125729179382324219e+01
1.686500000000000057e+02	2.180000000000000071e+01	3.092000000000000171e+01	3.069790000000000063e+01	3.091828918457031250e+01
1.690800000000000125e+02	2.216000000000000014e+01	3.082999999999999829e+01	3.069429999999999836e+01	3.108294677734375000e+01
1.751200000000000045e+02	2.728999999999999915e+01	3.080000000000000071e+01	3.065240000000000009e+01	3.060161590576171875e+01
1.755300000000000011e+02	2.762999999999999901e+01	3.089999999999999858e+01	3.064969999999999928e+01	3.060161590576171875e+01
1.390699999999999932e+02	4.540000000000000036e+00	3.180000000000000071e+01	3.141240000000000165e+01	3.268737411499023438e+01
1.432700000000000102e+02	8.859999999999999432e+00	3.166000000000000014e+01	3.136570000000000036e+01	3.167356491088867188e+01
1.474499999999999886e+02	1.308999999999999986e+01	3.160999999999999943e+01	3.132150000000000034e+01	3.052489662170410156e+01
1.515999999999999943e+02	1.725000000000000000e+01	3.144000000000000128e+01	3.128079999999999927e+01	3.170584297180175781e+01
1.559099999999999966e+02	2.151000000000000156e+01	3.155000000000000071e+01	3.124109999999999943e+01	3.164192390441894531e+01
1.600099999999999909e+02	2.551999999999999957e+01	3.126000000000000156e+01	3.120619999999999905e+01	3.138706207275390625e+01
1.640699999999999932e+02	2.944000000000000128e+01	3.126999999999999957e+01	3.117429999999999879e+01	3.126220703125000000e+01
1.305099999999999909e+02	3.479999999999999982e+00	3.265999999999999659e+01	3.186560000000000059e+01	3.284572601318359375e+01
1.316899999999999977e+02	4.839999999999999858e+00	3.245000000000000284e+01	3.185389999999999944e+01	3.274929809570312500e+01
1.326899999999999977e+02	5.980000000000000426e+00	3.247999999999999687e+01	3.184369999999999834e+01	3.260994338989257812e+01
1.341399999999999864e+02	7.629999999999999893e+00	3.217000000000000171e+01	3.182900000000000063e+01	3.211878585815429688e+01
1.371599999999999966e+02	1.103999999999999915e+01	3.207999999999999829e+01	3.179850000000000065e+01	3.186707305908203125e+01
1.393400000000000034e+02	1.348000000000000043e+01	3.194999999999999929e+01	3.177659999999999840e+01	3.036445808410644531e+01
1.425500000000000114e+02	1.703000000000000114e+01	3.191000000000000014e+01	3.174439999999999884e+01	3.187956047058105469e+01
1.437100000000000080e+02	1.830999999999999872e+01	3.196000000000000085e+01	3.173310000000000031e+01	3.193362808227539062e+01
1.478899999999999864e+02	2.285999999999999943e+01	3.178999999999999915e+01	3.169249999999999901e+01	3.166467475891113281e+01
1.491200000000000045e+02	2.419000000000000128e+01	3.173000000000000043e+01	3.168090000000000117e+01	3.169971656799316406e+01
1.531899999999999977e+02	2.853999999999999915e+01	3.173000000000000043e+01	3.164320000000000022e+01	3.173051452636718750e+01
1.544699999999999989e+02	2.989999999999999858e+01	3.183999999999999986e+01	3.163179999999999836e+01	3.152207565307617188e+01
1.211599999999999966e+02	6.450000000000000178e+00	3.314999999999999858e+01	3.260340000000000060e+01	3.372180557250976562e+01
1.242199999999999989e+02	1.047000000000000064e+01	3.296000000000000085e+01	3.257350000000000279e+01	3.330809783935546875e+01
1.272600000000000051e+02	1.440000000000000036e+01	3.275999999999999801e+01	3.254200000000000159e+01	3.301655197143554688e+01
1.302700000000000102e+02	1.823999999999999844e+01	3.268999999999999773e+01	3.250979999999999848e+01	3.304349517822265625e+01
1.108700000000000045e+02	4.500000000000000000e+00	3.390999999999999659e+01	3.324580000000000268e+01	3.416383361816406250e+01
1.119200000000000017e+02	6.049999999999999822e+00	3.378999999999999915e+01	3.323539999999999850e+01	3.398550796508789062e+01
1.118599999999999994e+02	5.959999999999999964e+00	3.371999999999999886e+01	3.323590000000000089e+01	3.398550796508789062e+01
1.160300000000000011e+02	1.205000000000000071e+01	3.356000000000000227e+01	3.319270000000000209e+01	3.169079399108886719e+01
1.170499999999999972e+02	1.351999999999999957e+01	3.347999999999999687e+01	3.318160000000000309e+01	3.214273452758789062e+01
1.220900000000000034e+02	2.064000000000000057e+01	3.340999999999999659e+01	3.312319999999999709e+01	3.376455688476562500e+01
1.220900000000000034e+02	2.064999999999999858e+01	3.331000000000000227e+01	3.312360000000000326e+01	3.376455688476562500e+01
1.270999999999999943e+02	2.755000000000000071e+01	3.317999999999999972e+01	3.306260000000000332e+01	3.308320236206054688e+01
1.271200000000000045e+02	2.757999999999999829e+01	3.321000000000000085e+01	3.306239999999999668e+01	3.308320236206054688e+01
1.024200000000000017e+02	4.839999999999999858e+00	3.442999999999999972e+01	3.391140000000000043e+01	3.483525848388671875e+01
1.050300000000000011e+02	9.089999999999999858e+00	3.427000000000000313e+01	3.387800000000000011e+01	3.450161743164062500e+01
1.074699999999999989e+02	1.299000000000000021e+01	3.413000000000000256e+01	3.384609999999999985e+01	3.320375823974609375e+01
1.100600000000000023e+02	1.707000000000000028e+01	3.404999999999999716e+01	3.381199999999999761e+01	3.445740127563476562e+01
1.124500000000000028e+02	2.078000000000000114e+01	3.403000000000000114e+01	3.378020000000000067e+01	3.385753250122070312e+01
1.151400000000000006e+02	2.489999999999999858e+01	3.400000000000000000e+01	3.374399999999999977e+01	3.375571823120117188e+01
1.173599999999999994e+02	2.825000000000000000e+01	3.388000000000000256e+01	3.371359999999999957e+01	3.375978469848632812e+01
9.259000000000000341e+01	4.030000000000000249e+00	3.532999999999999829e+01	3.474450000000000216e+01	3.477737426757812500e+01
9.260999999999999943e+01	4.049999999999999822e+00	3.540999999999999659e+01	3.474329999999999785e+01	3.477737426757812500e+01
9.379000000000000625e+01	6.240000000000000213e+00	3.518999999999999773e+01	3.471479999999999677e+01	3.394494628906250000e+01
9.546999999999999886e+01	9.289999999999999147e+00	3.500000000000000000e+01	3.467589999999999861e+01	3.397783279418945312e+01
9.562999999999999545e+01	9.589999999999999858e+00	3.502000000000000313e+01	3.467269999999999897e+01	3.397783279418945312e+01
9.667000000000000171e+01	1.144999999999999929e+01	3.489999999999999858e+01	3.464999999999999858e+01	3.322194290161132812e+01
9.829999999999999716e+01	1.433000000000000007e+01	3.490999999999999659e+01	3.461599999999999966e+01	3.318099975585937500e+01
9.950000000000000000e+01	1.644000000000000128e+01	3.482999999999999829e+01	3.459259999999999735e+01	3.413335418701171875e+01
1.011200000000000045e+02	1.925000000000000000e+01	3.484000000000000341e+01	3.456190000000000140e+01	3.412440109252929688e+01
1.023199999999999932e+02	2.130999999999999872e+01	3.471000000000000085e+01	3.453990000000000293e+01	3.402395248413085938e+01
1.039000000000000057e+02	2.400000000000000000e+01	3.478999999999999915e+01	3.451180000000000092e+01	3.396404266357421875e+01
1.050999999999999943e+02	2.603000000000000114e+01	3.460000000000000142e+01	3.449119999999999919e+01	3.402017593383789062e+01
1.066599999999999966e+02	2.862999999999999901e+01	3.464000000000000057e+01	3.446430000000000149e+01	3.410029983520507812e+01
