# Temperature (K)	Pressure (MPa)	Experimental(J/mol*K)	NIST(J/mol*K)	Model(J/mol*K)
2.009399999999999977e+02	6.490000000000000213e+00	3.461999999999999744e+01	3.379780000000000229e+01	3.540449905395507812e+01
2.026100000000000136e+02	6.799999999999999822e+00	3.407999999999999829e+01	3.326809999999999690e+01	3.253176879882812500e+01
2.051200000000000045e+02	7.259999999999999787e+00	3.336999999999999744e+01	3.260669999999999646e+01	3.187782669067382812e+01
2.084699999999999989e+02	7.889999999999999680e+00	3.275000000000000000e+01	3.188530000000000086e+01	3.151335716247558594e+01
2.126999999999999886e+02	8.689999999999999503e+00	3.213000000000000256e+01	3.122800000000000153e+01	3.137125015258789062e+01
2.177800000000000011e+02	9.650000000000000355e+00	3.167000000000000171e+01	3.069180000000000064e+01	3.083678245544433594e+01
1.909600000000000080e+02	4.669999999999999929e+00	5.245000000000000284e+01	4.464370000000000260e+01	3.419777297973632812e+01
1.924900000000000091e+02	4.940000000000000391e+00	4.075999999999999801e+01	4.016299999999999670e+01	3.419777297973632812e+01
1.940900000000000034e+02	5.230000000000000426e+00	3.843999999999999773e+01	3.773720000000000141e+01	3.453283309936523438e+01
1.957100000000000080e+02	5.519999999999999574e+00	3.710999999999999943e+01	3.633970000000000056e+01	3.636029815673828125e+01
1.972800000000000011e+02	5.809999999999999609e+00	3.602000000000000313e+01	3.534049999999999869e+01	3.586434936523437500e+01
1.989099999999999966e+02	6.110000000000000320e+00	3.527000000000000313e+01	3.457889999999999731e+01	3.544459533691406250e+01
2.005600000000000023e+02	6.419999999999999929e+00	3.471000000000000085e+01	3.392730000000000246e+01	3.490505981445312500e+01
2.022199999999999989e+02	6.719999999999999751e+00	3.403000000000000114e+01	3.340840000000000032e+01	3.204606246948242188e+01
2.047199999999999989e+02	7.190000000000000391e+00	3.346999999999999886e+01	3.269700000000000273e+01	3.275249862670898438e+01
2.080900000000000034e+02	7.820000000000000284e+00	3.282999999999999829e+01	3.195499999999999829e+01	3.151335716247558594e+01
2.123300000000000125e+02	8.619999999999999218e+00	3.220000000000000284e+01	3.127629999999999910e+01	3.137125015258789062e+01
2.003400000000000034e+02	5.690000000000000391e+00	3.535000000000000142e+01	3.500019999999999953e+01	3.530507278442382812e+01
2.013400000000000034e+02	5.799999999999999822e+00	3.500000000000000000e+01	3.456340000000000146e+01	3.510737991333007812e+01
2.078499999999999943e+02	6.519999999999999574e+00	3.314999999999999858e+01	3.253419999999999845e+01	3.306815719604492188e+01
2.081699999999999875e+02	6.559999999999999609e+00	3.314000000000000057e+01	3.246739999999999782e+01	3.306815719604492188e+01
2.154000000000000057e+02	7.349999999999999645e+00	3.173000000000000043e+01	3.124220000000000041e+01	3.290761184692382812e+01
2.229399999999999977e+02	8.160000000000000142e+00	3.105000000000000071e+01	3.049510000000000076e+01	3.133059310913085938e+01
2.229900000000000091e+02	8.169999999999999929e+00	3.105999999999999872e+01	3.049269999999999925e+01	3.133059310913085938e+01
2.303700000000000045e+02	8.960000000000000853e+00	3.069999999999999929e+01	3.002319999999999922e+01	3.068814277648925781e+01
2.304499999999999886e+02	8.970000000000000639e+00	3.044999999999999929e+01	3.001930000000000121e+01	3.068814277648925781e+01
2.375300000000000011e+02	9.720000000000000639e+00	3.042000000000000171e+01	2.970850000000000080e+01	3.047360420227050781e+01
2.381299999999999955e+02	9.789999999999999147e+00	3.019999999999999929e+01	2.968799999999999883e+01	3.028154373168945312e+01
2.447299999999999898e+02	1.049000000000000021e+01	3.005000000000000071e+01	2.948939999999999984e+01	2.949678993225097656e+01
2.454799999999999898e+02	1.057000000000000028e+01	3.007999999999999829e+01	2.947100000000000009e+01	2.948973846435546875e+01
2.528100000000000023e+02	1.133999999999999986e+01	3.007000000000000028e+01	2.932920000000000016e+01	2.981003379821777344e+01
2.663500000000000227e+02	1.276999999999999957e+01	2.978999999999999915e+01	2.922569999999999979e+01	2.968507385253906250e+01
1.957800000000000011e+02	5.389999999999999680e+00	3.932999999999999829e+01	3.782880000000000109e+01	3.785203933715820312e+01
1.980900000000000034e+02	5.730000000000000426e+00	3.700000000000000000e+01	3.623129999999999740e+01	3.602776718139648438e+01
1.984300000000000068e+02	5.780000000000000249e+00	3.692000000000000171e+01	3.606419999999999959e+01	3.606425476074218750e+01
2.025999999999999943e+02	6.400000000000000355e+00	3.482000000000000028e+01	3.437899999999999778e+01	3.223526763916015625e+01
2.031399999999999864e+02	6.490000000000000213e+00	4.403000000000000114e+01	3.416760000000000019e+01	3.249051666259765625e+01
2.033799999999999955e+02	6.519999999999999574e+00	3.478999999999999915e+01	3.409389999999999787e+01	3.224936676025390625e+01
2.037299999999999898e+02	6.570000000000000284e+00	3.438000000000000256e+01	3.397610000000000241e+01	3.235000991821289062e+01
2.086999999999999886e+02	7.320000000000000284e+00	3.307999999999999829e+01	3.251010000000000133e+01	3.301149749755859375e+01
2.090600000000000023e+02	7.370000000000000107e+00	3.345000000000000284e+01	3.242819999999999681e+01	3.301149749755859375e+01
2.095300000000000011e+02	7.440000000000000391e+00	3.288000000000000256e+01	3.232169999999999987e+01	3.219043731689453125e+01
2.098499999999999943e+02	7.490000000000000213e+00	3.302000000000000313e+01	3.225030000000000285e+01	3.219043731689453125e+01
2.140399999999999920e+02	8.119999999999999218e+00	3.247999999999999687e+01	3.149899999999999878e+01	3.177964019775390625e+01
2.164699999999999989e+02	8.480000000000000426e+00	3.175000000000000000e+01	3.117719999999999914e+01	3.094584274291992188e+01
2.168100000000000023e+02	8.539999999999999147e+00	3.218999999999999773e+01	3.113449999999999918e+01	3.090546035766601562e+01
2.234000000000000057e+02	9.529999999999999361e+00	3.132000000000000028e+01	3.052720000000000056e+01	3.065413856506347656e+01
2.307899999999999920e+02	1.064000000000000057e+01	3.042999999999999972e+01	3.009290000000000020e+01	2.975551033020019531e+01
2.377599999999999909e+02	1.167999999999999972e+01	3.000000000000000000e+01	2.981850000000000023e+01	2.984271430969238281e+01
2.446399999999999864e+02	1.272000000000000064e+01	2.985999999999999943e+01	2.963230000000000075e+01	2.980703544616699219e+01
2.514900000000000091e+02	1.375000000000000000e+01	2.964999999999999858e+01	2.951109999999999900e+01	2.969581222534179688e+01
2.593999999999999773e+02	1.492999999999999972e+01	2.962999999999999901e+01	2.943590000000000018e+01	2.967648696899414062e+01
2.661499999999999773e+02	1.593999999999999950e+01	2.955999999999999872e+01	2.941920000000000002e+01	2.967648696899414062e+01
2.825199999999999818e+02	1.837999999999999901e+01	2.992000000000000171e+01	2.953049999999999997e+01	2.993635368347167969e+01
2.891499999999999773e+02	1.937000000000000099e+01	2.996000000000000085e+01	2.962829999999999941e+01	2.996739768981933594e+01
2.958199999999999932e+02	2.035999999999999943e+01	3.017000000000000171e+01	2.975300000000000011e+01	2.996739768981933594e+01
1.956299999999999955e+02	5.530000000000000249e+00	3.715999999999999659e+01	3.612060000000000315e+01	3.737530517578125000e+01
1.965800000000000125e+02	5.709999999999999964e+00	3.617999999999999972e+01	3.549689999999999657e+01	3.696171569824218750e+01
2.039199999999999875e+02	7.059999999999999609e+00	3.321999999999999886e+01	3.286099999999999710e+01	3.430778121948242188e+01
2.113700000000000045e+02	8.460000000000000853e+00	3.191000000000000014e+01	3.139219999999999899e+01	3.109750366210937500e+01
2.156299999999999955e+02	9.259999999999999787e+00	3.114999999999999858e+01	3.088540000000000063e+01	3.091140174865722656e+01
2.187899999999999920e+02	9.859999999999999432e+00	3.092000000000000171e+01	3.060119999999999862e+01	3.021145057678222656e+01
2.236500000000000057e+02	1.077999999999999936e+01	3.060999999999999943e+01	3.027049999999999841e+01	2.963725852966308594e+01
2.261899999999999977e+02	1.126999999999999957e+01	3.035000000000000142e+01	3.013260000000000005e+01	2.963725852966308594e+01
2.316800000000000068e+02	1.231000000000000050e+01	3.016000000000000014e+01	2.989999999999999858e+01	2.970118141174316406e+01
2.335699999999999932e+02	1.266999999999999993e+01	3.012999999999999901e+01	2.983520000000000039e+01	2.966161727905273438e+01
2.396200000000000045e+02	1.383000000000000007e+01	3.003999999999999915e+01	2.966959999999999908e+01	2.964940643310546875e+01
2.049199999999999875e+02	1.408000000000000007e+01	2.964999999999999858e+01	2.970260000000000034e+01	3.094814872741699219e+01
2.487299999999999898e+02	1.558000000000000007e+01	2.960000000000000142e+01	2.951679999999999993e+01	2.963436317443847656e+01
2.574499999999999886e+02	1.725000000000000000e+01	2.953000000000000114e+01	2.945579999999999998e+01	2.963436317443847656e+01
2.669599999999999795e+02	1.905999999999999872e+01	2.962999999999999901e+01	2.946620000000000061e+01	2.964618110656738281e+01
2.765299999999999727e+02	2.089000000000000057e+01	2.969999999999999929e+01	2.954570000000000007e+01	2.975057983398437500e+01
2.963600000000000136e+02	2.466000000000000014e+01	3.010000000000000142e+01	2.989229999999999876e+01	3.000343894958496094e+01
2.047500000000000000e+02	7.769999999999999574e+00	3.239000000000000057e+01	3.172840000000000060e+01	3.256744766235351562e+01
2.120200000000000102e+02	9.390000000000000568e+00	3.148000000000000043e+01	3.079230000000000089e+01	3.121132278442382812e+01
2.192599999999999909e+02	1.101999999999999957e+01	3.087000000000000099e+01	3.024279999999999902e+01	2.975374031066894531e+01
2.265200000000000102e+02	1.266999999999999993e+01	3.048000000000000043e+01	2.989639999999999986e+01	2.970118141174316406e+01
2.340699999999999932e+02	1.439000000000000057e+01	3.016000000000000014e+01	2.966679999999999851e+01	2.964940643310546875e+01
2.412500000000000000e+02	1.603000000000000114e+01	2.998000000000000043e+01	2.953180000000000049e+01	2.963436317443847656e+01
2.483899999999999864e+02	1.766000000000000014e+01	2.996000000000000085e+01	2.945870000000000033e+01	2.964618110656738281e+01
2.625699999999999932e+02	2.089999999999999858e+01	2.992000000000000171e+01	2.945380000000000109e+01	2.964618110656738281e+01
2.767799999999999727e+02	2.414000000000000057e+01	3.030999999999999872e+01	2.959789999999999921e+01	2.964893341064453125e+01
2.769399999999999977e+02	2.417999999999999972e+01	3.010999999999999943e+01	2.960030000000000072e+01	2.964893341064453125e+01
2.837799999999999727e+02	2.573000000000000043e+01	3.014999999999999858e+01	2.971430000000000149e+01	2.976728439331054688e+01
2.905899999999999750e+02	2.728000000000000114e+01	3.037999999999999901e+01	2.985290000000000177e+01	2.990525245666503906e+01
2.974300000000000068e+02	2.882000000000000028e+01	3.069000000000000128e+01	3.001490000000000080e+01	2.990525245666503906e+01
1.915399999999999920e+02	5.219999999999999751e+00	3.403999999999999915e+01	3.326290000000000191e+01	4.139366531372070312e+01
1.950399999999999920e+02	6.120000000000000107e+00	3.277000000000000313e+01	3.237489999999999668e+01	3.269494628906250000e+01
1.986399999999999864e+02	7.059999999999999609e+00	3.200000000000000000e+01	3.168599999999999994e+01	3.242352676391601562e+01
2.003199999999999932e+02	7.500000000000000000e+00	3.185999999999999943e+01	3.142839999999999989e+01	3.199008560180664062e+01
2.058199999999999932e+02	8.960000000000000853e+00	3.117000000000000171e+01	3.077240000000000109e+01	3.112330436706542969e+01
2.087299999999999898e+02	9.740000000000000213e+00	3.094000000000000128e+01	3.051569999999999894e+01	3.143294334411621094e+01
2.129499999999999886e+02	1.086999999999999922e+01	3.058999999999999986e+01	3.022409999999999997e+01	3.056605720520019531e+01
2.170999999999999943e+02	1.199000000000000021e+01	3.028999999999999915e+01	3.000309999999999988e+01	2.998300933837890625e+01
2.200699999999999932e+02	1.278999999999999915e+01	3.014999999999999858e+01	2.987699999999999889e+01	2.993285560607910156e+01
2.253899999999999864e+02	1.424000000000000021e+01	3.003000000000000114e+01	2.969960000000000022e+01	2.971160888671875000e+01
2.271699999999999875e+02	1.472000000000000064e+01	3.007000000000000028e+01	2.965289999999999893e+01	2.971160888671875000e+01
2.342899999999999920e+02	1.666000000000000014e+01	2.982999999999999829e+01	2.951259999999999906e+01	2.969203948974609375e+01
2.344199999999999875e+02	1.669000000000000128e+01	2.980000000000000071e+01	2.951099999999999923e+01	2.966893768310546875e+01
2.413700000000000045e+02	1.858999999999999986e+01	2.964999999999999858e+01	2.943570000000000064e+01	2.964294815063476562e+01
2.424900000000000091e+02	1.889999999999999858e+01	2.958999999999999986e+01	2.942820000000000036e+01	2.964294815063476562e+01
2.482899999999999920e+02	2.048000000000000043e+01	2.948000000000000043e+01	2.940840000000000032e+01	2.964557075500488281e+01
2.551999999999999886e+02	2.235999999999999943e+01	2.950000000000000000e+01	2.942109999999999914e+01	2.964557075500488281e+01
2.621399999999999864e+02	2.425000000000000000e+01	2.966000000000000014e+01	2.946880000000000166e+01	2.966075897216796875e+01
2.655400000000000205e+02	2.517999999999999972e+01	2.967999999999999972e+01	2.950369999999999848e+01	2.965145492553710938e+01
2.695400000000000205e+02	2.626999999999999957e+01	2.969000000000000128e+01	2.955379999999999896e+01	2.982201194763183594e+01
2.735000000000000000e+02	2.733999999999999986e+01	2.989000000000000057e+01	2.961240000000000094e+01	2.987983894348144531e+01
2.774900000000000091e+02	2.842000000000000171e+01	2.987999999999999901e+01	2.968019999999999925e+01	3.004883575439453125e+01
2.814399999999999977e+02	2.948999999999999844e+01	3.005999999999999872e+01	2.975540000000000163e+01	3.012871551513671875e+01
2.893500000000000227e+02	3.162000000000000099e+01	3.055999999999999872e+01	2.992879999999999896e+01	3.016114616394042969e+01
1.915800000000000125e+02	6.320000000000000284e+00	3.153999999999999915e+01	3.114320000000000022e+01	3.540016174316406250e+01
1.951200000000000045e+02	7.519999999999999574e+00	3.107000000000000028e+01	3.075130000000000052e+01	3.128361701965332031e+01
1.956399999999999864e+02	7.690000000000000391e+00	3.103999999999999915e+01	3.070550000000000068e+01	3.271555709838867188e+01
1.991399999999999864e+02	8.880000000000000782e+00	3.067000000000000171e+01	3.041570000000000107e+01	3.179733848571777344e+01
2.022800000000000011e+02	9.949999999999999289e+00	3.067000000000000171e+01	3.020759999999999934e+01	3.201572036743164062e+01
2.026299999999999955e+02	1.007000000000000028e+01	3.044000000000000128e+01	3.018669999999999831e+01	3.207448959350585938e+01
2.094099999999999966e+02	1.239000000000000057e+01	3.019999999999999929e+01	2.986280000000000001e+01	3.060617637634277344e+01
2.095699999999999932e+02	1.244999999999999929e+01	3.026000000000000156e+01	2.985600000000000165e+01	3.060617637634277344e+01
2.164900000000000091e+02	1.483000000000000007e+01	2.991000000000000014e+01	2.964150000000000063e+01	3.010319137573242188e+01
2.165099999999999909e+02	1.483999999999999986e+01	2.987999999999999901e+01	2.964079999999999870e+01	3.010319137573242188e+01
2.233499999999999943e+02	1.719000000000000128e+01	2.980000000000000071e+01	2.950679999999999836e+01	2.987864303588867188e+01
2.239000000000000057e+02	1.737999999999999901e+01	2.978000000000000114e+01	2.949869999999999948e+01	2.971129989624023438e+01
2.304399999999999977e+02	1.964000000000000057e+01	2.964000000000000057e+01	2.942760000000000176e+01	2.970012283325195312e+01
2.372500000000000000e+02	2.198000000000000043e+01	2.973000000000000043e+01	2.939720000000000155e+01	2.967135810852050781e+01
2.440500000000000114e+02	2.432000000000000028e+01	2.958999999999999986e+01	2.940380000000000038e+01	2.969132804870605469e+01
2.507800000000000011e+02	2.662999999999999901e+01	2.962999999999999901e+01	2.944170000000000087e+01	2.978216934204101562e+01
2.574200000000000159e+02	2.889999999999999858e+01	2.969000000000000128e+01	2.950629999999999953e+01	2.992712593078613281e+01
2.640400000000000205e+02	3.116000000000000014e+01	2.994000000000000128e+01	2.959519999999999840e+01	2.988712692260742188e+01
2.706200000000000045e+02	3.339999999999999858e+01	2.985000000000000142e+01	2.970570000000000022e+01	2.991985130310058594e+01
1.915900000000000034e+02	6.259999999999999787e+00	3.173000000000000043e+01	3.119920000000000115e+01	3.560893630981445312e+01
1.928700000000000045e+02	6.679999999999999716e+00	3.141000000000000014e+01	3.104700000000000060e+01	3.486324691772460938e+01
1.935999999999999943e+02	6.929999999999999716e+00	3.116000000000000014e+01	3.095880000000000010e+01	3.474502182006835938e+01
1.956200000000000045e+02	7.599999999999999645e+00	3.103999999999999915e+01	3.075369999999999848e+01	3.159267234802246094e+01
1.976200000000000045e+02	8.269999999999999574e+00	3.116000000000000014e+01	3.057440000000000069e+01	3.186100959777832031e+01
1.996299999999999955e+02	8.949999999999999289e+00	3.082999999999999829e+01	3.041519999999999868e+01	3.106903266906738281e+01
2.000300000000000011e+02	9.080000000000000071e+00	3.075000000000000000e+01	3.038800000000000168e+01	3.104488945007324219e+01
2.092299999999999898e+02	1.218999999999999950e+01	3.025000000000000000e+01	2.988970000000000127e+01	3.061794662475585938e+01
2.178799999999999955e+02	1.514000000000000057e+01	2.978999999999999915e+01	2.961959999999999837e+01	3.002525329589843750e+01
2.232199999999999989e+02	1.696000000000000085e+01	2.982999999999999829e+01	2.951579999999999870e+01	2.986738204956054688e+01
2.239000000000000057e+02	1.719000000000000128e+01	2.982999999999999829e+01	2.950540000000000163e+01	2.971129989624023438e+01
2.294199999999999875e+02	1.907999999999999829e+01	2.983999999999999986e+01	2.943929999999999936e+01	2.970012283325195312e+01
2.294499999999999886e+02	1.908999999999999986e+01	2.980000000000000071e+01	2.943909999999999982e+01	2.972704887390136719e+01
2.394199999999999875e+02	2.248999999999999844e+01	2.967999999999999972e+01	2.939499999999999957e+01	2.964354705810546875e+01
2.415000000000000000e+02	2.319999999999999929e+01	2.975000000000000000e+01	2.939610000000000056e+01	2.964354705810546875e+01
2.475200000000000102e+02	2.523999999999999844e+01	2.971000000000000085e+01	2.941649999999999920e+01	2.964354705810546875e+01
2.534399999999999977e+02	2.725000000000000000e+01	2.973999999999999844e+01	2.945980000000000132e+01	2.980167198181152344e+01
2.593299999999999841e+02	2.925000000000000000e+01	2.987000000000000099e+01	2.952370000000000161e+01	2.984169197082519531e+01
2.651999999999999886e+02	3.123000000000000043e+01	2.985999999999999943e+01	2.960600000000000165e+01	2.982935142517089844e+01
1.947299999999999898e+02	8.230000000000000426e+00	3.067999999999999972e+01	3.040930000000000177e+01	3.108238410949707031e+01
1.954399999999999977e+02	8.490000000000000213e+00	3.067999999999999972e+01	3.036070000000000135e+01	3.110222244262695312e+01
2.010900000000000034e+02	1.059999999999999964e+01	3.019999999999999929e+01	3.003450000000000131e+01	3.133223152160644531e+01
2.029399999999999977e+02	1.127999999999999936e+01	3.023999999999999844e+01	2.995240000000000080e+01	3.331571960449218750e+01
2.060600000000000023e+02	1.244999999999999929e+01	3.019999999999999929e+01	2.983010000000000161e+01	3.054231643676757812e+01
2.061200000000000045e+02	1.248000000000000043e+01	3.001999999999999957e+01	2.982720000000000127e+01	3.054231643676757812e+01
2.086800000000000068e+02	1.342999999999999972e+01	3.017999999999999972e+01	2.974449999999999861e+01	3.090214920043945312e+01
2.104000000000000057e+02	1.408000000000000007e+01	2.987999999999999901e+01	2.969500000000000028e+01	3.025555801391601562e+01
2.113499999999999943e+02	1.442999999999999972e+01	2.998999999999999844e+01	2.967050000000000054e+01	3.025555801391601562e+01
2.141399999999999864e+02	1.548000000000000043e+01	2.985000000000000142e+01	2.960539999999999949e+01	3.038461875915527344e+01
2.150200000000000102e+02	1.581000000000000050e+01	2.983999999999999986e+01	2.958729999999999905e+01	3.021782112121582031e+01
2.166599999999999966e+02	1.642999999999999972e+01	2.992000000000000171e+01	2.955630000000000024e+01	3.002869224548339844e+01
2.195800000000000125e+02	1.751999999999999957e+01	2.973000000000000043e+01	2.951000000000000156e+01	2.996112442016601562e+01
2.250000000000000000e+02	1.955000000000000071e+01	2.975000000000000000e+01	2.944889999999999830e+01	2.975337982177734375e+01
2.323400000000000034e+02	2.230000000000000071e+01	2.958999999999999986e+01	2.941019999999999968e+01	2.970493698120117188e+01
2.376599999999999966e+02	2.428999999999999915e+01	2.964999999999999858e+01	2.940899999999999892e+01	2.968632698059082031e+01
2.430999999999999943e+02	2.632000000000000028e+01	2.980000000000000071e+01	2.942800000000000082e+01	2.979365158081054688e+01
2.485200000000000102e+02	2.832999999999999829e+01	2.969000000000000128e+01	2.946519999999999939e+01	2.981343078613281250e+01
2.539199999999999875e+02	3.033999999999999986e+01	2.982999999999999829e+01	2.951940000000000097e+01	2.979748916625976562e+01
2.593000000000000114e+02	3.232999999999999829e+01	2.991000000000000014e+01	2.958869999999999933e+01	2.985767936706542969e+01
1.939199999999999875e+02	8.400000000000000355e+00	3.051000000000000156e+01	3.031650000000000134e+01	3.172316932678222656e+01
1.965900000000000034e+02	9.429999999999999716e+00	3.039999999999999858e+01	3.015859999999999985e+01	3.212517166137695312e+01
2.039499999999999886e+02	1.230000000000000071e+01	3.012000000000000099e+01	2.983380000000000010e+01	3.296667098999023438e+01
2.119900000000000091e+02	1.543999999999999950e+01	3.003000000000000114e+01	2.961370000000000147e+01	3.037491035461425781e+01
2.199000000000000057e+02	1.853000000000000114e+01	2.978000000000000114e+01	2.948809999999999931e+01	2.991322708129882812e+01
2.277700000000000102e+02	2.160000000000000142e+01	2.969999999999999929e+01	2.942790000000000106e+01	2.975172042846679688e+01
2.355999999999999943e+02	2.464000000000000057e+01	2.973999999999999844e+01	2.941819999999999879e+01	2.968632698059082031e+01
2.452899999999999920e+02	2.839000000000000057e+01	2.964000000000000057e+01	2.946340000000000003e+01	2.981343078613281250e+01
2.529300000000000068e+02	3.132999999999999829e+01	2.967000000000000171e+01	2.953750000000000142e+01	2.985767936706542969e+01
1.923000000000000114e+02	1.000999999999999979e+01	3.037999999999999901e+01	2.999340000000000117e+01	3.250476074218750000e+01
1.983499999999999943e+02	1.275000000000000000e+01	3.008999999999999986e+01	2.979350000000000165e+01	3.077940750122070312e+01
2.043799999999999955e+02	1.548000000000000043e+01	2.996000000000000085e+01	2.965609999999999857e+01	3.284357452392578125e+01
2.103700000000000045e+02	1.819000000000000128e+01	2.980000000000000071e+01	2.956490000000000151e+01	3.049865341186523438e+01
2.166399999999999864e+02	2.101999999999999957e+01	2.973999999999999844e+01	2.950720000000000098e+01	3.031637573242187500e+01
2.226200000000000045e+02	2.371000000000000085e+01	2.980999999999999872e+01	2.948160000000000025e+01	3.017587089538574219e+01
2.284900000000000091e+02	2.632999999999999829e+01	2.973999999999999844e+01	2.948019999999999996e+01	3.005396652221679688e+01
2.343000000000000114e+02	2.892000000000000171e+01	2.967999999999999972e+01	2.949970000000000070e+01	2.993776893615722656e+01
2.409900000000000091e+02	3.189000000000000057e+01	2.983999999999999986e+01	2.954520000000000124e+01	2.987548446655273438e+01
1.936399999999999864e+02	1.568999999999999950e+01	3.001999999999999957e+01	2.979129999999999967e+01	3.016032600402832031e+01
1.966899999999999977e+02	1.735999999999999943e+01	2.998000000000000043e+01	2.974980000000000047e+01	3.108791160583496094e+01
1.996200000000000045e+02	1.896000000000000085e+01	2.992000000000000171e+01	2.971740000000000137e+01	3.047726249694824219e+01
2.026599999999999966e+02	2.062999999999999901e+01	2.998000000000000043e+01	2.969079999999999941e+01	3.160180664062500000e+01
2.055699999999999932e+02	2.221000000000000085e+01	2.980000000000000071e+01	2.967119999999999891e+01	3.105631828308105469e+01
2.086200000000000045e+02	2.385999999999999943e+01	2.985000000000000142e+01	2.965640000000000143e+01	3.110157775878906250e+01
2.114799999999999898e+02	2.541000000000000014e+01	2.983999999999999986e+01	2.964780000000000015e+01	3.069237327575683594e+01
2.145200000000000102e+02	2.705999999999999872e+01	2.978000000000000114e+01	2.964379999999999882e+01	3.042946434020996094e+01
2.175699999999999932e+02	2.869999999999999929e+01	2.975000000000000000e+01	2.964460000000000051e+01	3.041613006591796875e+01
2.203899999999999864e+02	3.021000000000000085e+01	2.983999999999999986e+01	2.964939999999999998e+01	3.024564361572265625e+01
2.234099999999999966e+02	3.182000000000000028e+01	2.978999999999999915e+01	2.965889999999999915e+01	3.023944091796875000e+01
1.917299999999999898e+02	2.544999999999999929e+01	3.017999999999999972e+01	3.006139999999999901e+01	3.265583419799804688e+01
1.946299999999999955e+02	2.742999999999999972e+01	3.023000000000000043e+01	3.004939999999999856e+01	3.131587409973144531e+01
1.982299999999999898e+02	2.987999999999999901e+01	3.014000000000000057e+01	3.003940000000000055e+01	3.120836639404296875e+01
2.000800000000000125e+02	3.114000000000000057e+01	3.010999999999999943e+01	3.003650000000000020e+01	3.063137245178222656e+01
