Temperature (K)	Pressure (MPa)	Viscosity (uPa*s)	Reference	Outlier
292.96	0.34	10.926	Vogel-2011	1
297.08	0.34	11.062	Vogel-2011	1
323.86	0.34	11.914	Vogel-2011	1
350.55	0.34	12.735	Vogel-2011	1
378.15	0.34	13.562	Vogel-2011	1
405.88	0.34	14.365	Vogel-2011	1
433.83	0.34	15.149	Vogel-2011	1
461.85	0.34	15.912	Vogel-2011	-1
490.13	0.34	16.663	Vogel-2011	-1
518.83	0.34	17.398	Vogel-2011	-1
542.6	0.34	17.996	Vogel-2011	-1
565.38	0.34	18.564	Vogel-2011	-1
594.08	0.34	19.261	Vogel-2011	-1
623.33	0.34	19.953	Vogel-2011	-1
652.41	0.34	20.626	Vogel-2011	-1
682.14	0.34	21.31	Vogel-2011	-1
291.93	0.34	10.891	Vogel-2011	1
296.43	0.34	11.029	Vogel-2011	1
289.05	0.34	10.813	Vogel-2011	1
296.57	0.34	11.048	Vogel-2011	1
323.43	0.34	11.886	Vogel-2011	1
350.64	0.34	12.725	Vogel-2011	1
378.25	0.34	13.552	Vogel-2011	1
406.03	0.34	14.36	Vogel-2011	1
434.02	0.34	15.141	Vogel-2011	1
461.75	0.34	15.901	Vogel-2011	-1
490.15	0.34	16.649	Vogel-2011	-1
518.8	0.34	17.403	Vogel-2011	-1
542.36	0.34	17.981	Vogel-2011	-1
565.1	0.34	18.544	Vogel-2011	-1
593.84	0.34	19.239	Vogel-2011	-1
623.05	0.34	19.934	Vogel-2011	-1
652.07	0.34	20.605	Vogel-2011	-1
681.93	0.34	21.273	Vogel-2011	-1
290.41	0.34	10.833	Vogel-2011	1
210.76	0.0	8.08	May-2007	-1
225.81	0.0	8.622	May-2007	-1
248.25	0.0	9.408	May-2007	-1
273.16	0.0	10.254	May-2007	1
298.14	0.0	11.075	May-2007	1
298.15	0.0	11.073	May-2007	1
298.15	0.0	11.075	May-2007	1
313.22	0.0	11.557	May-2007	1
331.55	0.0	12.132	May-2007	1
352.57	0.0	12.775	May-2007	1
371.19	0.0	13.329	May-2007	1
391.54	0.0	13.923	May-2007	-1
391.55	0.0	13.923	May-2007	-1
210.76	0.1	8.067	May-2007	1
225.81	0.1	8.609	May-2007	1
248.25	0.1	9.395	May-2007	1
273.16	0.1	10.242	May-2007	1
298.14	0.1	11.064	May-2007	1
298.15	0.1	11.061	May-2007	1
298.15	0.1	11.064	May-2007	1
313.22	0.1	11.546	May-2007	1
331.55	0.1	12.121	May-2007	1
352.57	0.1	12.764	May-2007	1
371.19	0.1	13.319	May-2007	1
391.54	0.1	13.914	May-2007	1
391.55	0.1	13.914	May-2007	1
260.0	0.1	9.815	Schley-2004	1
260.0	0.2	9.836	Schley-2004	1
260.0	0.3	9.851	Schley-2004	1
260.0	0.4	9.865	Schley-2004	1
260.0	0.5	9.879	Schley-2004	1
260.0	0.6	9.896	Schley-2004	1
260.0	0.7	9.906	Schley-2004	1
260.0	0.8	9.924	Schley-2004	1
260.0	0.9	9.939	Schley-2004	1
260.0	1.0	9.954	Schley-2004	1
260.0	1.25	10.0	Schley-2004	1
260.0	1.5	10.042	Schley-2004	1
260.0	1.75	10.088	Schley-2004	1
260.0	2.0	10.135	Schley-2004	1
260.0	2.26	10.196	Schley-2004	1
260.0	2.5	10.249	Schley-2004	1
260.0	2.73	10.302	Schley-2004	1
260.0	2.99	10.362	Schley-2004	1
260.0	3.25	10.429	Schley-2004	1
260.0	3.48	10.499	Schley-2004	1
260.0	3.74	10.568	Schley-2004	1
260.0	3.99	10.642	Schley-2004	-1
260.0	4.26	10.733	Schley-2004	-1
260.0	4.48	10.807	Schley-2004	-1
280.0	0.1	10.484	Schley-2004	1
280.0	0.2	10.504	Schley-2004	1
280.0	0.3	10.519	Schley-2004	1
280.0	0.4	10.536	Schley-2004	1
280.0	0.5	10.547	Schley-2004	1
280.0	0.6	10.564	Schley-2004	1
280.0	0.7	10.574	Schley-2004	1
280.0	0.8	10.589	Schley-2004	1
280.0	0.9	10.604	Schley-2004	1
280.0	1.0	10.619	Schley-2004	1
280.0	1.24	10.656	Schley-2004	1
280.0	1.5	10.699	Schley-2004	1
280.0	1.75	10.742	Schley-2004	1
280.0	1.99	10.789	Schley-2004	1
280.0	2.23	10.832	Schley-2004	1
280.0	2.5	10.887	Schley-2004	1
280.0	2.74	10.939	Schley-2004	1
280.0	3.0	10.99	Schley-2004	1
280.0	3.25	11.048	Schley-2004	1
300.0	0.1	11.142	Schley-2004	1
300.0	0.2	11.161	Schley-2004	1
300.0	0.3	11.173	Schley-2004	1
300.0	0.4	11.19	Schley-2004	1
300.0	0.5	11.204	Schley-2004	1
300.0	0.6	11.216	Schley-2004	1
300.0	0.7	11.228	Schley-2004	1
300.0	0.8	11.238	Schley-2004	1
300.0	0.9	11.253	Schley-2004	1
300.0	1.0	11.268	Schley-2004	1
300.0	1.25	11.306	Schley-2004	1
300.0	1.49	11.342	Schley-2004	1
300.0	1.75	11.383	Schley-2004	1
300.0	2.0	11.424	Schley-2004	1
300.0	2.25	11.468	Schley-2004	1
300.0	2.49	11.511	Schley-2004	1
300.0	2.74	11.558	Schley-2004	1
300.0	2.99	11.605	Schley-2004	1
300.0	3.25	11.657	Schley-2004	1
300.0	3.5	11.711	Schley-2004	1
300.0	3.75	11.767	Schley-2004	1
300.0	3.99	11.82	Schley-2004	1
300.0	4.25	11.879	Schley-2004	-1
300.0	4.5	11.939	Schley-2004	-1
320.0	0.1	11.773	Schley-2004	1
320.0	0.2	11.795	Schley-2004	1
320.0	0.3	11.809	Schley-2004	1
320.0	0.4	11.821	Schley-2004	1
320.0	0.5	11.835	Schley-2004	1
320.0	0.6	11.846	Schley-2004	1
320.0	0.7	11.859	Schley-2004	1
320.0	0.8	11.871	Schley-2004	1
320.0	0.9	11.882	Schley-2004	1
320.0	1.0	11.898	Schley-2004	1
320.0	1.25	11.932	Schley-2004	1
320.0	1.5	11.967	Schley-2004	1
320.0	1.75	12.003	Schley-2004	1
320.0	2.0	12.044	Schley-2004	1
320.0	2.25	12.084	Schley-2004	1
320.0	2.49	12.123	Schley-2004	1
320.0	2.74	12.167	Schley-2004	1
320.0	3.0	12.21	Schley-2004	1
320.0	3.26	12.26	Schley-2004	1
320.0	3.49	12.303	Schley-2004	1
320.0	3.76	12.353	Schley-2004	1
320.0	4.01	12.406	Schley-2004	1
320.0	4.25	12.455	Schley-2004	-1
320.0	4.51	12.513	Schley-2004	-1
340.0	0.1	12.402	Schley-2004	1
340.0	0.2	12.421	Schley-2004	1
340.0	0.3	12.439	Schley-2004	1
340.0	0.4	12.452	Schley-2004	1
340.0	0.5	12.461	Schley-2004	1
340.0	0.6	12.472	Schley-2004	1
340.0	0.7	12.484	Schley-2004	1
340.0	0.8	12.496	Schley-2004	1
340.0	0.91	12.509	Schley-2004	1
340.0	1.0	12.521	Schley-2004	1
340.0	1.26	12.558	Schley-2004	1
340.0	1.49	12.584	Schley-2004	1
340.0	1.75	12.616	Schley-2004	1
340.0	1.99	12.654	Schley-2004	1
340.0	2.25	12.69	Schley-2004	1
340.0	2.5	12.728	Schley-2004	1
340.0	2.75	12.763	Schley-2004	1
340.0	3.0	12.804	Schley-2004	1
340.0	3.24	12.844	Schley-2004	1
340.0	3.51	12.89	Schley-2004	1
340.0	3.75	12.932	Schley-2004	1
340.0	4.0	12.978	Schley-2004	1
340.0	4.25	13.026	Schley-2004	-1
340.0	4.49	13.069	Schley-2004	-1
360.0	0.1	12.995	Schley-2004	1
360.0	0.2	13.018	Schley-2004	1
360.0	0.3	13.032	Schley-2004	1
360.0	0.4	13.044	Schley-2004	1
360.0	0.5	13.058	Schley-2004	1
360.0	0.6	13.067	Schley-2004	1
360.0	0.7	13.079	Schley-2004	1
360.0	0.8	13.092	Schley-2004	1
360.0	0.9	13.1	Schley-2004	1
360.0	1.0	13.114	Schley-2004	1
360.0	1.25	13.145	Schley-2004	1
360.0	1.5	13.176	Schley-2004	1
360.0	1.75	13.207	Schley-2004	1
360.0	2.0	13.238	Schley-2004	1
360.0	2.25	13.275	Schley-2004	1
360.0	2.5	13.31	Schley-2004	1
360.0	2.74	13.34	Schley-2004	1
360.0	3.0	13.377	Schley-2004	1
360.0	3.25	13.416	Schley-2004	1
360.0	3.5	13.454	Schley-2004	1
360.0	3.75	13.496	Schley-2004	-1
360.0	4.0	13.539	Schley-2004	-1
360.0	4.25	13.58	Schley-2004	-1
360.0	4.5	13.624	Schley-2004	-1
233.15	0.13	8.941	Evers-2002	1
233.15	3.15	9.743	Evers-2002	-1
263.15	0.13	9.969	Evers-2002	1
263.15	3.69	10.798	Evers-2002	-1
293.15	0.15	10.979	Evers-2002	1
293.15	0.16	10.977	Evers-2002	1
293.15	4.22	11.807	Evers-2002	-1
333.15	0.17	12.261	Evers-2002	1
373.15	0.19	13.479	Evers-2002	1
373.15	0.2	13.482	Evers-2002	1
423.15	0.21	14.901	Evers-2002	-1
473.15	0.23	16.28	Evers-2002	-1
523.15	0.26	17.577	Evers-2002	-1
523.15	0.27	17.59	Evers-2002	-1
273.1	1.06	10.53	van der Gulik-1992	1
273.1	1.43	10.58	van der Gulik-1992	1
273.1	1.81	10.59	van der Gulik-1992	1
273.1	2.61	10.82	van der Gulik-1992	1
273.1	3.01	10.79	van der Gulik-1992	1
273.1	3.57	11.0	van der Gulik-1992	1
273.1	4.24	11.16	van der Gulik-1992	-1
298.15	0.1	11.18	Kongo-1988	1
298.15	0.12	11.19	Kongo-1988	1
298.15	0.17	11.19	Kongo-1988	1
298.15	0.29	11.19	Kongo-1988	1
298.15	0.5	11.23	Kongo-1988	1
298.15	1.02	11.3	Kongo-1988	1
298.15	1.51	11.33	Kongo-1988	1
298.15	2.03	11.41	Kongo-1988	1
298.15	2.52	11.53	Kongo-1988	1
298.15	3.0	11.59	Kongo-1988	1
298.15	3.53	11.71	Kongo-1988	1
298.15	4.02	11.82	Kongo-1988	1
323.15	0.1	11.98	Kongo-1988	1
323.15	0.52	12.03	Kongo-1988	1
323.15	0.97	12.08	Kongo-1988	1
323.15	1.97	12.23	Kongo-1988	1
323.15	3.52	12.51	Kongo-1988	1
348.15	0.1	12.79	Kongo-1988	1
348.15	0.52	12.83	Kongo-1988	1
348.15	1.54	12.94	Kongo-1988	1
348.15	2.6	13.1	Kongo-1988	1
348.15	3.58	13.27	Kongo-1988	-1
373.15	0.1	13.51	Kongo-1988	1
373.15	0.52	13.56	Kongo-1988	1
373.15	1.01	13.58	Kongo-1988	1
373.15	2.03	13.72	Kongo-1988	1
373.15	2.94	13.84	Kongo-1988	-1
373.15	4.09	14.0	Kongo-1988	-1
298.15	0.11	11.05	van der Gulik-1988	1
298.15	0.97	11.04	van der Gulik-1988	1
298.15	3.21	11.55	van der Gulik-1988	1
300.0	4.46	12.13	Diller-1980	-1
300.0	2.35	11.67	Diller-1980	1
250.0	4.51	10.84	Diller-1980	-1
250.0	3.04	10.57	Diller-1980	1
200.0	4.18	10.06	Diller-1980	-1
200.0	3.51	9.58	Diller-1980	-1
200.0	2.54	9.05	Diller-1980	-1
170.0	2.33	38.78	Diller-1980	-1
170.0	2.33	38.72	Diller-1980	-1
140.0	0.64	66.18	Diller-1980	-1
149.0	0.1	14.89	Kestin-1977	-1
150.0	0.1	14.92	Kestin-1977	-1
200.0	0.1	16.27	Kestin-1977	1
201.0	0.1	16.3	Kestin-1977	1
273.15	0.41	10.207	Chuang-1976	1
273.15	1.01	10.295	Chuang-1976	1
273.15	2.03	10.454	Chuang-1976	1
273.15	4.05	10.963	Chuang-1976	-1
223.15	0.41	8.502	Chuang-1976	1
223.15	1.01	8.585	Chuang-1976	1
223.15	4.05	9.514	Chuang-1976	-1
198.15	0.41	7.639	Chuang-1976	-1
198.15	1.01	7.754	Chuang-1976	-1
198.15	2.03	8.022	Chuang-1976	-1
198.15	4.05	9.219	Chuang-1976	-1
173.15	0.41	6.672	Chuang-1976	-1
173.15	1.01	6.766	Chuang-1976	-1
173.15	2.02	7.059	Chuang-1976	-1
204.0	0.1	16.4	Kestin-1976	1
137.78	0.1	146.5	Giddings-1966	-1
277.59	1.64	10.479	Carmichael-1965	1
277.59	1.64	10.552	Carmichael-1965	1
277.59	1.64	10.558	Carmichael-1965	1
310.93	1.77	11.685	Carmichael-1965	1
310.93	1.8	11.602	Carmichael-1965	1
310.93	1.82	11.603	Carmichael-1965	1
310.93	1.82	11.614	Carmichael-1965	1
310.93	1.82	11.629	Carmichael-1965	1
310.93	1.85	11.684	Carmichael-1965	1
310.93	1.94	11.569	Carmichael-1965	1
310.93	1.94	11.616	Carmichael-1965	1
310.93	1.94	11.644	Carmichael-1965	1
377.59	1.86	13.62	Carmichael-1965	1
377.59	1.86	13.621	Carmichael-1965	1
377.59	1.86	13.653	Carmichael-1965	1
444.26	1.97	15.579	Carmichael-1965	-1
444.26	1.97	15.602	Carmichael-1965	-1
444.26	1.97	15.604	Carmichael-1965	-1
444.26	1.97	15.605	Carmichael-1965	-1
477.59	3.17	16.526	Carmichael-1965	-1
477.59	3.17	16.551	Carmichael-1965	-1
477.59	3.17	16.553	Carmichael-1965	-1
227.59	2.03	8.82	Barua-1964	-1
241.48	1.01	9.555	Barua-1964	1
241.48	3.04	9.98	Barua-1964	-1
255.37	2.62	10.644	Barua-1964	1
269.26	2.9	11.479	Barua-1964	1
297.04	2.9	13.037	Barua-1964	1
338.71	1.17	15.063	Barua-1964	1
338.71	2.85	15.233	Barua-1964	1
