# Temperature (K)	Pressure (MPa)	Experimental(m3/kg)	NIST(m3/kg)	Model(m3/kg)
2.528329999999999984e+02	4.589699999999999669e+00	2.352697824479139943e-02	2.444059999999999983e-02	9.505574379326791473e-03
2.033990000000000009e+02	4.855900000000000105e+00	2.453817438141960017e-02	1.330970000000000070e-02	6.961577800613211187e-03
2.733799999999999955e+02	5.105800000000000338e+00	2.447363572696580059e-02	2.446169999999999942e-02	1.047410648163397962e-02
2.085740000000000123e+02	6.027000000000000135e+00	9.648704561066100832e-03	9.682480000000000253e-03	7.057891782636647494e-03
2.232340000000000089e+02	7.234600000000000364e+00	9.655129957856100134e-03	9.669540000000000773e-03	7.629909799119226343e-03
2.344399999999999977e+02	8.143299999999999983e+00	9.659917205236000573e-03	9.668740000000000320e-03	8.069195410947473460e-03
2.437330000000000041e+02	8.891299999999999315e+00	9.664559380367199193e-03	9.667989999999999570e-03	8.434279981513859159e-03
2.437729999999999961e+02	8.893900000000000361e+00	9.664559380367199193e-03	9.668909999999999311e-03	8.435939279008194958e-03
2.513760000000000048e+02	9.501799999999999358e+00	9.668306321181199467e-03	9.669409999999999811e-03	8.735207749459478893e-03
2.621899999999999977e+02	1.035050000000000026e+01	9.672956564710599378e-03	9.683419999999999875e-03	9.163126918259522843e-03
2.721549999999999727e+02	1.114780000000000015e+01	9.677611283723099728e-03	9.673460000000000045e-03	9.555290813643303044e-03
2.721850000000000023e+02	1.114939999999999998e+01	9.677611283723099728e-03	9.674260000000000498e-03	9.556584914091567975e-03
1.910320000000000107e+02	4.614499999999999602e+00	8.618092043360300533e-03	8.485799999999999940e-03	6.368812673528136646e-03
1.933249999999999886e+02	4.833599999999999675e+00	8.621071360538799452e-03	8.702980000000000785e-03	6.453998638308639305e-03
1.977369999999999948e+02	5.272199999999999775e+00	8.622502164592900711e-03	8.674730000000000288e-03	6.615492235183111427e-03
2.027529999999999859e+02	5.762699999999999712e+00	8.624768575897100512e-03	8.657579999999999790e-03	6.800248968737076724e-03
2.032239999999999895e+02	6.290899999999999714e+00	8.627036178960000717e-03	6.701050000000000062e-03	6.749233443133047933e-03
2.121649999999999920e+02	6.668899999999999828e+00	8.628468963776699321e-03	8.642459999999999379e-03	7.148935161251801333e-03
2.171359999999999957e+02	7.142100000000000115e+00	8.630738513306899368e-03	8.640099999999999517e-03	7.333863450361729173e-03
2.229259999999999877e+02	7.690900000000000070e+00	8.632889714454000663e-03	8.637459999999999583e-03	7.549594669440219154e-03
2.300500000000000114e+02	8.361399999999999721e+00	8.635879273447499838e-03	8.637680000000000011e-03	7.815702145127336256e-03
2.373360000000000127e+02	9.043200000000000571e+00	8.638870903719500158e-03	8.639020000000000726e-03	8.088420595545989938e-03
2.427090000000000032e+02	9.543400000000000105e+00	8.641145929322000679e-03	8.640800000000000564e-03	8.289901465117054807e-03
2.484439999999999884e+02	1.007569999999999943e+01	8.643422153485099194e-03	8.642449999999999438e-03	8.505183816449655640e-03
2.501939999999999884e+02	1.023760000000000048e+01	8.644141210275799528e-03	8.643150000000000485e-03	8.570950779484951335e-03
2.534449999999999932e+02	1.053780000000000072e+01	8.645579682832400456e-03	8.644580000000000666e-03	8.693206969034706841e-03
2.536419999999999959e+02	1.101720000000000077e+01	8.647858243754200439e-03	8.185619999999999355e-03	8.635219400964721029e-03
2.630500000000000114e+02	1.142290000000000028e+01	8.649417951258000711e-03	8.647449999999999234e-03	9.054669876057136121e-03
2.683009999999999877e+02	1.190489999999999959e+01	8.651578475301799701e-03	8.649070000000000022e-03	9.252546095852031555e-03
2.731709999999999923e+02	1.236040000000000028e+01	8.653860199726899280e-03	8.642830000000000651e-03	9.434863516765456745e-03
1.910320000000000107e+02	4.657899999999999707e+00	6.896170484809599661e-03	7.105710000000000325e-03	6.362658884916673994e-03
1.915509999999999877e+02	4.731799999999999784e+00	6.337718781221099960e-03	6.773580000000000399e-03	6.378493179592812680e-03
1.929379999999999882e+02	4.928200000000000358e+00	6.338105368922800423e-03	6.510540000000000424e-03	6.420964590461855984e-03
1.952429999999999950e+02	5.256300000000000416e+00	6.338943137423299831e-03	6.402309999999999598e-03	6.491303574824025535e-03
1.975620000000000118e+02	5.586999999999999744e+00	6.339329874510400177e-03	6.373979999999999577e-03	6.561983684213511768e-03
2.004110000000000014e+02	5.997700000000000031e+00	6.340103490269999656e-03	6.347359999999999808e-03	6.648190843208223733e-03
2.028290000000000077e+02	6.341700000000000337e+00	6.340941787110699647e-03	6.352759999999999831e-03	6.722004309315141382e-03
2.063700000000000045e+02	6.850299999999999834e+00	6.342167389026799607e-03	6.348290000000000356e-03	6.829413663042111123e-03
2.135029999999999859e+02	7.877100000000000435e+00	6.344168072745699945e-03	6.344289999999999825e-03	7.045456809791577832e-03
2.236469999999999914e+02	9.338900000000000645e+00	6.347397643135000399e-03	6.344400000000000039e-03	7.352474789531155200e-03
2.363979999999999961e+02	1.117670000000000030e+01	6.351406879813399631e-03	6.346700000000000258e-03	7.738350979575836855e-03
2.481469999999999914e+02	1.286739999999999995e+01	6.354643826280499848e-03	6.349719999999999670e-03	8.094284487490617519e-03
2.551630000000000109e+02	1.387490000000000023e+01	6.357041291602199759e-03	6.351769999999999639e-03	8.307132450769862467e-03
2.731669999999999732e+02	1.645039999999999836e+01	6.362296117039699904e-03	6.357650000000000280e-03	8.854729950935056812e-03
1.910320000000000107e+02	4.660700000000000287e+00	6.102777063820600048e-03	6.902509999999999722e-03	6.362261866296578874e-03
1.910399999999999920e+02	4.661800000000000388e+00	6.104509992447900053e-03	6.899169999999999608e-03	6.362511486224139458e-03
1.912290000000000134e+02	4.690000000000000391e+00	6.104509992447900053e-03	6.674470000000000056e-03	6.368095041406744185e-03
1.914279999999999973e+02	4.718799999999999883e+00	6.104509992447900053e-03	6.565510000000000096e-03	6.374100510581143068e-03
1.918199999999999932e+02	4.776200000000000223e+00	6.104509992447900053e-03	6.410240000000000209e-03	6.385835613756578842e-03
1.920759999999999934e+02	4.813100000000000378e+00	6.104509992447900053e-03	6.374109999999999672e-03	6.393582404419229960e-03
1.935219999999999914e+02	5.026299999999999990e+00	6.105287142033200345e-03	6.219739999999999644e-03	6.436662941089021928e-03
1.951579999999999870e+02	5.269999999999999574e+00	6.105645893199600042e-03	6.160370000000000082e-03	6.485051609444517778e-03
1.979259999999999877e+02	5.683600000000000207e+00	6.106423332047500319e-03	6.131550000000000368e-03	6.566740956358531160e-03
2.005749999999999886e+02	6.081400000000000361e+00	6.107141143653499644e-03	6.120819999999999907e-03	6.644637448645118565e-03
2.040370000000000061e+02	6.603600000000000136e+00	6.108278023893800104e-03	6.114080000000000036e-03	6.746113209875251489e-03
2.078549999999999898e+02	7.179899999999999949e+00	6.109355458844700423e-03	6.113999999999999643e-03	6.857966827205652996e-03
2.078549999999999898e+02	7.183300000000000018e+00	6.109355458844700423e-03	6.107569999999999666e-03	6.857484733166967737e-03
2.130440000000000111e+02	7.969100000000000072e+00	6.110852526991499868e-03	6.109769999999999611e-03	7.009141098337209018e-03
2.333859999999999957e+02	1.106879999999999953e+01	6.116848143764099834e-03	6.111720000000000173e-03	7.600945165275829057e-03
2.528870000000000005e+02	1.403870000000000040e+01	6.122434635602099981e-03	6.117189999999999780e-03	8.168516071689134461e-03
2.730160000000000196e+02	1.709250000000000114e+01	6.128453012501099834e-03	6.123110000000000185e-03	8.756029533708669516e-03
2.730579999999999927e+02	1.709669999999999845e+01	6.128453012501099834e-03	6.123840000000000186e-03	8.757563361302173402e-03
1.910320000000000107e+02	4.664299999999999891e+00	5.587293618224500359e-03	6.543949999999999767e-03	6.361751413785030236e-03
1.918480000000000132e+02	4.798300000000000232e+00	5.589247164848700107e-03	5.710670000000000156e-03	6.384121572854223672e-03
1.918729999999999905e+02	4.800900000000000389e+00	5.589247164848700107e-03	5.747290000000000385e-03	6.385020386232970885e-03
1.932479999999999905e+02	5.024799999999999933e+00	5.589547831739399841e-03	5.659830000000000243e-03	6.422984119790763752e-03
1.951100000000000136e+02	5.333999999999999631e+00	5.589848530979900365e-03	5.623040000000000156e-03	6.473543348958196546e-03
1.973000000000000114e+02	5.699200000000000266e+00	5.590600420645699953e-03	5.615829999999999607e-03	6.532791458384609382e-03
1.992160000000000082e+02	6.022800000000000153e+00	5.591101792806900221e-03	5.607159999999999922e-03	6.584046620321965318e-03
2.009010000000000105e+02	6.309199999999999697e+00	5.591402659271100042e-03	5.601779999999999780e-03	6.628865002831947628e-03
2.030639999999999930e+02	6.678200000000000358e+00	5.592054647705299933e-03	5.598460000000000415e-03	6.686205429865880491e-03
2.075639999999999930e+02	7.451600000000000001e+00	5.593308899075199667e-03	5.595140000000000183e-03	6.804688449977670285e-03
2.131970000000000027e+02	8.426600000000000534e+00	5.594864952380600338e-03	5.594580000000000039e-03	6.952028029640094052e-03
2.132040000000000077e+02	8.428200000000000358e+00	5.594864952380600338e-03	5.594189999999999753e-03	6.952156054444456890e-03
2.132119999999999891e+02	8.429299999999999571e+00	5.594864952380600338e-03	5.594479999999999766e-03	7.412276077856757260e-03
2.231839999999999975e+02	1.016600000000000037e+01	5.597678083131100123e-03	5.595720000000000208e-03	7.644164528789629438e-03
2.331610000000000014e+02	1.191220000000000034e+01	5.600192198596199745e-03	5.596740000000000222e-03	7.874898791282679972e-03
2.431370000000000005e+02	1.366009999999999991e+01	5.603010690387500055e-03	5.598670000000000035e-03	8.105333872070940790e-03
2.531529999999999916e+02	1.541230000000000011e+01	5.605529599337500356e-03	5.601720000000000137e-03	8.337091664912858746e-03
2.631240000000000236e+02	1.715540000000000020e+01	5.608353467509199705e-03	5.604429999999999655e-03	8.567988964378193961e-03
2.730919999999999845e+02	1.889770000000000039e+01	5.610877183666400023e-03	5.606380000000000217e-03	8.798857361622841253e-03
2.731499999999999773e+02	1.889270000000000138e+01	5.610877183666400023e-03	5.610150000000000380e-03	8.802429396288842522e-03
1.910320000000000107e+02	4.670099999999999696e+00	5.298398828112799858e-03	5.798049999999999905e-03	6.881248122473131862e-03
1.924979999999999905e+02	4.929499999999999993e+00	5.300245666386599851e-03	5.347700000000000370e-03	6.914737012495405545e-03
1.958400000000000034e+02	5.525599999999999845e+00	5.301056880191799825e-03	5.317020000000000426e-03	6.990380953777647170e-03
1.981819999999999879e+02	5.951100000000000279e+00	5.301642911277100294e-03	5.310490000000000176e-03	7.042247155852582319e-03
2.034339999999999975e+02	6.919200000000000017e+00	5.303040893042200270e-03	5.305200000000000367e-03	7.156511435950535169e-03
2.120339999999999918e+02	8.530799999999999272e+00	5.305297256548000343e-03	5.305319999999999654e-03	7.339734437275473311e-03
2.120349999999999966e+02	8.531000000000000583e+00	5.305297256548000343e-03	5.305309999999999714e-03	7.339753886522977500e-03
2.226320000000000050e+02	1.054069999999999929e+01	5.308097815333400089e-03	5.306769999999999717e-03	7.562008430996977094e-03
2.334019999999999868e+02	1.259559999999999924e+01	5.310629894873899678e-03	5.308430000000000266e-03	7.786067082632035577e-03
2.334029999999999916e+02	1.259730000000000061e+01	5.310629894873899678e-03	5.307820000000000420e-03	7.785865690465887043e-03
2.370329999999999870e+02	1.329219999999999935e+01	5.311761067638400002e-03	5.308150000000000195e-03	7.861045237533319935e-03
2.370339999999999918e+02	1.329199999999999982e+01	5.311761067638400002e-03	5.308290000000000231e-03	7.861123577824457795e-03
2.433779999999999859e+02	1.450530000000000008e+01	5.313481373442200013e-03	5.309649999999999960e-03	7.992680736268485686e-03
2.433810000000000002e+02	1.450500000000000078e+01	5.313481373442200013e-03	5.309939999999999972e-03	7.992871588859173579e-03
2.532839999999999918e+02	1.639870000000000161e+01	5.315701308021799840e-03	5.312260000000000072e-03	8.198271566080862771e-03
2.634490000000000123e+02	1.834019999999999939e+01	5.318558236723399703e-03	5.314850000000000303e-03	8.409444493149368857e-03
2.683000000000000114e+02	1.926829999999999998e+01	5.319692789869200425e-03	5.315489999999999972e-03	8.509991075114195849e-03
2.683000000000000114e+02	1.926780000000000115e+01	5.319692789869200425e-03	5.315600000000000186e-03	8.510064688918746179e-03
2.726940000000000168e+02	2.010500000000000043e+01	5.320827827163299856e-03	5.316780000000000117e-03	8.601649350971581065e-03
2.726949999999999932e+02	2.010490000000000066e+01	5.320827827163299856e-03	5.316839999999999761e-03	8.601712968501810941e-03
2.726979999999999791e+02	2.010460000000000136e+01	5.320827827163299856e-03	5.317020000000000426e-03	8.601903821092500568e-03
1.910320000000000107e+02	4.724700000000000344e+00	4.845085653846699716e-03	4.896710000000000299e-03	6.873209495016466102e-03
1.914540000000000077e+02	4.809700000000000308e+00	4.923097669767900406e-03	4.885709999999999706e-03	6.881328740895951285e-03
1.923969999999999914e+02	4.996900000000000119e+00	4.846780661655300179e-03	4.885620000000000240e-03	6.899875499941059663e-03
1.965049999999999955e+02	5.852100000000000080e+00	4.924303120008900053e-03	4.858249999999999721e-03	6.974826161004882112e-03
2.035730000000000075e+02	7.364200000000000301e+00	4.849344258091199678e-03	4.852839999999999758e-03	7.097791522837951748e-03
2.092949999999999875e+02	8.611000000000000654e+00	4.850778037632799689e-03	4.853109999999999889e-03	7.194004009860718515e-03
2.186220000000000141e+02	1.066820000000000057e+01	4.852892521941000112e-03	4.854070000000000260e-03	7.347168885867288654e-03
2.281030000000000086e+02	1.277549999999999919e+01	4.855235709458400294e-03	4.855540000000000203e-03	7.500487453133270616e-03
2.385500000000000114e+02	1.510929999999999929e+01	4.857619009285400226e-03	4.856769999999999837e-03	7.667691314101211103e-03
2.459199999999999875e+02	1.675459999999999994e+01	4.936429256407399643e-03	4.858620000000000126e-03	7.785812178737015234e-03
2.529720000000000084e+02	1.833470000000000155e+01	4.861141493245399632e-03	4.859310000000000365e-03	7.897983746842413347e-03
2.601080000000000041e+02	1.992999999999999972e+01	4.862809825661200056e-03	4.860660000000000154e-03	8.012024615912357109e-03
2.673120000000000118e+02	2.153729999999999833e+01	4.941554944862799892e-03	4.862290000000000015e-03	8.127623597986841086e-03
2.741510000000000105e+02	2.305760000000000076e+01	4.866111946773899952e-03	4.864310000000000161e-03	8.238184791251232028e-03
1.910749999999999886e+02	4.861500000000000377e+00	4.534218175732699675e-03	4.543239999999999605e-03	6.855171233172780744e-03
1.928919999999999959e+02	5.281699999999999839e+00	4.535273680636700035e-03	4.541139999999999934e-03	6.882147987683360363e-03
1.950480000000000018e+02	5.789299999999999891e+00	4.535009758343200303e-03	4.539539999999999895e-03	6.912832375958106491e-03
1.950649999999999977e+02	5.792799999999999727e+00	4.535009758343200303e-03	4.540040000000000395e-03	6.913148290404693384e-03
1.970999999999999943e+02	6.278699999999999726e+00	4.535438647670000240e-03	4.539070000000000084e-03	6.941111250709217952e-03
2.030099999999999909e+02	6.981200000000000294e+00	4.536065631861799577e-03	5.117100000000000294e-03	7.126651941995224351e-03
2.033220000000000027e+02	7.790399999999999991e+00	4.536890875216299628e-03	4.538819999999999834e-03	7.022770528741900317e-03
2.071970000000000027e+02	8.743900000000000006e+00	4.537683391381700307e-03	4.539989999999999824e-03	7.071856234580164817e-03
2.133230000000000075e+02	1.027059999999999995e+01	4.539137057028299997e-03	4.539719999999999693e-03	7.146613200621760968e-03
2.227920000000000016e+02	1.264320000000000022e+01	4.541186985626499695e-03	4.542000000000000030e-03	7.260285545962609326e-03
2.278460000000000036e+02	1.391740000000000066e+01	4.542245737892700377e-03	4.542710000000000151e-03	7.319802290590930911e-03
2.332719999999999914e+02	1.528839999999999932e+01	4.543470535784299713e-03	4.543479999999999915e-03	7.383256256845425504e-03
2.385060000000000002e+02	1.661090000000000089e+01	4.544695994377599864e-03	4.544570000000000380e-03	7.444462966431831911e-03
2.429850000000000136e+02	1.774289999999999878e+01	4.545756383678399570e-03	4.545549999999999764e-03	7.496800984715155415e-03
2.487659999999999911e+02	1.920260000000000034e+01	4.546983075819699578e-03	4.547029999999999648e-03	7.564553505151097069e-03
2.531109999999999900e+02	2.030049999999999955e+01	4.547812296724100187e-03	4.547960000000000197e-03	7.615360085815838648e-03
2.583140000000000214e+02	2.161449999999999960e+01	4.549040098860399756e-03	4.549069999999999676e-03	7.676302492230671452e-03
2.629320000000000164e+02	2.278109999999999857e+01	4.550069308475700181e-03	4.549880000000000070e-03	7.730342808174614326e-03
2.678190000000000168e+02	2.401170000000000115e+01	4.551796770795099936e-03	4.551069999999999942e-03	7.788113250083232054e-03
2.678860000000000241e+02	2.402659999999999840e+01	4.551796770795099936e-03	4.551310000000000251e-03	7.789195508252082407e-03
2.731530000000000200e+02	2.535510000000000019e+01	4.552361802632499954e-03	4.552119999999999778e-03	7.851132379571438766e-03
1.914530000000000030e+02	5.378599999999999604e+00	4.165161654922000002e-03	4.170430000000000144e-03	6.797522059311618403e-03
1.948040000000000020e+02	6.325599999999999667e+00	4.165857448857199913e-03	4.170730000000000097e-03	6.821943885485765892e-03
1.996109999999999900e+02	7.710399999999999920e+00	4.166887650608399815e-03	4.170639999999999764e-03	6.853100248526170120e-03
2.030540000000000020e+02	8.713499999999999801e+00	4.167584021369500138e-03	4.171039999999999991e-03	6.873760924607362488e-03
2.076270000000000095e+02	1.005739999999999945e+01	4.168447844430499954e-03	4.171479999999999980e-03	6.899497520839127131e-03
2.129350000000000023e+02	1.162650000000000006e+01	4.169507212947200052e-03	4.172409999999999661e-03	6.928016114951948516e-03
2.213600000000000136e+02	1.413100000000000023e+01	4.171236812759900221e-03	4.174029999999999581e-03	6.971222999483745776e-03
2.286370000000000005e+02	1.630160000000000053e+01	4.172800265777300288e-03	4.175510000000000332e-03	7.007457987514465088e-03
2.365989999999999895e+02	1.868009999999999948e+01	4.174364891253600288e-03	4.177100000000000431e-03	7.046577272597642425e-03
2.450860000000000127e+02	2.121399999999999864e+01	4.176686049218700063e-03	4.178939999999999912e-03	7.088487141119795623e-03
2.330680000000000121e+02	2.359680000000000177e+01	4.177861594965500205e-03	3.689140000000000041e-03	5.954394025242040235e-03
2.608360000000000127e+02	2.590360000000000085e+01	4.179430019030199762e-03	4.182499999999999586e-03	6.868701900303372278e-03
2.688240000000000123e+02	2.827159999999999940e+01	4.180999621151200267e-03	4.184410000000000386e-03	6.903183017314276984e-03
2.751539999999999964e+02	3.014720000000000155e+01	4.182402048185799963e-03	4.185590000000000317e-03	6.930627159986180522e-03
1.944190000000000111e+02	7.750899999999999679e+00	3.775229481099200146e-03	3.784720000000000098e-03	6.376013295173708212e-03
1.984199999999999875e+02	9.196300000000000807e+00	3.775938298389099838e-03	3.785750000000000053e-03	6.358512177805115441e-03
2.010440000000000111e+02	1.016380000000000017e+01	3.776510119143699964e-03	3.784549999999999807e-03	6.344412313838972833e-03
2.077700000000000102e+02	1.261730000000000018e+01	3.777837410521500076e-03	3.786630000000000031e-03	6.311818073740791540e-03
2.136659999999999968e+02	1.478819999999999979e+01	3.778936564321999821e-03	3.787239999999999877e-03	6.280542018882507606e-03
2.223930000000000007e+02	1.818240000000000123e+01	3.780655273152799811e-03	3.774749999999999894e-03	6.209988458463183703e-03
2.328120000000000118e+02	2.183500000000000085e+01	3.782513235543300077e-03	3.790990000000000158e-03	6.179346282064711489e-03
2.412949999999999875e+02	2.495779999999999887e+01	3.784074417062500105e-03	3.792209999999999852e-03	6.134431675144337223e-03
2.545310000000000059e+02	2.980270000000000152e+01	3.786510595383599936e-03	3.794660000000000047e-03	6.068051745195520395e-03
2.618260000000000218e+02	3.245940000000000225e+01	3.787936984365099843e-03	3.796059999999999972e-03	6.033284602512404421e-03
2.678829999999999814e+02	3.465840000000000032e+01	3.789088081080900158e-03	3.797179999999999826e-03	6.005335312003126126e-03
2.729809999999999945e+02	3.649969999999999715e+01	3.790101625056000161e-03	3.798290000000000173e-03	5.983089598650812545e-03
1.963839999999999861e+02	1.046010000000000062e+01	3.553081221375899851e-03	3.562259999999999819e-03	6.099336139233289301e-03
2.005370000000000061e+02	1.222439999999999927e+01	3.553445750048300072e-03	3.562340000000000211e-03	6.045772923547718808e-03
2.088220000000000027e+02	1.574259999999999948e+01	3.554823533654100001e-03	3.563549999999999964e-03	5.939115607889817496e-03
2.170440000000000111e+02	1.922759999999999891e+01	3.556344387513800040e-03	3.565350000000000116e-03	5.834133811798402833e-03
2.250219999999999914e+02	2.259710000000000107e+01	3.557744722850599960e-03	3.567380000000000204e-03	5.733886928540915702e-03
2.330790000000000077e+02	2.599630000000000152e+01	3.559268077807300080e-03	3.569049999999999827e-03	5.633138879582494721e-03
2.409960000000000093e+02	2.932229999999999848e+01	3.560650380992399795e-03	3.570719999999999884e-03	5.536036735404087708e-03
2.507350000000000136e+02	3.339209999999999923e+01	3.562420482321799857e-03	3.572779999999999793e-03	5.419489075739500165e-03
2.586460000000000150e+02	3.665979999999999706e+01	3.563825607700599977e-03	3.575109999999999833e-03	5.329939763256276442e-03
2.667500000000000000e+02	1.000919999999999987e+01	3.627443133734700124e-03	1.052119999999999965e-02	9.260526699545993876e-03
2.743029999999999973e+02	1.311359999999999992e+01	3.628900031482799882e-03	8.156590000000000021e-03	9.177098124549957006e-03
1.936299999999999955e+02	1.173029999999999973e+01	3.373819709660400012e-03	3.386430000000000169e-03	5.807662735067422623e-03
1.986670000000000016e+02	1.415579999999999927e+01	3.374732846023699960e-03	3.387240000000000129e-03	5.704395844659255858e-03
2.031560000000000059e+02	1.631609999999999872e+01	3.375518538719099806e-03	3.388069999999999971e-03	5.612540582971070786e-03
2.082139999999999986e+02	1.875110000000000099e+01	3.376322882132899890e-03	3.388889999999999871e-03	5.508925254441700801e-03
2.124240000000000066e+02	2.076940000000000097e+01	3.377127608967799965e-03	3.389810000000000045e-03	5.423815888732111574e-03
2.187580000000000098e+02	2.380489999999999995e+01	3.378152361724999931e-03	3.390950000000000214e-03	5.295909695541075810e-03
2.237419999999999902e+02	2.618669999999999831e+01	3.379067845207999864e-03	3.391840000000000133e-03	5.196166887514033078e-03
2.291349999999999909e+02	2.874849999999999994e+01	3.379965500556900149e-03	3.393059999999999826e-03	5.090311455864936219e-03
2.333950000000000102e+02	3.076829999999999998e+01	3.380661969854299818e-03	3.393909999999999982e-03	5.007204248706350995e-03
2.376069999999999993e+02	3.275959999999999894e+01	3.381340386863399862e-03	3.394750000000000198e-03	4.925803342272709606e-03
2.430550000000000068e+02	3.532520000000000238e+01	3.382367698247699950e-03	3.395850000000000170e-03	4.821861999670954725e-03
2.480389999999999873e+02	3.765870000000000317e+01	3.383175309499900085e-03	3.396979999999999965e-03	4.728595555749883113e-03
2.531260000000000048e+02	4.003479999999999706e+01	3.384093517826999940e-03	3.397999999999999979e-03	4.634155812153461715e-03
2.632830000000000155e+02	4.475249999999999773e+01	3.385802711659499815e-03	3.399969999999999989e-03	4.449153181445864372e-03
2.729270000000000209e+02	4.918399999999999750e+01	3.387403198686900034e-03	3.402089999999999975e-03	4.279920291448842048e-03
1.960889999999999986e+02	1.943100000000000094e+01	3.121592820456299978e-03	3.135690000000000005e-03	4.883462729236219893e-03
2.041810000000000116e+02	2.417849999999999966e+01	3.122968860090499961e-03	3.137379999999999943e-03	4.603468540295228145e-03
2.115250000000000057e+02	2.846290000000000120e+01	3.124126923679500147e-03	3.138810000000000124e-03	4.352608490216710972e-03
2.190629999999999882e+02	3.282529999999999859e+01	3.125395518802800195e-03	3.140379999999999908e-03	4.099838472434725635e-03
2.271049999999999898e+02	3.743410000000000082e+01	3.126665144606000177e-03	3.142230000000000197e-03	3.836238753417664689e-03
2.353000000000000114e+02	4.210009999999999764e+01	3.127935802345600206e-03	3.143920000000000135e-03	3.571711363881052877e-03
2.441740000000000066e+02	4.708910000000000196e+01	3.129411688127299845e-03	3.146060000000000002e-03	3.293794776713618398e-03
2.538280000000000030e+02	5.248590000000000089e+01	3.130983309103599864e-03	3.147959999999999994e-03	2.995569122520780857e-03
2.593430000000000177e+02	5.554410000000000025e+01	3.130983309103599864e-03	3.149040000000000086e-03	2.828529316958166076e-03
2.677330000000000041e+02	6.010529999999999973e+01	3.133233471751600049e-03	3.151530000000000043e-03	2.586646985280298492e-03
2.744889999999999759e+02	6.381250000000000000e+01	3.134304614214099803e-03	3.152559999999999998e-03	2.387270832197629748e-03
1.973149999999999977e+02	2.843870000000000076e+01	2.942732379748300067e-03	2.957809999999999953e-03	3.729678963624673705e-03
2.041690000000000111e+02	3.312689999999999912e+01	2.944052532825499821e-03	2.959079999999999783e-03	3.403082679449288047e-03
2.126440000000000055e+02	3.885759999999999792e+01	2.945081683548600102e-03	2.960819999999999858e-03	3.008132110611203957e-03
2.284300000000000068e+02	4.934640000000000271e+01	2.947588029392200163e-03	2.964290000000000067e-03	2.297350682424383148e-03
2.357779999999999916e+02	5.415500000000000114e+01	2.952907224568600102e-03	2.965890000000000106e-03	1.976378902324840269e-03
2.473600000000000136e+02	6.165200000000000102e+01	2.950461642800699964e-03	2.968279999999999790e-03	1.481504163111829189e-03
2.529919999999999902e+02	6.523109999999999786e+01	2.951746814837799982e-03	2.969719999999999912e-03	1.249774542620922741e-03
1.967909999999999968e+02	3.963920000000000243e+01	2.786056327461500053e-03	2.800149999999999948e-03	2.204755873839228490e-03
2.043660000000000139e+02	4.559190000000000254e+01	2.787214698334300206e-03	2.801769999999999868e-03	1.740378983952985386e-03
2.112549999999999955e+02	5.094030000000000058e+01	2.788224387108600121e-03	2.803270000000000067e-03	1.326801283217751617e-03
2.182930000000000064e+02	5.635159999999999769e+01	2.789234807682300192e-03	2.804720000000000130e-03	9.113553575170513146e-04
2.282849999999999966e+02	6.240749999999999886e+01	2.794235295870400176e-03	2.820560000000000168e-03	5.396477060977135885e-04
2.344199999999999875e+02	6.850320000000000675e+01	2.791645306857800171e-03	2.808269999999999864e-03	-7.358202987601015670e-06
3.981600000000000250e+02	4.867600000000000371e+00	4.156275976724849858e-02	4.156030000000000141e-02	1.574062555695424429e-02
2.981419999999999959e+02	4.580400000000000027e+00	3.117206982543639995e-02	3.117069999999999910e-02	1.137176619167863147e-02
3.031429999999999723e+02	4.675300000000000011e+00	3.117206982543639995e-02	3.116949999999999929e-02	1.157941426289301086e-02
3.231399999999999864e+02	5.052999999999999936e+00	3.117206982543639995e-02	3.116999999999999979e-02	1.240995285125394941e-02
3.481429999999999723e+02	5.522199999999999775e+00	3.117206982543639995e-02	3.117670000000000163e-02	1.344881573274184575e-02
3.731499999999999773e+02	5.991999999999999993e+00	3.117206982543639995e-02	3.116999999999999979e-02	1.448777442553141233e-02
3.981600000000000250e+02	6.458199999999999719e+00	3.117206982543639995e-02	3.117520000000000013e-02	1.552734802596137352e-02
2.731499999999999773e+02	5.013899999999999579e+00	2.493765586034910053e-02	2.493650000000000033e-02	1.021234840870956229e-02
2.981419999999999959e+02	5.626299999999999635e+00	2.493765586034910053e-02	2.493760000000000074e-02	1.116059728424134007e-02
3.031429999999999723e+02	5.748499999999999943e+00	2.493765586034910053e-02	2.493679999999999855e-02	1.137610680507930745e-02
3.231399999999999864e+02	5.234300000000000175e+00	2.493765586034910053e-02	3.002919999999999895e-02	1.237068811282395278e-02
3.481429999999999723e+02	6.839000000000000412e+00	2.493765586034910053e-02	2.494069999999999968e-02	1.331650749291603264e-02
3.731499999999999773e+02	7.442400000000000126e+00	2.493765586034910053e-02	2.493770000000000014e-02	1.439515453047547633e-02
3.981600000000000250e+02	8.041100000000000136e+00	2.493765586034910053e-02	2.494340000000000099e-02	1.547456316824861663e-02
2.731499999999999773e+02	5.884199999999999875e+00	2.078137988362420072e-02	2.078280000000000058e-02	9.968548680732512712e-03
2.981419999999999959e+02	6.641499999999999737e+00	2.078137988362420072e-02	2.078249999999999889e-02	1.102611361286187815e-02
3.031429999999999723e+02	6.793999999999999595e+00	2.078137988362420072e-02	2.077659999999999924e-02	1.123760928889804001e-02
3.231399999999999864e+02	7.392599999999999838e+00	2.078137988362420072e-02	2.078340000000000048e-02	1.208477784101713408e-02
3.481429999999999723e+02	8.139099999999999113e+00	2.078137988362420072e-02	2.078469999999999970e-02	1.314428308278952490e-02
3.731499999999999773e+02	8.883499999999999730e+00	2.078137988362420072e-02	2.078239999999999948e-02	1.420425183265737988e-02
3.981600000000000250e+02	9.622899999999999565e+00	2.078137988362420072e-02	2.078510000000000080e-02	1.526502192377656580e-02
2.731499999999999773e+02	6.722199999999999953e+00	1.781261132882079948e-02	1.781220000000000026e-02	9.857538715586738193e-03
2.981419999999999959e+02	7.630700000000000038e+00	1.781261132882079948e-02	1.781450000000000047e-02	1.089507416474470684e-02
3.031429999999999723e+02	7.614600000000000257e+00	1.781261132882079948e-02	1.832469999999999932e-02	1.112890430393548985e-02
3.231399999999999864e+02	8.532400000000000873e+00	1.781261132882079948e-02	1.781459999999999988e-02	1.193378839200383637e-02
3.481429999999999723e+02	9.427899999999999281e+00	1.781261132882079948e-02	1.781579999999999969e-02	1.297355558508085822e-02
3.731499999999999773e+02	1.032000000000000028e+01	1.781261132882079948e-02	1.781469999999999929e-02	1.401395849741645001e-02
3.981600000000000250e+02	1.120700000000000074e+01	1.781261132882079948e-02	1.781610000000000138e-02	1.505517599801594122e-02
2.731499999999999773e+02	7.530700000000000394e+00	1.558603491271819998e-02	1.558640000000000025e-02	9.750436619142403491e-03
2.981419999999999959e+02	8.599199999999999733e+00	1.558603491271819998e-02	1.558709999999999957e-02	1.076677684822479469e-02
3.031429999999999723e+02	8.814199999999999591e+00	1.558603491271819998e-02	1.558250000000000086e-02	1.096999314141895027e-02
3.231399999999999864e+02	9.658500000000000085e+00	1.558603491271819998e-02	1.558769999999999947e-02	1.178461378370949594e-02
3.481429999999999723e+02	1.070940000000000047e+01	1.558603491271819998e-02	1.559040000000000079e-02	1.280379511928813122e-02
3.731499999999999773e+02	1.175769999999999982e+01	1.558603491271819998e-02	1.558840000000000052e-02	1.382350619802496204e-02
3.981600000000000250e+02	1.279930000000000057e+01	1.558603491271819998e-02	1.558939999999999979e-02	1.484424381722643412e-02
2.731499999999999773e+02	6.315599999999999881e+00	1.385425325574950010e-02	1.915319999999999870e-02	9.911401068603765269e-03
2.981419999999999959e+02	9.551099999999999923e+00	1.385425325574950010e-02	1.385499999999999926e-02	1.064067853578774467e-02
3.031429999999999723e+02	9.600199999999999179e+00	1.385425325574950010e-02	1.417110000000000071e-02	1.086587162279773790e-02
3.231399999999999864e+02	1.077790000000000070e+01	1.385425325574950010e-02	1.385280000000000018e-02	1.163632672525584041e-02
3.481429999999999723e+02	1.199200000000000088e+01	1.385425325574950010e-02	1.385650000000000076e-02	1.263388893635738856e-02
3.731499999999999773e+02	1.320129999999999981e+01	1.385425325574950010e-02	1.385740000000000062e-02	1.363227232489317917e-02
3.981600000000000250e+02	1.440830000000000055e+01	1.385425325574950010e-02	1.385499999999999926e-02	1.463109938534153456e-02
2.731499999999999773e+02	9.080199999999999605e+00	1.246882793017449996e-02	1.246970000000000023e-02	9.545174159723114962e-03
2.981419999999999959e+02	1.049109999999999943e+01	1.246882793017449996e-02	1.246970000000000023e-02	1.051615661784379568e-02
3.031429999999999723e+02	1.077449999999999974e+01	1.246882793017449996e-02	1.246629999999999960e-02	1.071031195445563966e-02
3.231399999999999864e+02	1.189119999999999955e+01	1.246882793017449996e-02	1.246809999999999932e-02	1.148884773456754389e-02
3.481429999999999723e+02	1.327810000000000024e+01	1.246882793017449996e-02	1.247039999999999954e-02	1.246351910798748804e-02
3.731499999999999773e+02	1.465830000000000055e+01	1.246882793017449996e-02	1.247129999999999940e-02	1.343926335208007160e-02
3.981600000000000250e+02	1.603460000000000107e+01	1.246882793017449996e-02	1.247000000000000018e-02	1.441566322028596525e-02
2.731499999999999773e+02	9.831500000000000128e+00	1.133529811834049945e-02	1.133490000000000018e-02	9.445649354455786309e-03
2.981419999999999959e+02	1.142609999999999992e+01	1.133529811834049945e-02	1.133450000000000082e-02	1.039229705052722129e-02
3.031429999999999723e+02	1.174489999999999945e+01	1.133529811834049945e-02	1.133280000000000051e-02	1.058176294469734442e-02
3.231399999999999864e+02	1.300300000000000011e+01	1.133529811834049945e-02	1.133789999999999971e-02	1.134156744906747102e-02
3.481429999999999723e+02	1.457460000000000022e+01	1.133529811834049945e-02	1.133600000000000059e-02	1.229177159031268757e-02
3.731499999999999773e+02	1.613210000000000122e+01	1.133529811834049945e-02	1.133830000000000081e-02	1.324402888115902913e-02
3.931600000000000250e+02	1.768870000000000076e+01	1.133529811834049945e-02	1.114399999999999939e-02	1.396489334577958284e-02
2.731499999999999773e+02	1.056600000000000072e+01	1.039068994181210036e-02	1.039750000000000049e-02	9.348350047296396029e-03
2.981419999999999959e+02	1.235849999999999937e+01	1.039068994181210036e-02	1.038969999999999998e-02	1.026878190553686711e-02
3.031429999999999723e+02	1.271599999999999930e+01	1.039068994181210036e-02	1.038780000000000085e-02	1.045312120585121726e-02
3.231399999999999864e+02	1.412609999999999921e+01	1.039068994181210036e-02	1.039230000000000015e-02	1.119279025114955188e-02
3.431429999999999723e+02	1.588959999999999972e+01	1.039068994181210036e-02	1.015809999999999977e-02	1.188592233535395136e-02
3.731499999999999773e+02	1.763080000000000069e+01	1.039068994181210036e-02	1.039379999999999991e-02	1.304549590411373076e-02
3.981600000000000250e+02	1.937010000000000076e+01	1.039068994181210036e-02	1.039400000000000046e-02	1.397380911677318857e-02
2.731499999999999773e+02	1.130569999999999986e+01	9.591406100134199780e-03	9.593110000000000179e-03	9.250361895484556646e-03
2.981419999999999959e+02	1.329410000000000025e+01	9.591406100134199780e-03	9.590869999999999604e-03	1.014484285614500499e-02
3.031429999999999723e+02	1.369209999999999994e+01	9.591406100134199780e-03	9.588899999999999160e-03	1.032381711637772766e-02
3.231399999999999864e+02	1.526919999999999966e+01	9.591406100134199780e-03	9.587840000000000251e-03	1.104136365072218989e-02
3.481429999999999723e+02	1.721950000000000003e+01	9.591406100134199780e-03	9.592230000000000201e-03	1.194140135545105480e-02
3.731499999999999773e+02	1.915850000000000009e+01	9.591406100134199780e-03	9.595619999999999150e-03	1.284312129342972918e-02
3.931600000000000250e+02	2.110150000000000148e+01	9.591406100134199780e-03	9.429049999999999584e-03	1.351279930156779052e-02
2.731499999999999773e+02	1.204940000000000033e+01	8.906305664410399739e-03	8.900889999999999844e-03	9.151843863170821061e-03
2.981419999999999959e+02	1.424109999999999943e+01	8.906305664410399739e-03	8.904850000000000612e-03	1.001939364732276280e-02
3.031429999999999723e+02	1.468089999999999939e+01	8.906305664410399739e-03	8.903269999999999587e-03	1.019283065631073834e-02
3.231399999999999864e+02	1.642079999999999984e+01	8.906305664410399739e-03	8.904890000000000375e-03	1.088881105422831973e-02
3.481429999999999723e+02	1.858650000000000091e+01	8.906305664410399739e-03	8.904969999999999899e-03	1.176031469393044870e-02
3.731499999999999773e+02	2.073470000000000013e+01	8.906305664410399739e-03	8.907200000000000534e-03	1.263432188166031984e-02
3.981600000000000250e+02	2.287059999999999960e+01	8.906305664410399739e-03	8.909419999999999493e-03	1.351009744255748241e-02
2.731499999999999773e+02	1.278539999999999921e+01	8.312551953449700756e-03	8.311759999999999635e-03	9.054345850823229680e-03
2.981419999999999959e+02	1.520400000000000063e+01	8.312551953449700756e-03	8.310200000000000226e-03	9.891838163505502560e-03
3.031429999999999723e+02	1.567830000000000013e+01	8.312551953449700756e-03	8.314039999999999972e-03	1.006070495316468798e-02
3.231399999999999864e+02	1.759659999999999869e+01	8.312551953449700756e-03	8.313380000000000422e-03	1.073305268069801692e-02
3.431429999999999723e+02	1.998069999999999879e+01	8.312551953449700756e-03	8.126619999999999330e-03	1.134397380503431030e-02
3.731499999999999773e+02	2.234400000000000119e+01	8.312551953449700756e-03	8.315460000000000212e-03	1.405216761874119799e-02
3.981600000000000250e+02	2.470530000000000115e+01	8.312551953449700756e-03	8.314280000000000281e-03	1.512662614531850094e-02
2.731499999999999773e+02	1.354100000000000037e+01	7.793017456359099988e-03	7.790290000000000062e-03	9.668432404040075076e-03
2.981419999999999959e+02	1.618730000000000047e+01	7.793017456359099988e-03	7.790749999999999932e-03	1.070276995321159039e-02
3.031429999999999723e+02	1.671349999999999980e+01	7.793017456359099988e-03	7.791329999999999957e-03	1.091020281774546762e-02
3.231399999999999864e+02	1.881419999999999959e+01	7.793017456359099988e-03	7.791840000000000398e-03	1.174010554243202185e-02
3.481429999999999723e+02	2.142180000000000106e+01	7.793017456359099988e-03	7.793790000000000093e-03	1.278036952842784464e-02
3.731499999999999773e+02	2.400779999999999959e+01	7.793017456359099988e-03	7.797270000000000242e-03	1.382382165265840651e-02
3.981600000000000250e+02	2.660229999999999961e+01	7.793017456359099988e-03	7.794409999999999880e-03	1.486627496268893081e-02
2.731600000000000250e+02	1.430899999999999928e+01	7.793017456359099988e-03	7.333819999999999575e-03	9.563588478608754662e-03
2.931419999999999959e+02	1.719790000000000063e+01	7.334604664808499694e-03	7.089960000000000186e-03	1.028447698362052604e-02
3.031429999999999723e+02	1.777359999999999829e+01	7.334604664808499694e-03	7.333039999999999871e-03	1.076471083635083953e-02
3.231399999999999864e+02	2.006729999999999947e+01	7.334604664808499694e-03	7.333570000000000193e-03	1.156812553876670514e-02
3.481429999999999723e+02	2.291929999999999978e+01	1.781261132882079948e-02	7.334199999999999921e-03	1.257484717946222470e-02
3.731499999999999773e+02	2.574269999999999925e+01	7.334604664808499694e-03	7.337810000000000166e-03	1.358571766386343881e-02
3.981600000000000250e+02	2.857580000000000098e+01	7.334604664808499694e-03	7.335290000000000386e-03	1.459542464169818511e-02
2.731499999999999773e+02	1.510950000000000060e+01	6.927126627874699745e-03	6.922580000000000226e-03	9.453165756726165589e-03
2.981419999999999959e+02	1.824699999999999989e+01	6.927126627874699745e-03	6.925159999999999649e-03	1.042008923056418623e-02
3.031429999999999723e+02	1.887330000000000041e+01	6.927126627874699745e-03	6.925309999999999626e-03	1.061378400686336342e-02
3.231399999999999864e+02	2.137590000000000146e+01	6.927126627874699745e-03	6.924149999999999576e-03	1.138852851315307405e-02
3.481429999999999723e+02	2.447660000000000124e+01	6.927126627874699745e-03	6.926060000000000376e-03	1.236111766090183632e-02
3.731499999999999773e+02	2.754339999999999833e+01	6.927126627874699745e-03	6.930959999999999899e-03	1.333858304364146999e-02
3.981600000000000250e+02	3.062089999999999890e+01	6.927126627874699745e-03	6.929699999999999575e-03	1.431474767617592521e-02
2.731499999999999773e+02	1.593069999999999986e+01	6.562541015881299608e-03	6.559989999999999918e-03	9.340461280618937365e-03
2.981419999999999959e+02	1.934230000000000160e+01	6.562541015881299608e-03	6.559699999999999906e-03	1.026976627308703524e-02
3.031429999999999723e+02	2.001160000000000139e+01	6.562541015881299608e-03	6.562969999999999568e-03	1.045755957292174992e-02
3.231399999999999864e+02	2.273659999999999926e+01	6.562541015881299608e-03	6.559470000000000404e-03	1.120178109396274130e-02
3.481429999999999723e+02	2.610239999999999938e+01	6.562541015881299608e-03	6.561380000000000337e-03	1.213798695308995236e-02
3.731499999999999773e+02	2.944780000000000086e+01	6.562541015881299608e-03	6.563079999999999782e-03	1.307721625808546534e-02
3.981600000000000250e+02	3.278649999999999665e+01	6.562541015881299608e-03	6.562560000000000268e-03	1.401753285218930445e-02
2.731499999999999773e+02	1.679789999999999850e+01	6.234413965087199673e-03	6.230849999999999583e-03	9.221443597131144185e-03
2.981419999999999959e+02	2.048250000000000171e+01	6.234413965087199673e-03	6.233110000000000039e-03	1.011328107623186978e-02
3.031429999999999723e+02	2.121000000000000085e+01	6.234413965087199673e-03	6.235369999999999628e-03	1.029308679629376867e-02
3.231399999999999864e+02	2.415340000000000131e+01	6.234413965087199673e-03	6.233640000000000361e-03	1.100733430664087992e-02
3.481429999999999723e+02	2.780480000000000018e+01	6.234413965087199673e-03	6.233950000000000255e-03	1.190434338255301309e-02
3.731499999999999773e+02	3.142500000000000071e+01	6.234413965087199673e-03	6.235830000000000366e-03	1.280585813563149197e-02
3.981600000000000250e+02	3.504939999999999856e+01	6.234413965087199673e-03	6.233960000000000196e-03	1.370696422215639081e-02
2.731499999999999773e+02	1.770019999999999882e+01	5.937537109606899621e-03	5.936989999999999629e-03	9.097608661924674878e-03
2.981419999999999959e+02	2.169379999999999953e+01	5.937537109606899621e-03	5.935430000000000220e-03	9.947037856664554117e-03
3.031429999999999723e+02	2.248049999999999926e+01	5.937537109606899621e-03	5.937440000000000426e-03	1.011871875331492657e-02
3.231399999999999864e+02	2.565719999999999956e+01	5.937537109606899621e-03	5.936720000000000365e-03	1.080094732275139503e-02
3.481429999999999723e+02	2.960140000000000171e+01	5.937537109606899621e-03	5.937289999999999582e-03	1.165777146124975100e-02
3.731499999999999773e+02	3.351010000000000133e+01	5.937537109606899621e-03	5.939410000000000002e-03	1.251969142456089978e-02
3.981600000000000250e+02	3.743010000000000304e+01	5.937537109606899621e-03	5.937089999999999902e-03	1.338022829148363159e-02
2.731499999999999773e+02	1.867800000000000082e+01	5.667649059170200287e-03	5.664480000000000383e-03	8.963411831995737183e-03
2.981419999999999959e+02	2.296880000000000166e+01	5.667649059170200287e-03	5.666820000000000364e-03	9.772052217311519295e-03
3.031429999999999723e+02	2.382920000000000016e+01	5.667649059170200287e-03	5.666420000000000137e-03	9.933618257789093853e-03
3.231399999999999864e+02	2.725390000000000157e+01	5.667649059170200287e-03	5.666219999999999590e-03	1.058181040482591116e-02
3.481429999999999723e+02	3.150309999999999988e+01	5.667649059170200287e-03	5.667509999999999735e-03	1.139677523351825122e-02
3.731499999999999773e+02	3.572970000000000113e+01	5.667649059170200287e-03	5.668180000000000093e-03	1.221506544408404102e-02
3.981600000000000250e+02	3.995230000000000103e+01	5.667649059170200287e-03	5.666560000000000173e-03	1.303407238593365207e-02
2.731499999999999773e+02	1.970510000000000161e+01	5.421229534858500003e-03	5.420119999999999626e-03	8.822448890678478983e-03
2.981419999999999959e+02	2.434509999999999863e+01	5.421229534858500003e-03	5.418580000000000098e-03	9.583163797357343791e-03
3.031429999999999723e+02	2.525069999999999837e+01	5.421229534858500003e-03	5.421640000000000140e-03	9.738526425365299360e-03
3.231399999999999864e+02	2.895420000000000016e+01	5.421229534858500003e-03	5.419140000000000242e-03	1.034845504593026252e-02
3.481429999999999723e+02	3.351039999999999708e+01	5.421229534858500003e-03	5.422620000000000391e-03	1.112128607753915671e-02
3.731499999999999773e+02	3.808659999999999712e+01	5.421229534858500003e-03	5.420490000000000030e-03	1.189159591201254494e-02
2.731499999999999773e+02	2.082110000000000127e+01	5.195344970905999872e-03	5.193820000000000034e-03	8.669284989880060924e-03
2.981419999999999959e+02	2.579500000000000171e+01	5.195344970905999872e-03	5.194820000000000167e-03	9.384174245594232786e-03
3.031429999999999723e+02	2.678829999999999956e+01	5.195344970905999872e-03	5.194909999999999632e-03	9.527500606487476070e-03
3.231399999999999864e+02	3.075550000000000139e+01	5.195344970905999872e-03	5.194500000000000332e-03	1.010123807952507079e-02
3.431429999999999723e+02	3.566510000000000247e+01	5.195344970905999872e-03	5.100999999999999632e-03	1.054597266090196925e-02
3.731499999999999773e+02	4.059320000000000306e+01	5.195344970905999872e-03	5.193739999999999642e-03	1.154758100722640818e-02
2.731499999999999773e+02	2.202749999999999986e+01	4.987531172069800157e-03	4.985869999999999885e-03	8.503714264142418766e-03
2.931419999999999959e+02	2.737879999999999825e+01	4.987531172069800157e-03	4.856290000000000086e-03	8.887213222295593101e-03
3.031429999999999723e+02	2.842520000000000024e+01	4.987531172069800157e-03	4.988379999999999724e-03	9.302846494285919518e-03
3.231399999999999864e+02	3.269740000000000180e+01	4.987531172069800157e-03	4.986670000000000338e-03	9.834724657517500065e-03
3.481429999999999723e+02	3.799929999999999808e+01	4.987531172069800157e-03	4.985950000000000278e-03	1.050521310774164656e-02
2.030840000000000032e+02	5.066200000000000259e+00	1.233731218231109983e-02	1.211959999999999947e-02	6.913530468952151613e-03
2.232489999999999952e+02	5.066200000000000259e+00	1.692065128263610038e-02	1.685319999999999874e-02	8.041135282296456646e-03
2.731499999999999773e+02	5.066200000000000259e+00	2.462735123479069949e-02	2.464620000000000005e-02	1.083154479336484628e-02
3.731499999999999773e+02	5.066200000000000259e+00	3.743718227999320164e-02	3.703279999999999766e-02	1.642343575961479826e-02
4.231700000000000159e+02	5.066200000000000259e+00	4.271024159133569864e-02	4.273099999999999815e-02	1.922049962093303616e-02
4.731929999999999836e+02	5.066200000000000259e+00	4.825771317506989677e-02	4.827959999999999890e-02	2.201773123898023710e-02
2.030840000000000032e+02	6.079500000000000348e+00	7.820585018549399553e-03	7.433740000000000313e-03	6.649888259849859144e-03
2.232489999999999952e+02	6.079500000000000348e+00	1.289727541961410012e-02	1.286789999999999982e-02	7.805967948760162041e-03
2.481750000000000114e+02	6.079500000000000348e+00	1.682839086859199904e-02	1.680109999999999937e-02	9.235000546120853554e-03
2.731499999999999773e+02	6.079500000000000348e+00	2.000710492310020169e-02	2.001599999999999907e-02	1.066684236266113306e-02
2.981419999999999959e+02	6.079500000000000348e+00	2.293413024237520026e-02	2.290870000000000059e-02	1.209965880626372864e-02
3.231399999999999864e+02	6.079500000000000348e+00	2.560334277243229983e-02	2.561640000000000097e-02	1.353281923588831384e-02
4.231700000000000159e+02	6.079500000000000348e+00	3.556019829504489943e-02	3.554829999999999796e-02	1.926763953252592920e-02
4.731929999999999836e+02	6.079500000000000348e+00	4.020905491833130091e-02	4.023850000000000343e-02	2.213550832887407199e-02
2.030840000000000032e+02	6.586100000000000065e+00	6.245280753598500198e-03	5.799079999999999860e-03	6.566077551071839227e-03
2.030840000000000032e+02	7.092699999999999783e+00	5.243585961754199977e-03	5.008740000000000241e-03	6.482266842293823647e-03
2.232489999999999952e+02	7.092699999999999783e+00	1.007826376509420030e-02	1.000589999999999986e-02	7.638346531204125676e-03
2.030840000000000032e+02	8.105999999999999872e+00	4.453948180094500185e-03	4.370119999999999907e-03	6.314628880973720271e-03
2.232489999999999952e+02	8.105999999999999872e+00	8.022666278583499497e-03	7.933249999999999330e-03	7.470708569884022300e-03
2.481750000000000114e+02	8.105999999999999872e+00	1.158963799209420005e-02	1.154829999999999919e-02	8.899741167244713813e-03
2.731499999999999773e+02	8.105999999999999872e+00	1.428731773097269980e-02	1.428229999999999951e-02	1.033158298378499332e-02
2.981419999999999959e+02	8.105999999999999872e+00	1.667446030941520038e-02	1.665250000000000064e-02	1.176439942738759757e-02
3.231399999999999864e+02	8.105999999999999872e+00	1.882996757705539953e-02	1.882500000000000145e-02	1.319755985701217063e-02
2.232489999999999952e+02	9.119199999999999307e+00	6.607751950277900022e-03	6.517740000000000165e-03	7.303087152327990272e-03
2.030840000000000032e+02	1.013250000000000028e+01	3.914466342525800384e-03	3.889409999999999829e-03	5.979369502097583132e-03
2.232489999999999952e+02	1.013250000000000028e+01	5.698837241162799799e-03	5.626090000000000257e-03	7.135449191007887763e-03
4.231700000000000159e+02	3.039750000000000085e+01	7.543606951524299900e-03	7.531109999999999714e-03	1.524452698601230088e-02
4.731929999999999836e+02	3.039750000000000085e+01	8.614757651877500561e-03	8.617889999999999578e-03	1.811239578236043327e-02
2.030840000000000032e+02	4.053000000000000114e+01	2.852560666691299901e-03	2.846759999999999829e-03	9.504788189555290860e-04
2.232489999999999952e+02	4.053000000000000114e+01	3.049463158477999907e-03	3.043709999999999818e-03	2.106558507865832416e-03
2.481750000000000114e+02	4.053000000000000114e+01	3.332111514683099972e-03	3.324290000000000144e-03	3.535591105226519159e-03
2.731499999999999773e+02	4.053000000000000114e+01	3.648202917132200174e-03	3.646389999999999788e-03	4.967432921766802567e-03
2.961419999999999959e+02	4.053000000000000114e+01	4.007516947628800112e-03	3.974669999999999592e-03	6.285587358038842963e-03
3.231399999999999864e+02	4.053000000000000114e+01	4.394021852419699621e-03	4.389030000000000362e-03	7.833409794993983349e-03
3.731499999999999773e+02	4.053000000000000114e+01	5.202889160188299729e-03	5.199050000000000199e-03	1.070053328829447155e-02
4.231700000000000159e+02	4.053000000000000114e+01	6.018064544705099654e-03	6.019299999999999998e-03	1.356823009163161085e-02
4.731929999999999836e+02	4.053000000000000114e+01	6.825950867242499935e-03	6.825959999999999840e-03	1.643609888797974150e-02
2.030840000000000032e+02	5.066250000000000142e+01	2.750994583577700148e-03	2.742880000000000058e-03	-7.258180754251559574e-04
2.232489999999999952e+02	5.066250000000000142e+01	2.908805604975099948e-03	2.903530000000000087e-03	4.302616134851474272e-04
2.481750000000000114e+02	5.066250000000000142e+01	3.128500870686800207e-03	3.124860000000000138e-03	1.859294210845834332e-03
2.731499999999999773e+02	5.066250000000000142e+01	3.369680277321900150e-03	3.371470000000000109e-03	3.291136027386116873e-03
2.981419999999999959e+02	5.066250000000000142e+01	3.642341579813199951e-03	3.640659999999999990e-03	4.723952470988711586e-03
3.231399999999999864e+02	5.066250000000000142e+01	3.983116620189799777e-03	3.928179999999999866e-03	6.157112900613294186e-03
3.731499999999999773e+02	5.066250000000000142e+01	4.538145820354899836e-03	4.538770000000000131e-03	9.024236393913783252e-03
4.231700000000000159e+02	5.066250000000000142e+01	5.169668948461999571e-03	5.169660000000000401e-03	1.189193319725092950e-02
4.731929999999999836e+02	5.066250000000000142e+01	5.800048344562900270e-03	5.801100000000000007e-03	1.475980199359905841e-02
2.030840000000000032e+02	6.079500000000000171e+01	2.668887294768399789e-03	2.662480000000000055e-03	-2.402114969805841434e-03
2.232489999999999952e+02	6.079500000000000171e+01	2.804580404818499996e-03	2.799670000000000197e-03	-1.246035280895536803e-03
2.481750000000000114e+02	6.079500000000000171e+01	2.988363682377899802e-03	2.984600000000000013e-03	1.829973164651499395e-04
2.731499999999999773e+02	6.079500000000000171e+01	3.185146149921400192e-03	3.186480000000000215e-03	1.614839133005432914e-03
2.981419999999999959e+02	6.079500000000000171e+01	3.405871632779900078e-03	3.403649999999999818e-03	3.047655576608028060e-03
3.231399999999999864e+02	6.079500000000000171e+01	3.636817246660200165e-03	3.633739999999999887e-03	4.480816006232613696e-03
3.731499999999999773e+02	6.079500000000000171e+01	4.119148716295300411e-03	4.121689999999999902e-03	7.347939499533096691e-03
4.231700000000000159e+02	6.079500000000000171e+01	4.631705062359100372e-03	4.629860000000000399e-03	1.021563630287024120e-02
4.731929999999999836e+02	6.079500000000000171e+01	5.141911936037400245e-03	5.143939999999999624e-03	1.308350509921837358e-02
2.030840000000000032e+02	7.092749999999999488e+01	2.602074327857599803e-03	2.597110000000000130e-03	-4.078411864186524960e-03
2.232489999999999952e+02	7.092749999999999488e+01	2.720562563585599784e-03	2.717729999999999799e-03	-2.922332175276219461e-03
2.481750000000000114e+02	7.092749999999999488e+01	2.880887759621799868e-03	2.877820000000000118e-03	-1.493299577915533586e-03
2.030840000000000032e+02	8.106000000000000227e+01	2.549528881736199803e-03	2.542169999999999846e-03	-5.754708758567209786e-03
2.232489999999999952e+02	8.106000000000000227e+01	2.656695401625800042e-03	2.650350000000000102e-03	-4.598629069656907757e-03
2.481750000000000114e+02	8.106000000000000227e+01	2.796090023764399943e-03	2.792300000000000164e-03	-3.169596472296218846e-03
2.731499999999999773e+02	8.106000000000000227e+01	2.943857909540300091e-03	2.943279999999999941e-03	-1.737754655755937390e-03
2.981419999999999959e+02	8.106000000000000227e+01	3.101914543842399820e-03	3.102399999999999949e-03	-3.049382121533414304e-04
3.231399999999999864e+02	8.106000000000000227e+01	3.272675428788199888e-03	3.268609999999999918e-03	1.128222217471244477e-03
3.731499999999999773e+02	8.106000000000000227e+01	3.614739763606399960e-03	3.617679999999999854e-03	3.995345710771729640e-03
4.231700000000000159e+02	8.106000000000000227e+01	3.977881261740000285e-03	3.981430000000000212e-03	6.863042514108872415e-03
4.731929999999999836e+02	8.106000000000000227e+01	4.347478061886600118e-03	4.352469999999999777e-03	9.730911310457002195e-03
2.030840000000000032e+02	9.119249999999999545e+01	2.502142759995299934e-03	2.494849999999999846e-03	-7.431005652947895480e-03
2.232489999999999952e+02	9.119249999999999545e+01	2.601585703949299902e-03	2.593330000000000028e-03	-6.274925964037591716e-03
2.481750000000000114e+02	9.119249999999999545e+01	2.727203277801599959e-03	2.721379999999999806e-03	-4.845893366676903673e-03
2.030840000000000032e+02	1.013250000000000028e+02	2.461315601149299988e-03	2.453359999999999916e-03	-9.107302547328577705e-03
2.232489999999999952e+02	1.013250000000000028e+02	2.549278678538699928e-03	2.544010000000000195e-03	-7.951222858418276543e-03
2.461750000000000114e+02	1.013250000000000028e+02	2.664006240850099860e-03	2.651440000000000134e-03	-6.636852268388142816e-03
2.731499999999999773e+02	1.013250000000000028e+02	2.788074757429100103e-03	2.783509999999999891e-03	-5.090348444517306392e-03
2.981419999999999959e+02	1.013250000000000028e+02	2.912433764557500072e-03	2.910890000000000179e-03	-3.657532000914711680e-03
3.231399999999999864e+02	1.013250000000000028e+02	3.045277527347599929e-03	3.042570000000000083e-03	-2.224371571290124742e-03
3.731499999999999773e+02	1.013250000000000028e+02	3.347390274789500183e-03	3.316400000000000164e-03	6.427519220103599870e-04
4.231700000000000159e+02	1.013250000000000028e+02	3.596203278180899830e-03	3.600159999999999819e-03	3.510448725347500160e-03
4.731929999999999836e+02	1.013250000000000028e+02	3.883934490267300192e-03	3.889720000000000157e-03	6.378317521695629939e-03
1.928700000000000045e+02	3.339999999999999858e+01	2.826065694677899840e-03	2.836850000000000135e-03	1.544470325700904876e-03
1.928700000000000045e+02	5.289999999999999858e+01	2.645635655185100098e-03	2.650700000000000191e-03	-1.838930019112927075e-03
1.928700000000000045e+02	7.140000000000000568e+01	2.529923249111199878e-03	2.536570000000000144e-03	-4.868308406355447565e-03
1.928700000000000045e+02	9.790000000000000568e+01	2.416458253586099836e-03	2.421159999999999892e-03	-9.207688258351486368e-03
2.120000000000000000e+02	4.010000000000000142e+01	2.935167871173400157e-03	2.936590000000000207e-03	1.317352779341966979e-03
2.120000000000000000e+02	5.860000000000000142e+01	2.737525836631899811e-03	2.739530000000000003e-03	-1.712025607900550910e-03
2.120000000000000000e+02	7.459999999999999432e+01	2.625934101217300073e-03	2.626449999999999792e-03	-4.332028537407591438e-03
2.120000000000000000e+02	9.503000000000000114e+01	2.519331764783899925e-03	2.520160000000000022e-03	-7.677444778021895455e-03
2.250699999999999932e+02	4.279999999999999716e+01	2.995859685963600180e-03	3.025980000000000163e-03	1.599632174944781238e-03
2.250699999999999932e+02	6.250000000000000000e+01	2.801744554436799966e-03	2.797220000000000002e-03	-1.626246432010763346e-03
2.250699999999999932e+02	8.229999999999999716e+01	2.655235784565899808e-03	2.652820000000000178e-03	-4.868500057275729730e-03
2.250699999999999932e+02	1.087000000000000028e+02	2.521818292723099989e-03	2.519829999999999813e-03	-9.191504890962346949e-03
2.375699999999999932e+02	3.019999999999999929e+01	3.474430560635300043e-03	3.479219999999999882e-03	4.355697115784987888e-03
2.375699999999999932e+02	6.060000000000000142e+01	2.904617991728899919e-03	2.905920000000000204e-03	-6.223084502783915234e-04
2.375699999999999932e+02	9.420000000000000284e+01	2.644019951859099844e-03	2.648740000000000122e-03	-6.124314602243181166e-03
2.494300000000000068e+02	4.110000000000000142e+01	3.314837600271799880e-03	3.325670000000000189e-03	3.228160747058434095e-03
2.494300000000000068e+02	5.810000000000000142e+01	3.026179503090599930e-03	3.028149999999999852e-03	4.444076344572016357e-04
2.494300000000000068e+02	7.440000000000000568e+01	2.852247455193399929e-03	2.854530000000000088e-03	-2.224720349978098928e-03
2.494300000000000068e+02	9.420000000000000284e+01	2.707601089694599856e-03	2.708930000000000018e-03	-5.466973975243062493e-03
2.615500000000000114e+02	4.070000000000000284e+01	3.480054907471099787e-03	3.486949999999999945e-03	3.965411950080377501e-03
2.615500000000000114e+02	5.329999999999999716e+01	3.202620881451899958e-03	3.206130000000000178e-03	1.902159643093583648e-03
2.615500000000000114e+02	6.800000000000000000e+01	3.004363104344399786e-03	3.000769999999999826e-03	-5.049680483910119625e-04
2.615500000000000114e+02	8.259999999999999432e+01	2.864711326248099970e-03	2.859099999999999836e-03	-2.895720721566184905e-03
2.615500000000000114e+02	1.000999999999999943e+02	2.739402312601199856e-03	2.733530000000000074e-03	-5.761348925714517531e-03
2.787099999999999795e+02	3.479999999999999716e+01	3.951984713596599745e-03	3.972919999999999577e-03	5.882631214090062663e-03
2.787099999999999795e+02	5.000000000000000000e+01	3.430176264958399897e-03	3.445020000000000027e-03	3.393628431058373987e-03
2.787099999999999795e+02	6.239999999999999858e+01	3.194514226832899980e-03	3.208009999999999855e-03	1.363126160690415279e-03
2.787099999999999795e+02	7.740000000000000568e+01	3.008727319055100151e-03	3.015550000000000088e-03	-1.093126585722438253e-03
2.787099999999999795e+02	9.590000000000000568e+01	2.817584994254599805e-03	2.850469999999999914e-03	-4.122504972964956792e-03
2.934100000000000250e+02	4.650000000000000000e+01	3.711778168457999932e-03	3.710610000000000037e-03	4.781501729299653287e-03
2.934100000000000250e+02	6.400000000000000000e+01	3.307978078320299945e-03	3.304420000000000187e-03	1.915873525151325432e-03
2.934100000000000250e+02	9.470000000000000284e+01	2.939527257465999847e-03	2.939670000000000130e-03	-3.111257095840310599e-03
3.032900000000000205e+02	3.689999999999999858e+01	4.383425063516199933e-03	4.278820000000000019e-03	6.901102592801614324e-03
3.032900000000000205e+02	5.160000000000000142e+01	3.740035013310100045e-03	3.671310000000000111e-03	4.493974901317020557e-03
3.092900000000000205e+02	6.670000000000000284e+01	3.204201040801300110e-03	3.389230000000000020e-03	2.353897200844387756e-03
3.092900000000000205e+02	8.470000000000000284e+01	3.128422376764299941e-03	3.132250000000000052e-03	-5.936060948510360914e-04
3.032900000000000205e+02	1.057999999999999972e+02	2.930793840329399928e-03	2.902669999999999990e-03	-4.381285022388085697e-03
2.403000000000000114e+02	4.621900000000000119e+00	2.100897713593009863e-02	2.219909999999999939e-02	8.695425953220080675e-03
2.500000000000000000e+02	5.120300000000000296e+00	2.104088412111800033e-02	2.105339999999999989e-02	9.151435465836181560e-03
2.600000000000000000e+02	5.416000000000000369e+00	2.107288816997560099e-02	2.108470000000000136e-02	9.657264643777958499e-03
2.700000000000000000e+02	5.708899999999999864e+00	2.110498972609090029e-02	2.111680000000000154e-02	1.016355232223240153e-02
2.800000000000000000e+02	5.999600000000000044e+00	2.113718923575949940e-02	2.114809999999999954e-02	1.067020025108965028e-02
2.900000000000000000e+02	6.287200000000000344e+00	2.116948714800430051e-02	2.118300000000000044e-02	1.117735580551449011e-02
3.000000000000000000e+02	6.574799999999999756e+00	2.120404722497539959e-02	2.121030000000000137e-02	1.168451135993933340e-02
2.080000000000000000e+02	4.634900000000000020e+00	1.573194873725619961e-02	1.574709999999999999e-02	6.903069354962634331e-03
2.120000000000000000e+02	4.812400000000000233e+00	1.574187951996579987e-02	1.575649999999999967e-02	7.095703740296508202e-03
2.160000000000000000e+02	4.988500000000000156e+00	1.575182284819540146e-02	1.576630000000000045e-02	7.288567375886715119e-03
2.200000000000000000e+02	5.163199999999999790e+00	1.576177874573310086e-02	1.577680000000000055e-02	7.481660261733250744e-03
2.250000000000000000e+02	5.379999999999999893e+00	1.577454067376969984e-02	1.578979999999999967e-02	7.723284275579793759e-03
2.300000000000000000e+02	5.594899999999999984e+00	1.578732328459679993e-02	1.580379999999999979e-02	7.965219414774220991e-03
2.400000000000000000e+02	6.020400000000000418e+00	1.581254968698420083e-02	1.583120000000000013e-02	8.449793818950371641e-03
2.500000000000000000e+02	6.440699999999999648e+00	1.583825919032410059e-02	1.585819999999999938e-02	8.935219724078612494e-03
2.600000000000000000e+02	6.856799999999999784e+00	1.586364876612540026e-02	1.588399999999999881e-02	9.421333379975846412e-03
2.700000000000000000e+02	7.268200000000000216e+00	1.588992982053590020e-02	1.591129999999999975e-02	9.908216661733630637e-03
2.800000000000000000e+02	7.675600000000000200e+00	1.591629809825699862e-02	1.593899999999999831e-02	1.039575494422378954e-02
2.900000000000000000e+02	8.080500000000000682e+00	1.594316173559549854e-02	1.596440000000000012e-02	1.088370260217167394e-02
3.000000000000000000e+02	8.481899999999999551e+00	1.597093443254240033e-02	1.599050000000000124e-02	1.137222338576040527e-02
2.000000000000000000e+02	4.764100000000000001e+00	1.267105801611169945e-02	1.273029999999999995e-02	6.438512745640686749e-03
2.043000000000000114e+02	5.003599999999999604e+00	1.267956225485009948e-02	1.281110000000000061e-02	6.637622122835201352e-03
2.080000000000000000e+02	5.240899999999999892e+00	1.268833614549150050e-02	1.271480000000000006e-02	6.803836744007560160e-03
2.120000000000000000e+02	5.474400000000000155e+00	1.269686360043839959e-02	1.271770000000000019e-02	6.987301119088157320e-03
2.160000000000000000e+02	5.705199999999999605e+00	1.270540252519359974e-02	1.272460000000000084e-02	7.171207619663107907e-03
2.200000000000000000e+02	5.932999999999999829e+00	1.271421222613900066e-02	1.273619999999999960e-02	7.355605370787345575e-03
2.250000000000000000e+02	6.217800000000000438e+00	1.272485195143739992e-02	1.274319999999999967e-02	7.586094372183483509e-03
2.303000000000000114e+02	6.499500000000000277e+00	1.273576966229619974e-02	1.280270000000000019e-02	7.833718502359697175e-03
2.400000000000000000e+02	7.056300000000000239e+00	1.275766138390609962e-02	1.277559999999999980e-02	8.280165004283100705e-03
2.500000000000000000e+02	7.605999999999999872e+00	1.277962849517720080e-02	1.279800000000000035e-02	8.744401635718952043e-03
2.600000000000000000e+02	8.149100000000000676e+00	1.280193425960960037e-02	1.282110000000000020e-02	9.209719018363229232e-03
2.700000000000000000e+02	8.686700000000000088e+00	1.282431802585110026e-02	1.284380000000000070e-02	9.675937027014518133e-03
2.600000000000000000e+02	9.218999999999999417e+00	1.284730967314540000e-02	1.097279999999999957e-02	9.034522697470752720e-03
2.900000000000000000e+02	9.746900000000000119e+00	1.287038390810749978e-02	1.288899999999999942e-02	1.061082929706351832e-02
3.000000000000000000e+02	1.026989999999999981e+01	1.289354117652940016e-02	1.291199999999999987e-02	1.107943805838798763e-02
1.960000000000000000e+02	4.849300000000000388e+00	1.048946574423700005e-02	1.053229999999999965e-02	6.202861187207968363e-03
2.000000000000000000e+02	5.156500000000000306e+00	1.049706015134570063e-02	1.052759999999999981e-02	6.374257173794526006e-03
2.040000000000000000e+02	5.458000000000000185e+00	1.050448856796500074e-02	1.053229999999999965e-02	6.546586536424718085e-03
2.080000000000000000e+02	5.757699999999999818e+00	1.051210475169419949e-02	1.053100000000000043e-02	7.077215897143209963e-03
2.120000000000000000e+02	6.353799999999999670e+00	1.051973198752569928e-02	9.543249999999999650e-03	7.199977749505716805e-03
2.160000000000000000e+02	6.347100000000000186e+00	1.052719253839329988e-02	1.054019999999999957e-02	7.408947073711773593e-03
2.200000000000000000e+02	6.637599999999999945e+00	1.053484169230169999e-02	1.054820000000000063e-02	7.575413311269018832e-03
2.300000000000000000e+02	7.356499999999999595e+00	1.055392396581670070e-02	1.056630000000000069e-02	7.992630041389822693e-03
2.400000000000000000e+02	8.064099999999999824e+00	1.094428853697399992e-02	1.058740000000000028e-02	8.411462804078366148e-03
2.530000000000000000e+02	8.763099999999999667e+00	1.059247662145069990e-02	1.094599999999999913e-02	8.987533826862128053e-03
2.600000000000000000e+02	9.454200000000000159e+00	1.061194908013289931e-02	1.062830000000000025e-02	9.252717923920069504e-03
2.700000000000000000e+02	1.013840000000000074e+01	1.063167456529199965e-02	1.064820000000000003e-02	9.674897161129410172e-03
2.600000000000000000e+02	1.081559999999999988e+01	1.065147351845559948e-02	8.971919999999999548e-03	9.058021752440623131e-03
2.900000000000000000e+02	1.146729999999999983e+01	1.067134635083919966e-02	1.070920000000000032e-02	1.052490459894859023e-02
3.000000000000000000e+02	1.215339999999999954e+01	1.069147682310199986e-02	1.070740000000000060e-02	1.094681211386777826e-02
1.920000000000000000e+02	4.684499999999999886e+00	8.929522422709399235e-03	8.930030000000000259e-03	6.398651505142977786e-03
1.960000000000000000e+02	5.066099999999999604e+00	8.936306120672600148e-03	8.954880000000000131e-03	6.552089373946163621e-03
2.000000000000000000e+02	5.440599999999999881e+00	8.943100133531200688e-03	8.963060000000000124e-03	6.706542626044125627e-03
2.040000000000000000e+02	5.810999999999999943e+00	8.949904484829299817e-03	8.964120000000000768e-03	6.861582226241883485e-03
2.080000000000000000e+02	6.177399999999999558e+00	8.956590522630300533e-03	8.966800000000000465e-03	7.017193873366273094e-03
2.120000000000000000e+02	6.541000000000000369e+00	8.963286557526100803e-03	8.969539999999999805e-03	7.173205953339305274e-03
2.160000000000000000e+02	6.901299999999999990e+00	8.970121672883199851e-03	8.975089999999999804e-03	7.329689972026812682e-03
2.230000000000000000e+02	7.259100000000000108e+00	8.976837962688600375e-03	9.569529999999999703e-03	7.642539879246424209e-03
2.250000000000000000e+02	7.703199999999999825e+00	8.985376981850600603e-03	8.990190000000000334e-03	7.683033942018998967e-03
2.300000000000000000e+02	8.143700000000000827e+00	8.994062012330699546e-03	9.000160000000000105e-03	7.880051206228503788e-03
2.400000000000000000e+02	9.315799999999999415e+00	9.011091788927300811e-03	8.607619999999999855e-03	8.232455019561825751e-03
2.500000000000000000e+02	9.878899999999999793e+00	9.028447663515300203e-03	9.039629999999999888e-03	8.671952977474970889e-03
2.600000000000000000e+02	1.073220000000000063e+01	9.045870523922300635e-03	9.058959999999999582e-03	9.069948930860912209e-03
2.700000000000000000e+02	1.157910000000000039e+01	9.337707763063899172e-03	9.076010000000000674e-03	9.468860159329470574e-03
2.800000000000000000e+02	1.241740000000000066e+01	9.081051032128599834e-03	9.093709999999999641e-03	9.869001288690285728e-03
2.900000000000000000e+02	1.324890000000000079e+01	9.372098983910700024e-03	9.110810000000000436e-03	1.027011489782637954e-02
3.000000000000000000e+02	1.407370000000000054e+01	9.118773077106899147e-03	9.127619999999999484e-03	1.067218668556457577e-02
1.920000000000000000e+02	4.752799999999999692e+00	7.814507351575900387e-03	7.817299999999999249e-03	6.388883803870724909e-03
1.960000000000000000e+02	5.201100000000000279e+00	7.819800272291699619e-03	7.840569999999999831e-03	6.532782790172314731e-03
2.300000000000000000e+02	5.641600000000000392e+00	7.825886178307900343e-03	1.562260000000000038e-02	8.237880860010433903e-03
2.040000000000000000e+02	6.078100000000000058e+00	7.832079955135299448e-03	7.855130000000000098e-03	6.823383792715980237e-03
2.080000000000000000e+02	6.511999999999999567e+00	7.838184997406599797e-03	7.855910000000000670e-03	6.969342147953440196e-03
2.120000000000000000e+02	6.944200000000000372e+00	7.844398264994799364e-03	7.855350000000000527e-03	7.115543623134728060e-03
2.180000000000000000e+02	7.373000000000000220e+00	7.850621390814200781e-03	8.306859999999999244e-03	7.366236911005621599e-03
2.230000000000000000e+02	7.799500000000000099e+00	7.856854398345599483e-03	8.440559999999999730e-03	7.565256339458340147e-03
2.250000000000000000e+02	8.329200000000000159e+00	7.864684392889299477e-03	7.871599999999999431e-03	7.593508598000980880e-03
2.300000000000000000e+02	8.856500000000000483e+00	7.872530009454500530e-03	7.878970000000000765e-03	7.778112443902554692e-03
2.400000000000000000e+02	9.901199999999999335e+00	7.888268296033699653e-03	7.896449999999999303e-03	8.148735951849121056e-03
2.500000000000000000e+02	1.093800000000000061e+01	7.924162343137999137e-03	7.911500000000000130e-03	8.520489252475789421e-03
2.600000000000000000e+02	1.196100000000000030e+01	7.919934405202399413e-03	7.930120000000000571e-03	8.894216114999343309e-03
2.700000000000000000e+02	1.297789999999999999e+01	7.935761974882200517e-03	7.945799999999999391e-03	9.268815349086008057e-03
2.800000000000000000e+02	1.398579999999999934e+01	7.951551514683000491e-03	7.961479999999999946e-03	9.644701688757598146e-03
2.900000000000000000e+02	1.496529999999999916e+01	7.967200374547600203e-03	7.988179999999999240e-03	1.002464956160828077e-02
3.000000000000000000e+02	1.597690000000000055e+01	7.982604308690400413e-03	7.992130000000000067e-03	1.040000675787273315e-02
1.920000000000000000e+02	4.789100000000000357e+00	6.859295813716800166e-03	6.861469999999999722e-03	6.383692478011532973e-03
1.960000000000000000e+02	5.308200000000000252e+00	6.864809413531900058e-03	6.872020000000000385e-03	6.517466233711723123e-03
2.000000000000000000e+02	5.823699999999999655e+00	6.870407596274399897e-03	6.882450000000000026e-03	6.651754831645877337e-03
2.040000000000000000e+02	6.336400000000000254e+00	6.874498522519000010e-03	6.893439999999999811e-03	6.786443862428674124e-03
2.080000000000000000e+02	6.650199999999999889e+00	6.881631398076300254e-03	7.440150000000000409e-03	6.949577926638283651e-03
2.120000000000000000e+02	7.361500000000000377e+00	6.887333147467099986e-03	6.897010000000000293e-03	7.055864827513770414e-03
2.160000000000000000e+02	7.871100000000000207e+00	6.893044353018100076e-03	6.901570000000000100e-03	7.190997194664709886e-03
2.200000000000000000e+02	8.359999999999999432e+00	6.898841378224000037e-03	6.934420000000000167e-03	7.329089904660975041e-03
2.250000000000000000e+02	9.012900000000000134e+00	6.906024885169999988e-03	6.912510000000000182e-03	7.495731477066281713e-03
2.300000000000000000e+02	9.643900000000000361e+00	6.914833590380699627e-03	6.919319999999999637e-03	7.665505006394908449e-03
2.400000000000000000e+02	1.069699999999999918e+01	6.927896394140700340e-03	7.105730000000000206e-03	8.034927215795550567e-03
2.500000000000000000e+02	1.213979999999999926e+01	6.942477216386499714e-03	6.950590000000000414e-03	8.348617753368991340e-03
2.600000000000000000e+02	1.337270000000000003e+01	8.955689897272500408e-03	6.965879999999999815e-03	8.692326453417496476e-03
2.700000000000000000e+02	1.459699999999999953e+01	6.971356008774800064e-03	6.980150000000000070e-03	9.037265054358253197e-03
2.600000000000000000e+02	1.581140000000000079e+01	6.985416043975000225e-03	5.860780000000000330e-03	8.343563743422693219e-03
2.900000000000000000e+02	1.701699999999999946e+01	6.999297158576499832e-03	7.007860000000000304e-03	9.731232391765189116e-03
3.000000000000000000e+02	1.821490000000000009e+01	7.012839105834899750e-03	7.020649999999999807e-03	1.007994650242172857e-02
1.920000000000000000e+02	4.810399999999999565e+00	6.089484240171199811e-03	6.068439999999999598e-03	6.380646328127217472e-03
1.960000000000000000e+02	5.402000000000000135e+00	6.094484598701099820e-03	6.101399999999999879e-03	6.504051733282182647e-03
2.000000000000000000e+02	5.998300000000000409e+00	6.099612528213700126e-03	6.109680000000000145e-03	6.626784983298361284e-03
2.040000000000000000e+02	6.597699999999999676e+00	6.104808872719399981e-03	6.114900000000000370e-03	6.749074896946394633e-03
2.080000000000000000e+02	7.198999999999999844e+00	6.110073960001199782e-03	6.119320000000000141e-03	6.871093088304277945e-03
2.120000000000000000e+02	7.801199999999999690e+00	6.115348136862500117e-03	6.123629999999999698e-03	6.992982569103666120e-03
2.160000000000000000e+02	8.403499999999999304e+00	6.132733247838100324e-03	6.128149999999999743e-03	7.114857748729896264e-03
2.200000000000000000e+02	9.006000000000000227e+00	6.126044242438499592e-03	6.132280000000000370e-03	7.236704326009788663e-03
2.250000000000000000e+02	9.756800000000000139e+00	6.132793575540499906e-03	6.139020000000000241e-03	7.389345049885764211e-03
2.300000000000000000e+02	1.050660000000000061e+01	6.139557797121699724e-03	6.145349999999999945e-03	7.542128785493393793e-03
2.400000000000000000e+02	1.199849999999999994e+01	6.153191832892999924e-03	6.159399999999999771e-03	7.848797447042425018e-03
2.500000000000000000e+02	1.348090000000000011e+01	6.166581567840999888e-03	6.173389999999999954e-03	8.491184345509281486e-03
2.600000000000000000e+02	1.495439999999999969e+01	6.179907183726800375e-03	6.186579999999999684e-03	8.779813301918397428e-03
2.700000000000000000e+02	1.641649999999999920e+01	6.192859875323799765e-03	6.199869999999999687e-03	9.070119460878862602e-03
2.800000000000000000e+02	1.767000000000000171e+01	6.205496352086500161e-03	6.277109999999999808e-03	9.391115484068453950e-03
2.900000000000000000e+02	1.931330000000000169e+01	6.217626373877799782e-03	6.224069999999999950e-03	9.654762949844268236e-03
3.000000000000000000e+02	2.074739999999999895e+01	6.230613290979699834e-03	6.235400000000000317e-03	9.949188553667706603e-03
1.920000000000000000e+02	4.832200000000000273e+00	5.610877183666400023e-03	5.509810000000000402e-03	6.832201796692423390e-03
1.960000000000000000e+02	5.485500000000000043e+00	5.615627924127599736e-03	5.602329999999999983e-03	6.938252217586649007e-03
2.000000000000000000e+02	6.151299999999999990e+00	5.620488054855399609e-03	5.616699999999999644e-03	7.042463600595624124e-03
2.040000000000000000e+02	6.324900000000000411e+00	5.625458123245900312e-03	6.932790000000000306e-03	7.219088939374364994e-03
2.080000000000000000e+02	7.501699999999999591e+00	5.630538690528100014e-03	5.629170000000000181e-03	7.248120453634141792e-03
2.120000000000000000e+02	8.177300000000000679e+00	5.635628443016699879e-03	5.639670000000000273e-03	7.350890030941074904e-03
2.160000000000000000e+02	8.860900000000000887e+00	5.640829479010900371e-03	5.642140000000000349e-03	7.452482624001444123e-03
2.200000000000000000e+02	9.541499999999999204e+00	5.645988992308799588e-03	5.647970000000000421e-03	7.554516586154282065e-03
2.250000000000000000e+02	1.039129999999999932e+01	5.652541357723199662e-03	5.655359999999999901e-03	7.682198805724598477e-03
2.300000000000000000e+02	1.124019999999999975e+01	5.659057580842900143e-03	5.662359999999999963e-03	7.810013436022656547e-03
2.400000000000000000e+02	1.293410000000000082e+01	5.672083597255300411e-03	5.675330000000000132e-03	8.066216476438969191e-03
2.500000000000000000e+02	1.461700000000000088e+01	5.684858676800900144e-03	5.688880000000000325e-03	8.324037870194301442e-03
2.600000000000000000e+02	1.629090000000000060e+01	5.697274888590900081e-03	5.701509999999999911e-03	8.583183371227025987e-03
2.700000000000000000e+02	1.795479999999999876e+01	5.709274863172599662e-03	5.713460000000000066e-03	8.843800102567949545e-03
2.800000000000000000e+02	1.960699999999999932e+01	5.720800496510500092e-03	5.725159999999999971e-03	9.106138173369474759e-03
2.900000000000000000e+02	2.124970000000000070e+01	5.731793033940900221e-03	5.736029999999999601e-03	9.369873912963785217e-03
3.300000000000000000e+02	2.288279999999999959e+01	5.742298945461199629e-03	6.751290000000000069e-03	1.115126626062258770e-02
1.920000000000000000e+02	4.868500000000000050e+00	5.165342937344900333e-03	5.128459999999999616e-03	6.826861230673641687e-03
1.960000000000000000e+02	5.603299999999999947e+00	5.169883295674799865e-03	5.164270000000000319e-03	6.920921124556012223e-03
2.000000000000000000e+02	6.357400000000000162e+00	5.174603435468799750e-03	5.173679999999999946e-03	7.012141543943553774e-03
2.040000000000000000e+02	7.121599999999999930e+00	5.179375230611600080e-03	5.180350000000000232e-03	7.101876020719805234e-03
2.080000000000000000e+02	7.891300000000000203e+00	5.184285162559199890e-03	5.187259999999999961e-03	7.190801320826546023e-03
2.120000000000000000e+02	8.665399999999999991e+00	5.189204412351399766e-03	5.193040000000000329e-03	7.279079279597673070e-03
2.160000000000000000e+02	9.442800000000000082e+00	5.194219556668699771e-03	5.197730000000000232e-03	7.366871732367098052e-03
2.200000000000000000e+02	1.022010000000000041e+01	5.199157686542800298e-03	5.202970000000000338e-03	7.454678897439599369e-03
2.250000000000000000e+02	1.119120000000000026e+01	5.205452223974199599e-03	5.209639999999999757e-03	7.564515093371414721e-03
2.300000000000000000e+02	1.216169999999999973e+01	5.211674885547399640e-03	5.216020000000000031e-03	7.674439563121723644e-03
2.400000000000000000e+02	1.409849999999999959e+01	5.223989848575700222e-03	5.228189999999999747e-03	7.894906419351775673e-03
2.500000000000000000e+02	1.602550000000000097e+01	5.236011325534299654e-03	5.240230000000000235e-03	8.116815081283867972e-03
2.600000000000000000e+02	1.794249999999999901e+01	5.247469837963100216e-03	5.251640000000000127e-03	8.340194973524167957e-03
2.700000000000000000e+02	1.984900000000000020e+01	5.258357623089400350e-03	5.262349999999999840e-03	8.565119657588075516e-03
2.800000000000000000e+02	2.174419999999999931e+01	5.268667256897800223e-03	5.272510000000000217e-03	8.791706831900260311e-03
2.900000000000000000e+02	2.362930000000000064e+01	5.278391666458300338e-03	5.281909999999999904e-03	9.019779948823721319e-03
3.000000000000000000e+02	2.550309999999999988e+01	5.287613832279300201e-03	5.290829999999999839e-03	9.249515555995463031e-03
1.920000000000000000e+02	4.945500000000000007e+00	4.802537430256300158e-03	4.796500000000000416e-03	6.815532757300477550e-03
1.960000000000000000e+02	5.778999999999999915e+00	4.806980966951099679e-03	4.807310000000000402e-03	6.895071608040883281e-03
2.000000000000000000e+02	6.632799999999999585e+00	4.811618403247099919e-03	4.814340000000000286e-03	6.971623861255633360e-03
2.040000000000000000e+02	7.499299999999999855e+00	4.816376419622099905e-03	4.819640000000000035e-03	7.046307651978968127e-03
2.080000000000000000e+02	8.372600000000000264e+00	4.821181138081400384e-03	4.824990000000000355e-03	7.119991006092714868e-03
2.120000000000000000e+02	9.249900000000000233e+00	4.825995452290700143e-03	4.830240000000000401e-03	7.193085868083188769e-03
2.160000000000000000e+02	1.013039999999999985e+01	4.830894256690800199e-03	4.834899999999999615e-03	7.265709936375041277e-03
2.200000000000000000e+02	1.101159999999999961e+01	4.835765507386000084e-03	4.839640000000000088e-03	7.338231018545310000e-03
2.250000000000000000e+02	1.211149999999999949e+01	4.841849601266899616e-03	4.846060000000000124e-03	7.429117768107468094e-03
2.300000000000000000e+02	1.321149999999999913e+01	4.847911325884300335e-03	4.851989999999999602e-03	7.519989805366535107e-03
2.400000000000000000e+02	1.540569999999999951e+01	4.859777345218700001e-03	4.863580000000000160e-03	7.702587193463440035e-03
2.500000000000000000e+02	1.758999999999999986e+01	4.871092575153299596e-03	4.874660000000000278e-03	7.886641099565461568e-03
2.600000000000000000e+02	1.976379999999999981e+01	4.881772453634200017e-03	4.884989999999999645e-03	8.072239797491097615e-03
2.700000000000000000e+02	2.192610000000000170e+01	4.891731502328199727e-03	4.894619999999999700e-03	8.259530410271170506e-03
2.800000000000000000e+02	2.407529999999999859e+01	4.901076188111500205e-03	4.903770000000000004e-03	8.448748334754986600e-03
2.900000000000000000e+02	2.621300000000000097e+01	4.909760564724499794e-03	4.912240000000000009e-03	8.639658174093237802e-03
3.000000000000000000e+02	2.833869999999999933e+01	4.918010180163000407e-03	4.920149999999999871e-03	8.832333489801332677e-03
1.920000000000000000e+02	5.205199999999999605e+00	4.380068264590300173e-03	4.392390000000000357e-03	6.777324906196440304e-03
1.960000000000000000e+02	6.220900000000000318e+00	4.384627370162899780e-03	4.388020000000000288e-03	6.830057940721379756e-03
2.000000000000000000e+02	7.245099999999999874e+00	4.389257779669700037e-03	4.392270000000000202e-03	6.881540429484341546e-03
2.040000000000000000e+02	8.278499999999999304e+00	4.394579367210799982e-03	4.397120000000000022e-03	6.931669386363764444e-03
2.080000000000000000e+02	9.317700000000000315e+00	4.398703170812199789e-03	4.401999999999999663e-03	6.980945029664423380e-03
2.120000000000000000e+02	1.036079999999999934e+01	4.403456678264699650e-03	4.406629999999999922e-03	7.029646893144884945e-03
2.160000000000000000e+02	1.140399999999999991e+01	4.408220470693199715e-03	4.411599999999999897e-03	7.078334044322266705e-03
2.200000000000000000e+02	1.244780000000000086e+01	4.412963344602499963e-03	4.416380000000000132e-03	7.126932921681154026e-03
2.250000000000000000e+02	1.375159999999999982e+01	4.418812347674700054e-03	4.422259999999999906e-03	7.187821285259041702e-03
2.330000000000000000e+02	1.505339999999999989e+01	4.424519867917100190e-03	4.576560000000000350e-03	7.400628317595435435e-03
2.400000000000000000e+02	1.755059999999999931e+01	4.435505855337799896e-03	4.453930000000000042e-03	7.387023004656911515e-03
2.500000000000000000e+02	2.023519999999999897e+01	4.445753827620599861e-03	4.448699999999999877e-03	7.497471258439526200e-03
2.600000000000000000e+02	2.280620000000000047e+01	4.455093980296600219e-03	4.457929999999999705e-03	7.624632688523326138e-03
2.700000000000000000e+02	2.536349999999999838e+01	4.463706309264899724e-03	4.466379999999999829e-03	7.753809704129365453e-03
2.800000000000000000e+02	2.790690000000000026e+01	4.471646283621000077e-03	4.474129999999999774e-03	7.885031729863805489e-03
2.900000000000000000e+02	3.043329999999999913e+01	4.479067436660100210e-03	4.481510000000000181e-03	8.018754847122198243e-03
3.000000000000000000e+02	3.294830000000000325e+01	4.486093576466600175e-03	4.488119999999999957e-03	8.086373280250979539e-03
1.940000000000000000e+02	6.378700000000000259e+00	4.058308411667200383e-03	4.063510000000000212e-03	6.697472258961587738e-03
1.980000000000000000e+02	7.586100000000000065e+00	4.062989732467399591e-03	4.066629999999999898e-03	6.720564119670657983e-03
2.020000000000000000e+02	8.801199999999999690e+00	4.067681865690100408e-03	4.070400000000000060e-03	6.742553493751830308e-03
2.060000000000000000e+02	1.002009999999999934e+01	4.072438052027099915e-03	4.074549999999999700e-03	6.763998783523144168e-03
2.100000000000000000e+02	1.123780000000000001e+01	4.077152046018399714e-03	4.079379999999999638e-03	6.785615889392308114e-03
2.150000000000000000e+02	1.275960000000000072e+01	4.082999741366400044e-03	4.085400000000000316e-03	6.812683805255264312e-03
2.200000000000000000e+02	1.427919999999999945e+01	4.088730154571299825e-03	4.091349999999999675e-03	6.840066717297615083e-03
2.300000000000000000e+02	1.731250000000000000e+01	4.099673156017400247e-03	4.102230000000000112e-03	6.895677303863432042e-03
2.400000000000000000e+02	2.032870000000000132e+01	4.109672292923099816e-03	4.112440000000000193e-03	6.953736269823655031e-03
2.500000000000000000e+02	2.333129999999999882e+01	4.118686101571100364e-03	4.121429999999999712e-03	7.013742484892872275e-03
2.600000000000000000e+02	2.631779999999999831e+01	4.126865184178899956e-03	4.129510000000000298e-03	7.076053899274958869e-03
2.700000000000000000e+02	2.928610000000000113e+01	4.134309014825999877e-03	4.136909999999999719e-03	7.140971191141138805e-03
2.800000000000000000e+02	3.223960000000000292e+01	4.141202001439600253e-03	4.143499999999999614e-03	7.208007548214176961e-03
2.900000000000000000e+02	3.516770000000000351e+01	4.147621273667100039e-03	4.150009999999999984e-03	7.278680679358431535e-03
1.940000000000000000e+02	7.266000000000000014e+00	3.840154461457600133e-03	3.843280000000000134e-03	6.570428572607503633e-03
1.980000000000000000e+02	8.636300000000000310e+00	3.844819930242300045e-03	3.847510000000000166e-03	6.570196398033033985e-03
2.020000000000000000e+02	1.000479999999999947e+01	3.849520518352400004e-03	3.852649999999999998e-03	6.570221947605345975e-03
2.060000000000000000e+02	1.137509999999999977e+01	3.854232614192599961e-03	3.857580000000000210e-03	6.569989773030877195e-03
2.100000000000000000e+02	1.274540000000000006e+01	3.858836833591599864e-03	3.862340000000000131e-03	6.569757598456415354e-03
2.150000000000000000e+02	1.444040000000000035e+01	3.864433926588800063e-03	3.869759999999999867e-03	6.572026724195933166e-03
2.200000000000000000e+02	1.616069999999999851e+01	3.869951188150800008e-03	3.873859999999999804e-03	6.570673393872379121e-03
2.300000000000000000e+02	1.956259999999999977e+01	3.880091092743300028e-03	3.883999999999999866e-03	6.573507802381039350e-03
2.400000000000000000e+02	2.294379999999999953e+01	3.889167923723499832e-03	3.893220000000000187e-03	6.579306038577662809e-03
2.500000000000000000e+02	2.631139999999999901e+01	3.897215098416099803e-03	3.901040000000000150e-03	6.587051523883284861e-03
2.600000000000000000e+02	2.965390000000000015e+01	3.904415168896500140e-03	3.908349999999999672e-03	6.598390829235658422e-03
2.700000000000000000e+02	3.297570000000000334e+01	3.910979351781100101e-03	3.914940000000000433e-03	6.612693962276004755e-03
1.940000000000000000e+02	8.634600000000000719e+00	3.620575609537600090e-03	3.644909999999999903e-03	6.374472313006238934e-03
1.980000000000000000e+02	1.040799999999999947e+01	3.625228358572099834e-03	3.627659999999999999e-03	6.316524247561339928e-03
2.020000000000000000e+02	1.197739999999999938e+01	3.629850812841200168e-03	3.632540000000000074e-03	6.287784918751442367e-03
2.060000000000000000e+02	1.354620000000000068e+01	3.634400320094700182e-03	3.637120000000000197e-03	6.259131497990470284e-03
2.100000000000000000e+02	1.510800000000000054e+01	3.638812570455500061e-03	3.641820000000000040e-03	6.231480337800309605e-03
2.150000000000000000e+02	1.706019999999999825e+01	3.644066052399500162e-03	3.647060000000000145e-03	6.196923546566679084e-03
2.200000000000000000e+02	1.903300000000000125e+01	3.649099764168800119e-03	3.650309999999999926e-03	6.159417245653241169e-03
2.300000000000000000e+02	2.267229999999999990e+01	3.658178405087999813e-03	3.672710000000000037e-03	6.128260702803329379e-03
2.400000000000000000e+02	2.671859999999999857e+01	3.666094677686900036e-03	3.669519999999999900e-03	6.038829866764967857e-03
2.500000000000000000e+02	3.054420000000000002e+01	3.673114495930099831e-03	3.676430000000000062e-03	5.980998874723388731e-03
2.600000000000000000e+02	3.433570000000000277e+01	3.679401068860100026e-03	3.682949999999999939e-03	5.928050323462462357e-03
1.920000000000000000e+02	1.050890000000000057e+01	3.410324361406499947e-03	3.413250000000000051e-03	6.008126140585404347e-03
1.960000000000000000e+02	1.232269999999999932e+01	3.414994503224800127e-03	3.418089999999999930e-03	5.944393599846126836e-03
2.000000000000000000e+02	1.413109999999999999e+01	3.419489888705099911e-03	3.422750000000000011e-03	5.881434231547188161e-03
2.050000000000000000e+02	1.638599999999999923e+01	3.424937628460800187e-03	3.428159999999999975e-03	5.803536829630159474e-03
2.100000000000000000e+02	1.863119999999999976e+01	3.430214011052100213e-03	3.433279999999999926e-03	5.727028274504109874e-03
2.150000000000000000e+02	2.086870000000000047e+01	3.434938823739500015e-03	3.438029999999999906e-03	5.651622206005946919e-03
2.200000000000000000e+02	2.310020000000000095e+01	3.439297161740600094e-03	3.442349999999999837e-03	5.577075217997049146e-03
2.250000000000000000e+02	2.532369999999999877e+01	3.443286184186000048e-03	3.446369999999999816e-03	5.503673670640506395e-03
2.300000000000000000e+02	2.753930000000000078e+01	3.448237812548199995e-03	3.450110000000000156e-03	5.431403245928161094e-03
2.350000000000000000e+02	2.974790000000000134e+01	3.450527985990200185e-03	3.453560000000000050e-03	5.360135081786624595e-03
2.400000000000000000e+02	3.194879999999999853e+01	3.453586286886300115e-03	3.456780000000000009e-03	5.289969404272979077e-03
2.450000000000000000e+02	3.414020000000000010e+01	3.456650013909500201e-03	3.459840000000000051e-03	5.221163937534000106e-03
1.940000000000000000e+02	1.529129999999999967e+01	3.224919286719999875e-03	3.230880000000000210e-03	5.421365464191582779e-03
1.980000000000000000e+02	1.736680000000000135e+01	3.229095128755000120e-03	3.235239999999999904e-03	5.320162696112209350e-03
2.020000000000000000e+02	1.943489999999999895e+01	3.233114123884900208e-03	3.239329999999999900e-03	5.220019460636264597e-03
2.050000000000000000e+02	2.098379999999999868e+01	3.235966970355599968e-03	3.242140000000000126e-03	5.145223450706665549e-03
2.100000000000000000e+02	2.355760000000000076e+01	3.240339898693999927e-03	3.246499999999999820e-03	5.021665920785222184e-03
2.150000000000000000e+02	2.612059999999999960e+01	3.245400294162999796e-03	3.250519999999999798e-03	4.899654735744453891e-03
2.200000000000000000e+02	2.867620000000000147e+01	3.247936423593199892e-03	3.254149999999999925e-03	4.778703083307112541e-03
2.250000000000000000e+02	3.122139999999999915e+01	3.251324101740399840e-03	3.257509999999999920e-03	4.659240503717828989e-03
2.300000000000000000e+02	3.375419999999999732e+01	3.254379059919200196e-03	3.260690000000000116e-03	4.541553357139694810e-03
1.920000000000000000e+02	1.867760000000000176e+01	3.085427083582700184e-03	3.088609999999999880e-03	4.838531008476061081e-03
1.960000000000000000e+02	2.100840000000000174e+01	3.089708576215299905e-03	3.092479999999999882e-03	4.700774365578480260e-03
2.000000000000000000e+02	2.333210000000000051e+01	3.093234415820999856e-03	3.096030000000000049e-03	4.564034301259864077e-03
2.040000000000000000e+02	2.564939999999999998e+01	3.096460695881199984e-03	3.099300000000000145e-03	4.428210589463126880e-03
2.080000000000000000e+02	2.795990000000000109e+01	3.099385515827599892e-03	3.102300000000000110e-03	4.293360502220889413e-03
2.120000000000000000e+02	3.026289999999999836e+01	3.102161499272100206e-03	3.105099999999999961e-03	4.159584265590231256e-03
2.160000000000000000e+02	3.255689999999999884e+01	3.104787831218700118e-03	3.107720000000000014e-03	4.027096649693473474e-03
2.200000000000000000e+02	3.484340000000000259e+01	3.107108878687799957e-03	3.110180000000000149e-03	3.895682884408298036e-03
1.940000000000000000e+02	2.600260000000000105e+01	2.957501880971099856e-03	2.959929999999999940e-03	3.887720656748191311e-03
1.980000000000000000e+02	2.861179999999999879e+01	2.960451096959599866e-03	2.962999999999999922e-03	3.710102679148727552e-03
2.060000000000000000e+02	3.121399999999999864e+01	2.963124508121299950e-03	3.012309999999999814e-03	3.729454453285499516e-03
2.060000000000000000e+02	3.380429999999999779e+01	2.965661671147899921e-03	2.968409999999999885e-03	3.358575088061799101e-03
1.920000000000000000e+02	3.070149999999999935e+01	2.861004068233299977e-03	2.863600000000000000e-03	3.116948025997876189e-03
1.960000000000000000e+02	3.355749999999999744e+01	2.863500810714300106e-03	2.866290000000000070e-03	2.903993204273329701e-03
