# Temperature (K)	Pressure (MPa)	Experimental(m3/kg)	NIST(m3/kg)	Model(m3/kg)
1.500000000000000000e+02	1.026000000000000023e+00	6.234413965087279991e-02	6.231020000000000308e-02	4.391791883560176579e-01
1.550000000000000000e+02	1.074400000000000022e+00	6.234413965087279991e-02	6.233299999999999952e-02	4.359334354688726432e-01
1.600000000000000000e+02	1.122200000000000086e+00	6.234413965087279991e-02	6.235109999999999958e-02	4.328218508144627275e-01
1.650000000000000000e+02	1.169599999999999973e+00	6.234413965087279991e-02	6.236330000000000345e-02	4.297997116485379188e-01
1.700000000000000000e+02	1.216499999999999915e+00	6.234413965087279991e-02	6.238239999999999758e-02	4.268893793432230188e-01
1.750000000000000000e+02	1.263200000000000101e+00	6.234413965087279991e-02	6.239349999999999757e-02	4.240237697821530594e-01
1.800000000000000000e+02	1.309600000000000097e+00	6.234413965087279991e-02	6.240559999999999857e-02	4.212252443374499000e-01
1.850000000000000000e+02	1.355900000000000105e+00	6.234413965087279991e-02	6.240980000000000139e-02	4.184490802648683228e-01
1.900000000000000000e+02	1.401999999999999913e+00	6.234413965087279991e-02	6.241359999999999963e-02	4.157176389365317970e-01
1.950000000000000000e+02	1.447899999999999965e+00	6.234413965087279991e-02	6.241800000000000126e-02	4.130309203524393791e-01
2.000000000000000000e+02	1.493700000000000028e+00	6.234413965087279991e-02	6.241929999999999701e-02	4.103665631404665448e-01
2.050000000000000000e+02	1.539400000000000102e+00	6.234413965087279991e-02	6.241859999999999770e-02	4.077245673006178461e-01
2.100000000000000000e+02	1.585099999999999953e+00	6.234413965087279991e-02	6.241239999999999982e-02	4.050825714607669270e-01
2.150000000000000000e+02	1.630600000000000049e+00	6.234413965087279991e-02	6.241000000000000020e-02	4.024852983651630023e-01
2.200000000000000000e+02	1.676099999999999923e+00	6.234413965087279991e-02	6.240359999999999657e-02	3.491151977832139264e-01
2.250000000000000000e+02	1.721500000000000030e+00	6.234413965087279991e-02	6.239770000000000039e-02	3.505494535192151262e-01
2.300000000000000000e+02	1.766799999999999926e+00	6.234413965087279991e-02	6.239270000000000232e-02	3.520035607807285860e-01
2.350000000000000000e+02	1.812000000000000055e+00	6.234413965087279991e-02	6.238869999999999832e-02	3.534775195677480886e-01
2.400000000000000000e+02	1.857199999999999962e+00	6.234413965087279991e-02	6.238219999999999876e-02	3.549514783547699781e-01
2.450000000000000000e+02	1.902300000000000102e+00	6.234413965087279991e-02	6.237729999999999664e-02	3.564452886673024623e-01
2.500000000000000000e+02	1.947400000000000020e+00	6.234413965087279991e-02	6.237039999999999945e-02	3.579390989798349465e-01
2.550000000000000000e+02	1.992399999999999949e+00	6.234413965087279991e-02	6.236540000000000139e-02	3.594527608178751943e-01
2.600000000000000000e+02	2.037300000000000111e+00	6.234413965087279991e-02	6.236200000000000077e-02	3.609862741814284237e-01
2.650000000000000000e+02	2.082199999999999829e+00	6.234413965087279991e-02	6.235729999999999745e-02	3.625197875449823748e-01
2.700000000000000000e+02	2.127099999999999991e+00	6.234413965087279991e-02	6.235129999999999839e-02	3.640533009085327176e-01
1.700000000000000000e+02	2.061599999999999877e+00	3.117206982543639995e-02	3.129640000000000200e-02	1.681190837655775761e-01
1.750000000000000000e+02	2.166300000000000114e+00	3.117206982543639995e-02	3.130129999999999718e-02	1.577813848740665659e-01
1.800000000000000000e+02	2.269699999999999829e+00	3.117206982543639995e-02	3.130150000000000293e-02	1.477017558141862086e-01
1.950000000000000000e+02	2.574500000000000011e+00	3.117206982543639995e-02	3.129110000000000225e-02	8.703202772574809842e-02
2.000000000000000000e+02	2.674799999999999844e+00	3.117206982543639995e-02	3.128510000000000318e-02	7.931945541999504967e-02
2.050000000000000000e+02	2.774599999999999955e+00	3.117206982543639995e-02	3.127830000000000193e-02	7.169853674805169719e-02
2.100000000000000000e+02	2.873899999999999899e+00	3.117206982543639995e-02	3.127180000000000237e-02	6.416927170991691687e-02
2.150000000000000000e+02	2.972900000000000098e+00	3.117206982543639995e-02	3.126360000000000250e-02	5.669499885206812084e-02
2.200000000000000000e+02	3.071499999999999897e+00	3.117206982543639995e-02	3.125569999999999737e-02	4.929404890126734551e-02
2.250000000000000000e+02	3.169799999999999951e+00	3.117206982543639995e-02	3.124760000000000038e-02	4.194809113075215895e-02
2.300000000000000000e+02	3.267700000000000049e+00	3.117206982543639995e-02	3.124060000000000031e-02	3.467545626728436164e-02
2.350000000000000000e+02	3.365400000000000169e+00	3.117206982543639995e-02	3.123300000000000035e-02	2.743948285734012366e-02
2.400000000000000000e+02	3.462899999999999867e+00	3.117206982543639995e-02	3.122499999999999928e-02	2.024017090092025684e-02
2.450000000000000000e+02	3.560099999999999820e+00	3.117206982543639995e-02	3.121789999999999982e-02	1.309585112478565787e-02
2.500000000000000000e+02	3.657000000000000028e+00	3.117206982543639995e-02	3.121180000000000135e-02	6.006523528937039724e-03
2.550000000000000000e+02	3.753699999999999815e+00	3.117206982543639995e-02	3.120590000000000169e-02	-1.046142613387895937e-03
2.600000000000000000e+02	3.850200000000000067e+00	3.117206982543639995e-02	3.120030000000000026e-02	-8.062147302189062378e-03
2.650000000000000000e+02	3.946499999999999897e+00	3.117206982543639995e-02	3.119519999999999932e-02	-2.574343612006337045e-02
2.700000000000000000e+02	4.042600000000000193e+00	3.117206982543639995e-02	3.119049999999999948e-02	-3.295385047126318107e-02
1.725269999999999868e+02	2.466000000000000192e+00	2.435984044499379941e-02	2.441480000000000039e-02	5.206673097193909028e-02
1.746910000000000025e+02	2.528300000000000214e+00	2.435984044499379941e-02	2.441010000000000055e-02	4.507116038134556524e-02
1.772030000000000030e+02	2.599400000000000155e+00	2.427164200376569908e-02	2.441159999999999858e-02	3.717864849905243296e-02
1.831759999999999877e+02	2.766599999999999948e+00	2.427731294815919927e-02	2.440290000000000167e-02	1.876010355753000500e-02
1.905320000000000107e+02	2.967600000000000016e+00	2.437507903619370170e-02	2.440809999999999855e-02	-3.003625614232017030e-03
1.918489999999999895e+02	3.003800000000000026e+00	2.438365912502839933e-02	2.440229999999999830e-02	-6.940092439839951055e-03
2.030840000000000032e+02	3.304800000000000182e+00	2.439606325606440140e-02	2.440629999999999883e-02	-3.905909127531365793e-02
2.130409999999999968e+02	3.567200000000000149e+00	2.440752442973519870e-02	2.441219999999999848e-02	-6.670850943907552510e-02
2.178640000000000043e+02	3.693099999999999827e+00	2.349328848433230102e-02	2.441569999999999852e-02	-7.987648189009853572e-02
2.238309999999999889e+02	3.846099999999999852e+00	2.441995285972299937e-02	2.443489999999999898e-02	-9.565082366395430413e-02
2.335459999999999923e+02	4.099000000000000199e+00	2.351012129529849934e-02	2.442160000000000164e-02	-1.220439490753821438e-01
2.397969999999999970e+02	4.259000000000000341e+00	2.443718236550360134e-02	2.442640000000000089e-02	-1.385162943811299729e-01
1.904290000000000020e+02	4.472000000000000419e+00	9.640349412536299706e-03	9.822700000000000181e-03	-3.499899817914527977e-01
1.905320000000000107e+02	4.481399999999999828e+00	9.637964884344799379e-03	9.817650000000000682e-03	-3.516812539818607308e-01
1.900519999999999925e+02	4.498899999999999899e+00	8.619521858573000669e-03	8.799070000000000849e-03	-3.567193673266138010e-01
1.905320000000000107e+02	4.549299999999999677e+00	8.617258203526399762e-03	8.760840000000000641e-03	-3.659906999441634445e-01
1.900320000000000107e+02	4.523600000000000065e+00	4.921348872433299951e-03	4.992429999999999958e-03	-3.619809727256197429e-01
1.905320000000000107e+02	4.023900000000000254e+00	4.844859742376300162e-03	1.413829999999999948e-02	-2.552663566658998073e-01
1.900320000000000107e+02	4.024000000000000021e+00	4.532635839243299991e-03	1.390369999999999974e-02	-2.566937974271418788e-01
1.910320000000000107e+02	4.352299999999999613e+00	4.532833570905100105e-03	1.157440000000000031e-02	-3.230679733216918481e-01
2.731499999999999773e+02	1.637599999999999945e+00	8.312551953449709430e-02	8.311219999999999719e-02	4.800119023746287628e-01
2.981419999999999959e+02	1.802000000000000046e+00	8.312551953449709430e-02	8.310800000000000132e-02	5.156615836982458845e-01
3.031429999999999723e+02	1.834699999999999998e+00	8.312551953449709430e-02	8.311380000000000157e-02	5.228367667986869582e-01
3.231399999999999864e+02	1.965600000000000014e+00	8.312551953449709430e-02	8.312139999999999807e-02	5.514967357754200217e-01
3.981429999999999723e+02	2.129199999999999982e+00	8.312551953449709430e-02	9.598790000000000100e-02	7.279825981919529898e-01
3.731499999999999773e+02	2.292499999999999982e+00	8.312551953449709430e-02	8.312039999999999706e-02	6.232696410743309157e-01
3.981600000000000250e+02	2.455700000000000216e+00	8.312551953449709430e-02	8.311709999999999932e-02	6.963815913838871108e-01
2.731499999999999773e+02	2.155800000000000161e+00	6.234413965087279991e-02	6.233439999999999814e-02	3.820014831306423053e-01
2.981419999999999959e+02	2.378600000000000048e+00	6.234413965087279991e-02	6.233500000000000152e-02	4.163501060284419131e-01
3.031429999999999723e+02	2.423200000000000021e+00	6.234413965087279991e-02	6.233190000000000258e-02	4.232204597960557146e-01
3.231399999999999864e+02	2.600600000000000023e+00	6.234413965087279991e-02	6.233690000000000064e-02	4.508563596881266511e-01
3.481429999999999723e+02	2.822099999999999831e+00	6.234413965087279991e-02	6.233709999999999946e-02	4.854648009904271588e-01
3.731499999999999773e+02	3.043099999999999916e+00	6.234413965087279991e-02	6.233820000000000333e-02	5.201724952021902215e-01
3.981600000000000250e+02	3.263700000000000045e+00	6.234413965087279991e-02	6.233980000000000077e-02	5.549590047948986804e-01
2.731499999999999773e+02	3.153900000000000148e+00	4.156275976724849858e-02	4.155969999999999803e-02	2.073060825434279997e-01
2.981419999999999959e+02	3.499299999999999855e+00	4.156275976724849858e-02	4.155940000000000328e-02	2.201962783177009164e-01
3.031429999999999723e+02	3.568499999999999783e+00	4.156275976724849858e-02	4.155559999999999810e-02	2.227609444243109915e-01
3.231399999999999864e+02	3.842699999999999783e+00	4.156275976724849858e-02	4.156320000000000153e-02	2.334541383982942642e-01
3.481429999999999723e+02	4.185200000000000031e+00	4.156275976724849858e-02	4.156270000000000103e-02	2.468841973029878567e-01
3.731499999999999773e+02	4.526699999999999946e+00	4.156275976724849858e-02	4.156239999999999934e-02	4.332943917923581800e-02
2.731499999999999773e+02	4.105299999999999727e+00	3.117206982543639995e-02	3.116889999999999938e-02	2.915877158136865807e-02
2.030840000000000032e+02	1.013000000000000012e-01	1.032187742564119493e+00	1.032669999999999977e+00	7.987020875966843736e-02
2.232489999999999952e+02	1.013000000000000012e-01	1.135594529159796195e+00	1.136949999999999905e+00	8.411712352653889779e-02
2.481750000000000114e+02	1.013000000000000012e-01	1.264587011173890829e+00	1.265549999999999953e+00	8.936674403132500999e-02
2.731499999999999773e+02	1.013000000000000012e-01	1.394723482122434577e+00	1.394150000000000000e+00	9.462668433891645303e-02
2.981419999999999959e+02	1.013000000000000012e-01	1.524306592930875892e+00	1.522680000000000033e+00	9.989020498625798827e-02
3.231399999999999864e+02	1.013000000000000012e-01	1.649315863779704294e+00	1.651110000000000078e+00	1.051549892829218569e-01
3.731499999999999773e+02	1.013000000000000012e-01	1.906548613176538343e+00	1.907799999999999940e+00	1.156875063913366253e-01
4.231700000000000159e+02	1.013000000000000012e-01	2.164727071210862164e+00	2.164309999999999956e+00	1.262221295819578593e-01
4.731929999999999836e+02	1.013000000000000012e-01	2.416439521351660069e+00	2.420690000000000008e+00	1.367573845972395452e-01
2.030840000000000032e+02	2.026499999999999968e+00	4.511806314290980197e-02	4.502950000000000008e-02	4.839198057764252520e-02
2.232489999999999952e+02	2.026499999999999968e+00	5.159230358397279975e-02	5.161249999999999866e-02	5.263889534451299951e-02
2.981419999999999959e+02	2.026499999999999968e+00	7.352770332689320676e-02	7.361370000000000413e-02	4.379710936380873942e-01
2.030840000000000032e+02	3.039699999999999847e+00	2.746316886959719941e-02	2.731000000000000094e-02	1.468476017961513683e-02
2.232489999999999952e+02	3.039699999999999847e+00	3.248613394344890271e-02	3.242769999999999680e-02	6.528977565142750350e-02
2.481750000000000114e+02	3.039699999999999847e+00	3.802399344405509723e-02	3.803379999999999955e-02	1.278427444414304837e-01
2.731499999999999773e+02	3.039699999999999847e+00	4.322849788578059932e-02	4.324499999999999872e-02	1.905186810349591975e-01
3.231399999999999864e+02	3.039699999999999847e+00	5.302725155300910126e-02	5.304869999999999725e-02	3.159709361024471974e-01
3.731499999999999773e+02	3.039699999999999847e+00	6.231921196608630059e-02	6.240919999999999801e-02	4.414733821101513023e-01
4.231700000000000159e+02	3.039699999999999847e+00	7.142185777394069457e-02	7.152809999999999724e-02	5.670009235879657217e-01
2.731929999999999836e+02	3.039699999999999847e+00	8.044405116241649945e-02	4.325380000000000197e-02	1.906265915564226421e-01
2.030840000000000032e+02	4.052999999999999936e+00	1.827577159759409889e-02	1.810890000000000069e-02	-1.700672862404060404e-01
2.232489999999999952e+02	4.052999999999999936e+00	2.281662262145829970e-02	2.274239999999999942e-02	-1.194622707685934898e-01
2.481750000000000114e+02	4.052999999999999936e+00	2.743778701297100095e-02	2.742040000000000102e-02	-5.690930197859065537e-02
2.731499999999999773e+02	4.052999999999999936e+00	3.159224670663460244e-02	3.161309999999999815e-02	5.766634614938759285e-03
2.981419999999999959e+02	4.052999999999999936e+00	3.554195293932659733e-02	3.554340000000000277e-02	2.814257859778969764e-02
3.231399999999999864e+02	4.052999999999999936e+00	3.932639856864490052e-02	3.930940000000000129e-02	8.398723618524268908e-02
1.760000000000000000e+02	2.796199999999999797e+00	2.081329360047829910e-02	2.083219999999999864e-02	-1.005191577812686483e-02
1.800000000000000000e+02	2.933499999999999996e+00	2.082580827461009976e-02	2.084329999999999863e-02	-2.675235830540325516e-02
1.840000000000000000e+02	3.068299999999999805e+00	2.083833800751139914e-02	2.085100000000000148e-02	-4.298600726731050675e-02
1.880000000000000000e+02	3.200800000000000090e+00	2.085018549576020050e-02	2.086139999999999869e-02	-5.879020614907836534e-02
1.920000000000000000e+02	3.331599999999999895e+00	2.086274458751550057e-02	2.087200000000000166e-02	-7.427698540639535163e-02
1.960000000000000000e+02	3.460999999999999854e+00	2.087531881830659991e-02	2.088270000000000057e-02	-8.950236026710464698e-02
2.000000000000000000e+02	3.588999999999999968e+00	2.088860807172579839e-02	2.089509999999999978e-02	-1.044663307312076600e-01
2.040000000000000000e+02	3.715800000000000214e+00	2.089911154532959892e-02	2.090850000000000000e-02	-1.192062402839335900e-01
2.080000000000000000e+02	3.841699999999999893e+00	2.091172966520399995e-02	2.092120000000000091e-02	-1.337781041531266035e-01
2.120000000000000000e+02	3.966499999999999915e+00	2.092366077690719847e-02	2.093530000000000044e-02	-1.481445788535573904e-01
2.160000000000000000e+02	4.090700000000000003e+00	2.093560551088780031e-02	2.094779999999999906e-02	-1.623990230982991223e-01
2.200000000000000000e+02	4.214199999999999946e+00	2.094826775003279934e-02	2.095990000000000006e-02	-2.230575464870747371e-01
2.250000000000000000e+02	4.367300000000000182e+00	2.096376463595709880e-02	2.097689999999999971e-02	-2.436043553011463247e-01
2.303000000000000114e+02	4.519599999999999618e+00	2.097928446709719855e-02	2.104750000000000024e-02	-2.632920149298297319e-01
1.840000000000000000e+02	3.515600000000000058e+00	1.567144428406630138e-02	1.582599999999999979e-02	-1.596954447552612621e-01
1.880000000000000000e+02	3.709600000000000009e+00	1.568169324149129920e-02	1.579459999999999892e-02	-1.911155490989358829e-01
1.920000000000000000e+02	3.898899999999999810e+00	1.569195561310660070e-02	1.578080000000000108e-02	-2.215510548789302037e-01
1.960000000000000000e+02	4.089999999999999858e+00	1.570183595287059919e-02	1.573779999999999971e-02	-2.523636409599085972e-01
2.000000000000000000e+02	4.275000000000000355e+00	1.571054094974489931e-02	1.572979999999999864e-02	-2.818983437986659624e-01
2.040000000000000000e+02	4.455599999999999561e+00	1.572203047633850131e-02	1.573950000000000002e-02	-3.105112947905725451e-01
1.920000000000000000e+02	4.277000000000000135e+00	1.265382687914770078e-02	1.275090000000000078e-02	-3.007588669911045454e-01
1.960000000000000000e+02	4.522100000000000009e+00	1.266230799635889928e-02	1.274050000000000009e-02	-3.428838621015933841e-01
1.920000000000000000e+02	4.537099999999999689e+00	1.048188231797850083e-02	1.053379999999999941e-02	-3.552469704832413311e-01
2.250000000000000000e+02	9.966000000000000414e-01	1.054392836741860004e-02	1.117589999999999972e-01	4.625204061019352331e-01
