# Temperature (K)	Pressure (MPa)	Experimental(uPas)	NIST(uPas)	Model(uPas)
1.800000000000000000e+02	2.962000000000000099e+01	5.806000000000000227e+01	5.842900000000000205e+01	5.801370251226013863e+01
1.800000000000000000e+02	2.608999999999999986e+01	5.535000000000000142e+01	5.589759999999999707e+01	5.858676835187501553e+01
1.800000000000000000e+02	2.255999999999999872e+01	5.290999999999999659e+01	5.321079999999999899e+01	5.043918387708337292e+01
1.800000000000000000e+02	1.894000000000000128e+01	5.000000000000000000e+01	5.025289999999999679e+01	5.079794900345055453e+01
1.800000000000000000e+02	1.800000000000000000e+01	4.904999999999999716e+01	4.944409999999999883e+01	5.075300120100111201e+01
1.800000000000000000e+02	1.552999999999999936e+01	4.734000000000000341e+01	4.722120000000000317e+01	4.841388877964707405e+01
1.800000000000000000e+02	1.435999999999999943e+01	4.607000000000000028e+01	4.611099999999999710e+01	4.893346224749326723e+01
1.800000000000000000e+02	1.097000000000000064e+01	4.277000000000000313e+01	4.262120000000000175e+01	4.485182548115094647e+01
1.800000000000000000e+02	6.679999999999999716e+00	3.764000000000000057e+01	3.726039999999999708e+01	4.383044974844389685e+01
1.800000000000000000e+02	4.730000000000000426e+00	3.446999999999999886e+01	3.408630000000000138e+01	4.386856675789635318e+01
1.800000000000000000e+02	3.529999999999999805e+00	3.178000000000000114e+01	3.153209999999999980e+01	4.394373200158215553e+01
1.700000000000000000e+02	3.135999999999999943e+01	6.587000000000000455e+01	6.653730000000000189e+01	5.724119187177259960e+01
1.700000000000000000e+02	2.801000000000000156e+01	6.350000000000000000e+01	6.414589999999999748e+01	5.745065610055439720e+01
1.700000000000000000e+02	2.462999999999999901e+01	6.125999999999999801e+01	6.161520000000000152e+01	5.022382119851959459e+01
1.700000000000000000e+02	2.144000000000000128e+01	5.820000000000000284e+01	5.909870000000000090e+01	4.986254340606555502e+01
1.700000000000000000e+02	1.778000000000000114e+01	5.565999999999999659e+01	5.602499999999999858e+01	5.004180972509879410e+01
1.700000000000000000e+02	1.476999999999999957e+01	5.331000000000000227e+01	5.331150000000000233e+01	4.701693830089745063e+01
1.700000000000000000e+02	1.465000000000000036e+01	5.325999999999999801e+01	5.319919999999999760e+01	4.702109094476157480e+01
1.700000000000000000e+02	1.161999999999999922e+01	5.025999999999999801e+01	5.023890000000000100e+01	4.258951714708375391e+01
1.700000000000000000e+02	8.589999999999999858e+00	4.707000000000000028e+01	4.697910000000000252e+01	4.320838284235448867e+01
1.700000000000000000e+02	5.919999999999999929e+00	4.364999999999999858e+01	4.374649999999999750e+01	4.356674633412647779e+01
1.700000000000000000e+02	3.209999999999999964e+00	4.024000000000000199e+01	3.989419999999999789e+01	4.200194278891460442e+01
1.400000000000000000e+02	3.217000000000000171e+01	9.731999999999999318e+01	9.864570000000000505e+01	1.126139741687934190e+02
1.400000000000000000e+02	2.869000000000000128e+01	9.395000000000000284e+01	9.579210000000000491e+01	1.129527678961835733e+02
1.400000000000000000e+02	2.551000000000000156e+01	9.109999999999999432e+01	9.309550000000000125e+01	9.705596795452919423e+01
1.400000000000000000e+02	2.198000000000000043e+01	8.846999999999999886e+01	8.999020000000000152e+01	8.287180912939784605e+01
1.400000000000000000e+02	1.837000000000000099e+01	8.503000000000000114e+01	8.667589999999999861e+01	8.399586062393633767e+01
1.400000000000000000e+02	1.671000000000000085e+01	8.260999999999999943e+01	8.509919999999999618e+01	8.323231756084585697e+01
1.400000000000000000e+02	1.482000000000000028e+01	8.170000000000000284e+01	8.325910000000000366e+01	8.204387239608828963e+01
1.400000000000000000e+02	1.439000000000000057e+01	8.104999999999999716e+01	8.283339999999999748e+01	8.192519065680903623e+01
1.400000000000000000e+02	1.169999999999999929e+01	7.845999999999999375e+01	8.010590000000000543e+01	8.163752765354070107e+01
1.400000000000000000e+02	1.155000000000000071e+01	7.850000000000000000e+01	7.995029999999999859e+01	8.163387341537602993e+01
1.400000000000000000e+02	8.800000000000000711e+00	7.532999999999999829e+01	7.702750000000000341e+01	8.044981669831852855e+01
1.400000000000000000e+02	8.109999999999999432e+00	7.521999999999999886e+01	7.627150000000000318e+01	8.045875553630969534e+01
1.400000000000000000e+02	5.929999999999999716e+00	7.193000000000000682e+01	7.381640000000000157e+01	8.094018705837159189e+01
1.400000000000000000e+02	4.620000000000000107e+00	7.139000000000000057e+01	7.228789999999999338e+01	8.134150882482603606e+01
1.400000000000000000e+02	3.600000000000000089e+00	6.954000000000000625e+01	7.106709999999999638e+01	8.026358815906982613e+01
1.400000000000000000e+02	3.580000000000000071e+00	6.959000000000000341e+01	7.104290000000000305e+01	8.025974456607362129e+01
1.400000000000000000e+02	1.020000000000000018e+00	6.773999999999999488e+01	6.784439999999999316e+01	8.091166883393145781e+01
1.200000000000000000e+02	2.967999999999999972e+01	1.356599999999999966e+02	1.354809999999999945e+02	1.933249310169097726e+02
1.200000000000000000e+02	2.608999999999999986e+01	1.320200000000000102e+02	1.314730000000000132e+02	1.940495740289430842e+02
1.200000000000000000e+02	2.289000000000000057e+01	1.269300000000000068e+02	1.278190000000000026e+02	1.701219805322919854e+02
1.200000000000000000e+02	1.855000000000000071e+01	1.218700000000000045e+02	1.227219999999999942e+02	1.515432406161308734e+02
1.200000000000000000e+02	1.497000000000000064e+01	1.173599999999999994e+02	1.183799999999999955e+02	1.381930177676227629e+02
1.200000000000000000e+02	1.185999999999999943e+01	1.125600000000000023e+02	1.144929999999999950e+02	1.278252099235806867e+02
1.200000000000000000e+02	1.007000000000000028e+01	1.109800000000000040e+02	1.122019999999999982e+02	1.284675546972325719e+02
1.200000000000000000e+02	8.289999999999999147e+00	1.090400000000000063e+02	1.098799999999999955e+02	1.241455298845334738e+02
1.200000000000000000e+02	6.490000000000000213e+00	1.054800000000000040e+02	1.074860000000000042e+02	1.212877662034384372e+02
1.200000000000000000e+02	4.730000000000000426e+00	1.030400000000000063e+02	1.050960000000000036e+02	1.147118530514553072e+02
1.200000000000000000e+02	3.009999999999999787e+00	1.016899999999999977e+02	1.027099999999999937e+02	1.049181686456119280e+02
1.200000000000000000e+02	1.189999999999999947e+00	9.948999999999999488e+01	1.001260000000000048e+02	1.053009313796433304e+02
1.000000000000000000e+02	3.132999999999999829e+01	2.184900000000000091e+02	2.230639999999999930e+02	2.194064214553844465e+02
1.000000000000000000e+02	2.910999999999999943e+01	2.154799999999999898e+02	2.181310000000000002e+02	2.203424032282104861e+02
1.000000000000000000e+02	2.767000000000000171e+01	2.121299999999999955e+02	2.149219999999999970e+02	2.206878037468943035e+02
1.000000000000000000e+02	2.687999999999999901e+01	2.107500000000000000e+02	2.131579999999999870e+02	2.208204658359537689e+02
1.000000000000000000e+02	2.526000000000000156e+01	2.068000000000000114e+02	2.095320000000000107e+02	2.099821661959177561e+02
1.000000000000000000e+02	2.405000000000000071e+01	2.055800000000000125e+02	2.068160000000000025e+02	2.023653989561943831e+02
1.000000000000000000e+02	2.333999999999999986e+01	2.036800000000000068e+02	2.052199999999999989e+02	2.024867260084544682e+02
1.000000000000000000e+02	2.205000000000000071e+01	2.015600000000000023e+02	2.023129999999999882e+02	2.019582057692045112e+02
1.000000000000000000e+02	2.042999999999999972e+01	1.984000000000000057e+02	1.986500000000000057e+02	1.775856400566343041e+02
1.000000000000000000e+02	1.853999999999999915e+01	1.939399999999999977e+02	1.943590000000000089e+02	1.677890481079022038e+02
1.000000000000000000e+02	1.655999999999999872e+01	1.900500000000000114e+02	1.898410000000000082e+02	1.687711820269121290e+02
1.000000000000000000e+02	1.259999999999999964e+01	1.819399999999999977e+02	1.807309999999999945e+02	1.576657474937130701e+02
1.000000000000000000e+02	9.869999999999999218e+00	1.743700000000000045e+02	1.743839999999999861e+02	1.487936741267714922e+02
1.000000000000000000e+02	9.410000000000000142e+00	1.759499999999999886e+02	1.733089999999999975e+02	1.476082863194266395e+02
1.000000000000000000e+02	7.379999999999999893e+00	1.695000000000000000e+02	1.685430000000000064e+02	1.370436468859294337e+02
1.000000000000000000e+02	5.900000000000000355e+00	1.693199999999999932e+02	1.650440000000000111e+02	1.323798240358205476e+02
1.000000000000000000e+02	3.299999999999999822e+00	1.616299999999999955e+02	1.588480000000000132e+02	1.215243549561640037e+02
1.000000000000000000e+02	2.330000000000000071e+00	1.626200000000000045e+02	1.565180000000000007e+02	1.211467908327904155e+02
1.000000000000000000e+02	1.800000000000000044e+00	1.599900000000000091e+02	1.552410000000000139e+02	1.217248740005820622e+02
1.000000000000000000e+02	1.000000000000000056e-01	1.347000000000000064e+01	1.511220000000000141e+02	1.402699641666548587e+02
9.900000000000000000e+01	1.000000000000000056e-01	1.343999999999999950e+01	1.548120000000000118e+02	1.402728612473702015e+02
1.044399999999999977e+02	1.000000000000000056e-01	1.370000000000000000e+02	1.364130000000000109e+02	1.301513042737191768e+02
1.044399999999999977e+02	6.899999999999999467e-01	1.375999999999999943e+02	1.376270000000000095e+02	1.289189647441984050e+02
1.044399999999999977e+02	1.379999999999999893e+00	1.384000000000000057e+02	1.390420000000000016e+02	1.288239236561718428e+02
1.044399999999999977e+02	2.069999999999999840e+00	1.393000000000000114e+02	1.404499999999999886e+02	1.287690240834736528e+02
1.044399999999999977e+02	2.759999999999999787e+00	1.403000000000000114e+02	1.418520000000000039e+02	1.286924124752972602e+02
1.044399999999999977e+02	3.450000000000000178e+00	1.411999999999999886e+02	1.432470000000000141e+02	1.296625572493497600e+02
1.044399999999999977e+02	4.139999999999999680e+00	1.423000000000000114e+02	1.446370000000000005e+02	1.295719626927854904e+02
1.044399999999999977e+02	5.519999999999999574e+00	1.445000000000000000e+02	1.474010000000000105e+02	1.398858958659655229e+02
1.044399999999999977e+02	6.900000000000000355e+00	1.470999999999999943e+02	1.501419999999999959e+02	1.416787578344330143e+02
1.044399999999999977e+02	8.619999999999999218e+00	1.506999999999999886e+02	1.535310000000000059e+02	1.482577746353604482e+02
1.044399999999999977e+02	1.033999999999999986e+01	1.546999999999999886e+02	1.568899999999999864e+02	1.459791964304293401e+02
1.044399999999999977e+02	1.207000000000000028e+01	1.580000000000000000e+02	1.602400000000000091e+02	1.443997663274427907e+02
1.044399999999999977e+02	1.378999999999999915e+01	1.635999999999999943e+02	1.635449999999999875e+02	1.676429057366274549e+02
1.044399999999999977e+02	1.723999999999999844e+01	1.734000000000000057e+02	1.701030000000000086e+02	1.790351137335411806e+02
1.044399999999999977e+02	2.067999999999999972e+01	1.839000000000000057e+02	1.765550000000000068e+02	1.919187420071108647e+02
1.044399999999999977e+02	2.757999999999999829e+01	2.061999999999999886e+02	1.892779999999999916e+02	2.229744330776521508e+02
1.044399999999999977e+02	3.446999999999999886e+01	2.285999999999999943e+02	2.017460000000000093e+02	2.209356218488555896e+02
1.044399999999999977e+02	4.136999999999999744e+01	2.510000000000000000e+02	2.140509999999999877e+02	2.172828856255369772e+02
1.044399999999999977e+02	4.825999999999999801e+01	2.720000000000000000e+02	2.262030000000000030e+02	2.154578097782413693e+02
1.044399999999999977e+02	5.515999999999999659e+01	2.940000000000000000e+02	2.382769999999999868e+02	2.120781403458010743e+02
1.377800000000000011e+02	6.899999999999999467e-01	1.470000000000000000e+02	7.035630000000000450e+01	1.368681511210120050e+02
1.377800000000000011e+02	1.379999999999999893e+00	1.478000000000000114e+02	7.124609999999999843e+01	1.368261526205307916e+02
1.377800000000000011e+02	2.069999999999999840e+00	1.485999999999999943e+02	7.212109999999999843e+01	1.367482506708878702e+02
1.377800000000000011e+02	2.759999999999999787e+00	1.494000000000000057e+02	7.298220000000000596e+01	1.364418988008413578e+02
1.377800000000000011e+02	3.450000000000000178e+00	1.503000000000000114e+02	7.382989999999999498e+01	1.351580798093999931e+02
1.377800000000000011e+02	4.139999999999999680e+00	1.511999999999999886e+02	7.466490000000000293e+01	1.349245553290648445e+02
1.377800000000000011e+02	5.519999999999999574e+00	1.531999999999999886e+02	7.629940000000000566e+01	1.433316280437894932e+02
1.377800000000000011e+02	6.900000000000000355e+00	1.554000000000000057e+02	7.788970000000000482e+01	1.444591944064763140e+02
1.377800000000000011e+02	8.619999999999999218e+00	1.584000000000000057e+02	7.981539999999999679e+01	1.525221769253205366e+02
1.377800000000000011e+02	1.033999999999999986e+01	1.616999999999999886e+02	8.168420000000000414e+01	1.514791477612990036e+02
1.377800000000000011e+02	1.207000000000000028e+01	1.633000000000000114e+02	8.351139999999999475e+01	1.518543894372327827e+02
1.377800000000000011e+02	1.378999999999999915e+01	1.690999999999999943e+02	8.528029999999999688e+01	1.555360518746606431e+02
1.377800000000000011e+02	1.723999999999999844e+01	1.774000000000000057e+02	8.869989999999999952e+01	1.681844249958053013e+02
1.377800000000000011e+02	2.067999999999999972e+01	1.860999999999999943e+02	9.195879999999999654e+01	1.784587909211971919e+02
1.377800000000000011e+02	2.757999999999999829e+01	2.049000000000000057e+02	9.811639999999999873e+01	2.213150210071643755e+02
1.377800000000000011e+02	3.446999999999999886e+01	2.240000000000000000e+02	1.038529999999999944e+02	2.215686383439764882e+02
1.377800000000000011e+02	4.136999999999999744e+01	2.430000000000000000e+02	1.092680000000000007e+02	2.182804957603174500e+02
1.377800000000000011e+02	4.825999999999999801e+01	2.610000000000000000e+02	1.144050000000000011e+02	2.160846168802262923e+02
1.377800000000000011e+02	5.515999999999999659e+01	2.800000000000000000e+02	1.193289999999999935e+02	2.136995344150018354e+02
