# Temperature (K)	Pressure (MPa)	Experimental(uPas)	NIST(uPas)	Model(uPas)
2.600000000000000000e+02	4.750000000000000000e+00	1.089600000000000080e+01	1.089070000000000071e+01	1.120768844766998029e+01
2.600000000000000000e+02	5.000000000000000000e+00	1.098799999999999955e+01	1.098070000000000057e+01	1.122282228808681026e+01
2.600000000000000000e+02	5.500000000000000000e+00	1.118200000000000038e+01	1.117329999999999934e+01	1.122374003740040216e+01
2.600000000000000000e+02	6.000000000000000000e+00	1.139400000000000013e+01	1.138330000000000020e+01	1.129859357148181687e+01
2.600000000000000000e+02	6.500000000000000000e+00	1.162299999999999933e+01	1.161180000000000057e+01	1.192944336207454548e+01
2.600000000000000000e+02	7.000000000000000000e+00	1.187100000000000044e+01	1.185989999999999966e+01	1.219597767606721561e+01
2.600000000000000000e+02	7.500000000000000000e+00	1.214100000000000001e+01	1.212829999999999941e+01	1.278087237185756742e+01
2.600000000000000000e+02	7.990000000000000213e+00	1.242800000000000082e+01	1.241189999999999927e+01	1.280763156274698034e+01
2.600000000000000000e+02	8.480000000000000426e+00	1.272600000000000087e+01	1.271630000000000038e+01	1.328218912618288172e+01
2.600000000000000000e+02	9.009999999999999787e+00	1.307199999999999918e+01	1.306930000000000014e+01	1.342543678168857646e+01
2.600000000000000000e+02	9.460000000000000853e+00	1.338899999999999935e+01	1.338819999999999943e+01	1.350953256735396302e+01
2.600000000000000000e+02	9.990000000000000213e+00	1.379100000000000037e+01	1.378589999999999982e+01	1.357508780041146146e+01
2.600000000000000000e+02	1.050000000000000000e+01	1.418500000000000050e+01	1.419030000000000058e+01	1.232260691073181569e+01
2.600000000000000000e+02	1.100999999999999979e+01	1.459699999999999953e+01	1.461430000000000007e+01	1.467727733508402466e+01
2.600000000000000000e+02	1.148000000000000043e+01	1.500399999999999956e+01	1.502089999999999925e+01	1.482261050385316992e+01
2.600000000000000000e+02	1.200999999999999979e+01	1.548199999999999932e+01	1.549510000000000076e+01	1.543474434320649991e+01
2.600000000000000000e+02	1.248000000000000043e+01	1.590300000000000047e+01	1.592719999999999914e+01	1.557761105234144239e+01
2.600000000000000000e+02	1.301999999999999957e+01	1.639600000000000080e+01	1.643430000000000035e+01	1.609140172619047249e+01
2.600000000000000000e+02	1.350000000000000000e+01	1.684600000000000009e+01	1.689179999999999993e+01	1.682812975000000222e+01
2.600000000000000000e+02	1.399000000000000021e+01	1.732600000000000051e+01	1.736289999999999978e+01	1.715739424358973508e+01
2.600000000000000000e+02	1.450000000000000000e+01	1.780000000000000071e+01	1.785529999999999973e+01	1.826174379353978949e+01
2.600000000000000000e+02	1.500999999999999979e+01	1.829200000000000159e+01	1.834740000000000038e+01	1.809073205086578895e+01
2.600000000000000000e+02	1.552999999999999936e+01	1.878600000000000136e+01	1.884690000000000154e+01	1.872954392857143091e+01
2.600000000000000000e+02	1.601000000000000156e+01	1.923999999999999844e+01	1.930450000000000088e+01	1.914583153571429008e+01
2.600000000000000000e+02	1.653999999999999915e+01	1.973499999999999943e+01	1.980460000000000065e+01	1.935261079151404928e+01
2.600000000000000000e+02	1.701999999999999957e+01	2.019200000000000017e+01	2.025199999999999889e+01	1.949818936813186099e+01
2.600000000000000000e+02	1.739000000000000057e+01	2.053200000000000003e+01	2.059280000000000044e+01	1.995757747130647175e+01
2.600000000000000000e+02	1.798999999999999844e+01	2.106200000000000117e+01	2.113759999999999906e+01	2.055216165079366064e+01
2.600000000000000000e+02	1.846999999999999886e+01	2.149599999999999866e+01	2.156599999999999895e+01	2.092268512698410632e+01
2.600000000000000000e+02	1.898999999999999844e+01	2.194300000000000139e+01	2.202260000000000062e+01	2.154114334523809760e+01
2.600000000000000000e+02	1.946999999999999886e+01	2.235900000000000176e+01	2.243680000000000163e+01	2.216068126190476661e+01
2.600000000000000000e+02	1.982000000000000028e+01	2.265200000000000102e+01	2.273460000000000036e+01	2.233647749999999021e+01
2.800000000000000000e+02	1.048000000000000043e+01	1.110699999999999932e+01	1.387749999999999950e+01	1.316856005828592657e+01
2.800000000000000000e+02	1.050000000000000000e+01	1.116200000000000081e+01	1.388879999999999981e+01	1.277027342569838275e+01
2.800000000000000000e+02	1.051999999999999957e+01	1.123499999999999943e+01	1.390019999999999989e+01	1.177116114487728460e+01
2.800000000000000000e+02	1.053999999999999915e+01	1.129499999999999993e+01	1.391150000000000020e+01	1.162114164323877574e+01
2.800000000000000000e+02	1.055000000000000071e+01	1.136800000000000033e+01	1.391719999999999935e+01	1.157616200974061726e+01
2.800000000000000000e+02	1.056000000000000050e+01	1.143999999999999950e+01	1.392290000000000028e+01	1.160229641268096046e+01
2.800000000000000000e+02	1.057000000000000028e+01	1.151399999999999935e+01	1.392859999999999943e+01	1.157308717532317210e+01
2.800000000000000000e+02	1.058999999999999986e+01	1.167600000000000016e+01	1.393999999999999950e+01	1.173825702183945019e+01
2.800000000000000000e+02	1.059999999999999964e+01	1.184500000000000064e+01	1.394570000000000043e+01	1.176016906595477352e+01
2.800000000000000000e+02	1.061999999999999922e+01	1.202699999999999925e+01	1.395710000000000051e+01	1.179845850334601209e+01
2.800000000000000000e+02	1.066000000000000014e+01	1.221799999999999997e+01	1.398000000000000043e+01	1.242449608456933419e+01
2.800000000000000000e+02	1.069999999999999929e+01	1.242099999999999937e+01	1.400300000000000011e+01	1.257188851425672915e+01
2.800000000000000000e+02	1.074000000000000021e+01	1.262700000000000067e+01	1.402599999999999980e+01	1.321622445388324252e+01
2.800000000000000000e+02	1.078999999999999915e+01	1.287500000000000000e+01	1.405499999999999972e+01	1.340399625469208367e+01
2.800000000000000000e+02	1.083000000000000007e+01	1.310500000000000043e+01	1.407820000000000071e+01	1.304994831041250514e+01
2.800000000000000000e+02	1.089000000000000057e+01	1.336100000000000065e+01	1.411320000000000086e+01	1.337369329226091885e+01
2.800000000000000000e+02	1.093999999999999950e+01	1.362500000000000000e+01	1.414240000000000030e+01	1.375032126665237620e+01
2.800000000000000000e+02	1.099000000000000021e+01	1.390199999999999925e+01	1.417179999999999929e+01	1.442105851595330002e+01
2.800000000000000000e+02	1.105000000000000071e+01	1.418999999999999950e+01	1.420720000000000027e+01	1.441941518032945702e+01
2.800000000000000000e+02	1.150000000000000000e+01	1.448199999999999932e+01	1.447770000000000046e+01	1.457958835192658142e+01
2.800000000000000000e+02	1.200000000000000000e+01	1.479499999999999993e+01	1.478829999999999956e+01	1.488844854008767982e+01
2.800000000000000000e+02	1.248000000000000043e+01	1.509800000000000075e+01	1.509580000000000055e+01	1.530365134955980189e+01
2.800000000000000000e+02	1.300000000000000000e+01	1.543999999999999950e+01	1.543820000000000014e+01	1.571851347383655551e+01
2.800000000000000000e+02	1.350000000000000000e+01	1.576600000000000001e+01	1.577560000000000073e+01	1.595100867556683433e+01
2.800000000000000000e+02	1.392999999999999972e+01	1.605900000000000105e+01	1.607150000000000034e+01	1.590752690213547105e+01
2.800000000000000000e+02	1.447000000000000064e+01	1.643100000000000094e+01	1.644940000000000069e+01	1.643120658808601675e+01
2.800000000000000000e+02	1.500000000000000000e+01	1.680699999999999861e+01	1.682600000000000051e+01	1.667692557398721576e+01
2.800000000000000000e+02	1.550000000000000000e+01	1.716700000000000159e+01	1.718540000000000134e+01	1.705022612567373841e+01
2.800000000000000000e+02	1.600000000000000000e+01	1.752299999999999969e+01	1.754769999999999897e+01	1.710234910031812561e+01
2.800000000000000000e+02	1.651000000000000156e+01	1.787699999999999889e+01	1.791929999999999978e+01	1.753448058930489850e+01
2.800000000000000000e+02	1.700000000000000000e+01	1.824699999999999989e+01	1.827740000000000009e+01	1.801894635050725313e+01
2.800000000000000000e+02	1.750000000000000000e+01	1.859600000000000009e+01	1.864310000000000045e+01	1.839943677010007050e+01
2.800000000000000000e+02	1.798999999999999844e+01	1.896099999999999852e+01	1.900110000000000099e+01	1.845632744271911463e+01
2.800000000000000000e+02	1.851000000000000156e+01	1.933099999999999952e+01	1.937989999999999924e+01	1.937705098638318901e+01
2.800000000000000000e+02	1.901000000000000156e+01	1.968599999999999994e+01	1.974249999999999972e+01	1.971028448804818822e+01
2.800000000000000000e+02	1.946999999999999886e+01	2.000600000000000023e+01	2.007430000000000092e+01	1.995955732246377323e+01
2.800000000000000000e+02	1.983999999999999986e+01	2.026800000000000068e+01	2.033970000000000056e+01	2.015529978571429126e+01
3.000000000000000000e+02	4.750000000000000000e+00	1.200099999999999945e+01	1.200370000000000026e+01	1.221136171046840957e+01
3.000000000000000000e+02	4.990000000000000213e+00	1.206400000000000006e+01	1.206460000000000043e+01	1.221862786571150927e+01
3.000000000000000000e+02	5.490000000000000213e+00	1.219699999999999918e+01	1.219710000000000072e+01	1.240788419687871347e+01
3.000000000000000000e+02	5.969999999999999751e+00	1.233200000000000074e+01	1.233159999999999989e+01	1.248162023264236353e+01
3.000000000000000000e+02	6.469999999999999751e+00	1.248199999999999932e+01	1.247940000000000005e+01	1.257846279595405115e+01
3.000000000000000000e+02	7.000000000000000000e+00	1.264799999999999969e+01	1.264470000000000027e+01	1.267582348668727654e+01
3.000000000000000000e+02	7.500000000000000000e+00	1.281300000000000061e+01	1.280910000000000082e+01	1.301640415596997435e+01
3.000000000000000000e+02	7.980000000000000426e+00	1.297899999999999920e+01	1.297450000000000081e+01	1.312931304017726220e+01
3.000000000000000000e+02	8.460000000000000853e+00	1.315499999999999936e+01	1.314760000000000062e+01	1.345449987630168565e+01
3.000000000000000000e+02	9.000000000000000000e+00	1.335699999999999932e+01	1.335120000000000040e+01	1.358443265971362202e+01
3.000000000000000000e+02	9.500000000000000000e+00	1.355400000000000027e+01	1.354829999999999934e+01	1.372554604720849802e+01
3.000000000000000000e+02	9.990000000000000213e+00	1.375500000000000078e+01	1.374920000000000009e+01	1.379568089290543220e+01
3.000000000000000000e+02	1.049000000000000021e+01	1.396799999999999997e+01	1.396209999999999951e+01	1.330406018918768929e+01
3.000000000000000000e+02	1.094999999999999929e+01	1.417200000000000060e+01	1.416479999999999961e+01	1.394959231682918421e+01
3.000000000000000000e+02	1.150999999999999979e+01	1.442600000000000016e+01	1.442019999999999946e+01	1.462467138683513213e+01
3.000000000000000000e+02	1.200000000000000000e+01	1.465799999999999947e+01	1.465109999999999957e+01	1.497130659785720042e+01
3.000000000000000000e+02	1.250000000000000000e+01	1.489799999999999969e+01	1.489370000000000083e+01	1.518458371978674926e+01
3.000000000000000000e+02	1.298000000000000043e+01	1.513499999999999979e+01	1.513269999999999982e+01	1.542826595458118177e+01
3.000000000000000000e+02	1.346000000000000085e+01	1.538000000000000078e+01	1.537739999999999974e+01	1.567016622903464373e+01
3.000000000000000000e+02	1.401999999999999957e+01	1.567200000000000060e+01	1.566960000000000086e+01	1.587068838549733485e+01
3.000000000000000000e+02	1.451999999999999957e+01	1.593900000000000006e+01	1.593619999999999948e+01	1.607527493292436915e+01
3.000000000000000000e+02	1.497000000000000064e+01	1.617800000000000082e+01	1.618019999999999925e+01	1.627326742664883596e+01
3.000000000000000000e+02	1.548000000000000043e+01	1.645700000000000074e+01	1.646109999999999829e+01	1.675748034443340728e+01
3.000000000000000000e+02	1.596000000000000085e+01	1.671799999999999997e+01	1.672909999999999897e+01	1.680253539900440884e+01
3.000000000000000000e+02	1.646999999999999886e+01	1.700300000000000011e+01	1.701729999999999876e+01	1.700122448777768369e+01
3.000000000000000000e+02	1.698000000000000043e+01	1.729599999999999937e+01	1.730849999999999866e+01	1.716487739354372621e+01
3.000000000000000000e+02	1.748000000000000043e+01	1.757999999999999829e+01	1.759639999999999915e+01	1.754352813849473591e+01
3.000000000000000000e+02	1.796000000000000085e+01	1.785999999999999943e+01	1.787460000000000093e+01	1.772251789881993744e+01
3.000000000000000000e+02	1.846999999999999886e+01	1.815099999999999980e+01	1.817170000000000130e+01	1.807190269303280417e+01
3.000000000000000000e+02	1.894000000000000128e+01	1.842000000000000171e+01	1.844650000000000034e+01	1.804365234355511660e+01
3.000000000000000000e+02	1.951999999999999957e+01	1.875499999999999901e+01	1.878640000000000043e+01	1.866820346506272088e+01
3.000000000000000000e+02	2.003000000000000114e+01	1.904799999999999827e+01	1.908559999999999945e+01	1.893733645039684177e+01
3.200000000000000000e+02	4.750000000000000000e+00	1.256400000000000006e+01	1.256930000000000014e+01	1.268954994119768820e+01
3.200000000000000000e+02	5.000000000000000000e+00	1.261999999999999922e+01	1.262509999999999977e+01	1.270421783259284609e+01
3.200000000000000000e+02	5.490000000000000213e+00	1.273399999999999999e+01	1.273859999999999992e+01	1.274047646248195775e+01
3.200000000000000000e+02	6.000000000000000000e+00	1.285899999999999999e+01	1.286250000000000071e+01	1.284088533111332886e+01
3.200000000000000000e+02	6.490000000000000213e+00	1.298700000000000010e+01	1.298719999999999963e+01	1.283255148746922636e+01
3.200000000000000000e+02	7.000000000000000000e+00	1.312500000000000000e+01	1.312289999999999957e+01	1.299697963156610037e+01
3.200000000000000000e+02	7.480000000000000426e+00	1.325699999999999967e+01	1.325619999999999976e+01	1.305461890650687984e+01
3.200000000000000000e+02	8.009999999999999787e+00	1.341000000000000014e+01	1.340949999999999953e+01	1.316569452038688937e+01
3.200000000000000000e+02	8.490000000000000213e+00	1.356000000000000050e+01	1.355410000000000004e+01	1.344197463202808862e+01
3.200000000000000000e+02	8.990000000000000213e+00	1.371499999999999986e+01	1.371039999999999992e+01	1.351495346559690169e+01
3.200000000000000000e+02	9.500000000000000000e+00	1.388000000000000078e+01	1.387570000000000014e+01	1.366325260320613744e+01
3.200000000000000000e+02	1.000000000000000000e+01	1.405100000000000016e+01	1.404349999999999987e+01	1.380758747211319815e+01
3.200000000000000000e+02	1.049000000000000021e+01	1.422100000000000009e+01	1.421340000000000003e+01	1.340719540238617746e+01
3.200000000000000000e+02	1.100000000000000000e+01	1.440099999999999980e+01	1.439579999999999949e+01	1.434229948749962347e+01
3.200000000000000000e+02	1.150000000000000000e+01	1.458600000000000030e+01	1.458009999999999984e+01	1.459036693843776611e+01
3.200000000000000000e+02	1.186999999999999922e+01	1.473300000000000054e+01	1.471979999999999933e+01	1.480513713239431439e+01
3.200000000000000000e+02	1.248000000000000043e+01	1.496599999999999930e+01	1.495620000000000083e+01	1.521932801793793644e+01
3.200000000000000000e+02	1.298000000000000043e+01	1.516799999999999926e+01	1.515540000000000020e+01	1.535560826633571629e+01
3.200000000000000000e+02	1.350000000000000000e+01	1.537899999999999956e+01	1.536739999999999995e+01	1.568588279158583454e+01
3.200000000000000000e+02	1.400000000000000000e+01	1.558900000000000041e+01	1.557579999999999920e+01	1.576429682514398500e+01
3.200000000000000000e+02	1.450000000000000000e+01	1.580199999999999960e+01	1.578839999999999932e+01	1.604729367866782397e+01
3.200000000000000000e+02	1.500000000000000000e+01	1.601000000000000156e+01	1.600499999999999901e+01	1.633101800998803199e+01
3.200000000000000000e+02	1.550000000000000000e+01	1.623199999999999932e+01	1.622510000000000119e+01	1.669041187204215859e+01
3.200000000000000000e+02	1.601999999999999957e+01	1.646399999999999864e+01	1.645779999999999887e+01	1.679057222388820136e+01
3.200000000000000000e+02	1.653000000000000114e+01	1.670400000000000063e+01	1.668919999999999959e+01	1.718569947530258801e+01
3.200000000000000000e+02	1.703999999999999915e+01	1.692800000000000082e+01	1.692360000000000042e+01	1.715097603575416940e+01
3.200000000000000000e+02	1.753999999999999915e+01	1.715899999999999892e+01	1.715599999999999881e+01	1.755627676744812860e+01
3.200000000000000000e+02	1.801000000000000156e+01	1.738400000000000034e+01	1.737650000000000006e+01	1.757919094482630484e+01
3.200000000000000000e+02	1.851999999999999957e+01	1.762199999999999989e+01	1.761789999999999878e+01	1.784841084403820233e+01
3.200000000000000000e+02	1.901999999999999957e+01	1.785999999999999943e+01	1.785630000000000095e+01	1.786905445066046028e+01
3.200000000000000000e+02	1.950000000000000000e+01	1.809199999999999875e+01	1.808660000000000068e+01	1.842468862393162965e+01
3.200000000000000000e+02	1.992999999999999972e+01	1.829299999999999926e+01	1.829400000000000048e+01	1.845707304330392517e+01
3.400000000000000000e+02	4.740000000000000213e+00	1.312100000000000044e+01	1.313059999999999938e+01	1.340767862698196566e+01
3.400000000000000000e+02	4.919999999999999929e+00	1.315700000000000003e+01	1.316649999999999920e+01	1.340563093270128725e+01
3.400000000000000000e+02	5.500000000000000000e+00	1.327500000000000036e+01	1.328580000000000005e+01	1.357878900007164269e+01
3.400000000000000000e+02	5.990000000000000213e+00	1.338000000000000078e+01	1.339119999999999955e+01	1.383538963981625969e+01
3.400000000000000000e+02	6.469999999999999751e+00	1.349200000000000088e+01	1.349849999999999994e+01	1.367632486747284304e+01
3.400000000000000000e+02	7.009999999999999787e+00	1.361800000000000033e+01	1.362410000000000032e+01	1.378849462985482610e+01
3.400000000000000000e+02	7.480000000000000426e+00	1.373700000000000010e+01	1.373760000000000048e+01	1.383069110080228903e+01
3.400000000000000000e+02	7.940000000000000391e+00	1.384999999999999964e+01	1.385239999999999938e+01	1.393672566848469785e+01
3.400000000000000000e+02	8.009999999999999787e+00	1.386899999999999977e+01	1.387020000000000053e+01	1.400824496419342324e+01
3.400000000000000000e+02	8.490000000000000213e+00	1.399600000000000044e+01	1.399460000000000015e+01	1.434589060370694291e+01
3.400000000000000000e+02	9.000000000000000000e+00	1.413199999999999967e+01	1.413109999999999999e+01	1.434975315066882473e+01
3.400000000000000000e+02	9.500000000000000000e+00	1.427200000000000024e+01	1.426919999999999966e+01	1.436140191206899530e+01
3.400000000000000000e+02	9.990000000000000213e+00	1.441399999999999970e+01	1.440869999999999962e+01	1.440799154340940014e+01
3.400000000000000000e+02	1.047000000000000064e+01	1.455700000000000038e+01	1.454920000000000080e+01	1.448546999062738294e+01
3.400000000000000000e+02	1.099000000000000021e+01	1.471499999999999986e+01	1.470570000000000022e+01	1.470270057028348276e+01
3.400000000000000000e+02	1.149000000000000021e+01	1.487299999999999933e+01	1.486020000000000074e+01	1.478425000651962051e+01
3.400000000000000000e+02	1.188000000000000078e+01	1.499399999999999977e+01	1.498349999999999937e+01	1.487952866669196972e+01
3.400000000000000000e+02	1.250000000000000000e+01	1.519699999999999918e+01	1.518420000000000059e+01	1.534467172779996957e+01
3.400000000000000000e+02	1.297000000000000064e+01	1.535599999999999987e+01	1.534009999999999962e+01	1.549693741411284265e+01
3.400000000000000000e+02	1.350000000000000000e+01	1.553700000000000081e+01	1.551970000000000027e+01	1.566646786907291222e+01
3.400000000000000000e+02	1.400999999999999979e+01	1.572199999999999953e+01	1.569619999999999926e+01	1.574802366283625865e+01
3.400000000000000000e+02	1.450000000000000000e+01	1.589499999999999957e+01	1.586890000000000001e+01	1.603318483873130873e+01
3.400000000000000000e+02	1.500999999999999979e+01	1.607600000000000051e+01	1.605189999999999984e+01	1.629388380815894521e+01
3.400000000000000000e+02	1.600000000000000000e+01	1.644000000000000128e+01	1.641580000000000084e+01	1.678127750671262675e+01
3.400000000000000000e+02	1.701999999999999957e+01	1.682600000000000051e+01	1.680150000000000077e+01	1.711084016883409475e+01
3.400000000000000000e+02	1.798999999999999844e+01	1.720200000000000173e+01	1.717729999999999890e+01	1.755630134622439442e+01
3.400000000000000000e+02	1.901999999999999957e+01	1.761100000000000065e+01	1.758449999999999847e+01	1.786477536093464380e+01
3.400000000000000000e+02	2.008999999999999986e+01	1.803900000000000148e+01	1.801490000000000080e+01	1.841710586212235512e+01
3.400000000000000000e+02	2.098999999999999844e+01	1.840899999999999892e+01	1.838159999999999883e+01	1.843147873614212529e+01
3.400000000000000000e+02	2.198999999999999844e+01	1.882000000000000028e+01	1.879289999999999949e+01	1.896041609942836104e+01
3.400000000000000000e+02	2.294999999999999929e+01	1.921900000000000119e+01	1.919059999999999988e+01	1.940333431818181964e+01
3.400000000000000000e+02	2.387999999999999901e+01	1.960300000000000153e+01	1.957770000000000010e+01	1.957006552023999291e+01
3.400000000000000000e+02	2.496000000000000085e+01	2.005399999999999849e+01	2.002840000000000131e+01	1.999404414762869919e+01
3.400000000000000000e+02	2.596000000000000085e+01	2.047899999999999920e+01	2.044600000000000151e+01	2.068413680194804272e+01
3.400000000000000000e+02	2.694999999999999929e+01	2.088800000000000168e+01	2.085889999999999844e+01	2.060632210569985645e+01
3.400000000000000000e+02	2.780000000000000071e+01	2.124399999999999977e+01	2.121249999999999858e+01	2.090120359218558832e+01
3.400000000000000000e+02	2.876999999999999957e+01	2.164699999999999847e+01	2.161469999999999914e+01	2.115459955158728889e+01
3.600000000000000000e+02	4.750000000000000000e+00	1.367200000000000060e+01	1.369079999999999941e+01	1.373647056601731542e+01
3.600000000000000000e+02	5.000000000000000000e+00	1.371499999999999986e+01	1.373620000000000019e+01	1.386154146431510092e+01
3.600000000000000000e+02	5.500000000000000000e+00	1.380599999999999916e+01	1.382949999999999946e+01	1.388911283810831243e+01
3.600000000000000000e+02	6.009999999999999787e+00	1.390600000000000058e+01	1.392830000000000013e+01	1.401405742007480981e+01
3.600000000000000000e+02	6.500000000000000000e+00	1.400399999999999956e+01	1.402660000000000018e+01	1.396537537696508302e+01
3.600000000000000000e+02	7.000000000000000000e+00	1.411299999999999955e+01	1.413030000000000008e+01	1.397172959245251000e+01
3.600000000000000000e+02	7.500000000000000000e+00	1.421700000000000053e+01	1.423739999999999917e+01	1.397525380545266671e+01
3.600000000000000000e+02	8.019999999999999574e+00	1.433300000000000018e+01	1.435239999999999938e+01	1.405091108912111153e+01
3.600000000000000000e+02	8.509999999999999787e+00	1.444999999999999929e+01	1.446419999999999995e+01	1.446643698140082002e+01
3.600000000000000000e+02	8.980000000000000426e+00	1.456099999999999994e+01	1.457440000000000069e+01	1.436768366908919070e+01
3.600000000000000000e+02	9.480000000000000426e+00	1.468399999999999928e+01	1.469490000000000052e+01	1.438487246889336646e+01
3.600000000000000000e+02	1.000000000000000000e+01	1.481400000000000006e+01	1.482370000000000054e+01	1.452608303756429819e+01
3.600000000000000000e+02	1.048000000000000043e+01	1.494100000000000072e+01	1.494560000000000066e+01	1.459366228749408556e+01
3.600000000000000000e+02	1.099000000000000021e+01	1.507600000000000051e+01	1.507840000000000025e+01	1.513974405447329019e+01
3.600000000000000000e+02	1.150000000000000000e+01	1.521299999999999919e+01	1.521439999999999948e+01	1.509065373870573623e+01
3.600000000000000000e+02	1.198000000000000043e+01	1.534600000000000009e+01	1.534529999999999994e+01	1.515890954057053541e+01
3.600000000000000000e+02	1.249000000000000021e+01	1.548700000000000010e+01	1.548729999999999940e+01	1.528581679499666279e+01
3.600000000000000000e+02	1.299000000000000021e+01	1.563199999999999967e+01	1.562950000000000017e+01	1.550711807741522996e+01
3.600000000000000000e+02	1.348000000000000043e+01	1.577800000000000047e+01	1.577149999999999963e+01	1.564068144924913639e+01
3.600000000000000000e+02	1.398000000000000043e+01	1.592699999999999960e+01	1.591910000000000025e+01	1.572299432394395780e+01
3.600000000000000000e+02	1.449000000000000021e+01	1.608200000000000074e+01	1.607239999999999824e+01	1.601036039282305623e+01
3.600000000000000000e+02	1.499000000000000021e+01	1.624099999999999966e+01	1.622510000000000119e+01	1.620134607847561270e+01
3.600000000000000000e+02	1.600000000000000000e+01	1.656200000000000117e+01	1.654090000000000060e+01	1.676039361810909156e+01
3.600000000000000000e+02	1.703999999999999915e+01	1.689699999999999847e+01	1.687539999999999907e+01	1.704484918033857710e+01
3.600000000000000000e+02	1.801999999999999957e+01	1.722200000000000131e+01	1.719849999999999923e+01	1.748215959134328301e+01
3.600000000000000000e+02	1.898999999999999844e+01	1.755000000000000071e+01	1.752479999999999905e+01	1.783874473921254733e+01
3.600000000000000000e+02	1.994000000000000128e+01	1.788200000000000145e+01	1.785010000000000119e+01	1.831208244039584798e+01
3.600000000000000000e+02	2.098000000000000043e+01	1.824800000000000111e+01	1.821160000000000068e+01	1.847076759193584294e+01
3.600000000000000000e+02	2.198000000000000043e+01	1.860500000000000043e+01	1.856390000000000029e+01	1.900862665625224679e+01
3.600000000000000000e+02	2.287999999999999901e+01	1.892999999999999972e+01	1.888400000000000034e+01	1.930452487218046542e+01
3.600000000000000000e+02	2.401999999999999957e+01	1.932799999999999940e+01	1.929289999999999949e+01	1.959793732399626620e+01
3.600000000000000000e+02	2.498999999999999844e+01	1.968900000000000006e+01	1.964320000000000022e+01	2.016149019047619717e+01
3.600000000000000000e+02	2.598000000000000043e+01	2.005199999999999960e+01	2.000209999999999866e+01	2.060790391422467493e+01
3.600000000000000000e+02	2.689999999999999858e+01	2.037999999999999901e+01	2.033650000000000091e+01	2.066317726923075426e+01
3.600000000000000000e+02	2.803000000000000114e+01	2.080000000000000071e+01	2.074769999999999825e+01	2.119923556349204929e+01
3.600000000000000000e+02	2.917999999999999972e+01	2.122500000000000142e+01	2.116610000000000014e+01	2.093127961904760070e+01
2.931499999999999773e+02	1.182000000000000028e+02	1.091999999999999993e+01	5.701370000000000005e+01	6.032311000000000689e+01
2.331500000000000057e+02	5.509999999999999787e+00	1.088000000000000078e+01	1.064509999999999934e+01	1.144365733207070690e+01
2.331500000000000057e+02	7.339999999999999858e+00	1.236100000000000065e+01	1.213690000000000069e+01	1.289005276393132426e+01
2.331500000000000057e+02	8.839999999999999858e+00	1.419699999999999918e+01	1.398969999999999914e+01	1.410788441134666904e+01
2.331500000000000057e+02	1.034999999999999964e+01	1.658099999999999952e+01	1.636510000000000176e+01	1.381112970395955308e+01
2.331500000000000057e+02	1.200999999999999979e+01	1.933200000000000074e+01	1.909390000000000143e+01	1.907237316666666516e+01
2.331500000000000057e+02	1.430000000000000071e+01	2.267899999999999849e+01	2.242549999999999955e+01	2.319458666666665891e+01
2.331500000000000057e+02	1.776000000000000156e+01	2.663100000000000023e+01	2.645370000000000132e+01	2.411816999999999922e+01
2.331500000000000057e+02	2.323000000000000043e+01	3.127799999999999869e+01	3.135480000000000089e+01	2.725310000000001764e+01
2.631499999999999773e+02	6.719999999999999751e+00	1.193999999999999950e+01	1.177069999999999972e+01	1.200749436619340571e+01
2.631499999999999773e+02	9.349999999999999645e+00	1.342200000000000060e+01	1.327420000000000044e+01	1.346040060875293598e+01
2.631499999999999773e+02	1.176999999999999957e+01	1.525000000000000000e+01	1.511989999999999945e+01	1.495865468483080285e+01
2.631499999999999773e+02	1.434999999999999964e+01	1.754599999999999937e+01	1.741339999999999932e+01	1.801529048051946802e+01
2.631499999999999773e+02	1.737999999999999901e+01	2.030799999999999983e+01	2.017099999999999937e+01	1.959573140259739432e+01
2.631499999999999773e+02	2.130000000000000071e+01	2.354700000000000060e+01	2.346059999999999945e+01	2.249287909523808437e+01
2.631499999999999773e+02	2.564000000000000057e+01	2.656800000000000139e+01	2.665530000000000044e+01	2.542898083333335890e+01
2.931499999999999773e+02	7.910000000000000142e+00	1.296599999999999930e+01	1.281559999999999988e+01	1.316849922266058925e+01
2.931499999999999773e+02	1.130000000000000071e+01	1.442800000000000082e+01	1.430240000000000045e+01	1.446790361336864628e+01
2.931499999999999773e+02	1.131000000000000050e+01	1.444200000000000017e+01	1.430739999999999945e+01	1.446395200694108318e+01
2.931499999999999773e+02	1.469999999999999929e+01	1.629299999999999926e+01	1.616939999999999955e+01	1.623608561254743421e+01
2.931499999999999773e+02	1.835000000000000142e+01	1.853500000000000014e+01	1.841479999999999961e+01	1.841235968310090243e+01
2.931499999999999773e+02	2.267999999999999972e+01	2.121099999999999852e+01	2.111820000000000164e+01	2.123721976190476823e+01
2.931499999999999773e+02	2.810999999999999943e+01	2.430399999999999849e+01	2.430580000000000140e+01	2.410416241666667148e+01
2.931499999999999773e+02	2.825000000000000000e+01	2.438200000000000145e+01	2.438410000000000011e+01	2.393053575000001132e+01
3.331499999999999773e+02	4.910000000000000142e+00	1.310599999999999987e+01	1.297320000000000029e+01	1.430954269552668912e+01
3.331499999999999773e+02	9.470000000000000639e+00	1.427899999999999991e+01	1.412030000000000030e+01	1.438419818908699632e+01
3.331499999999999773e+02	1.391000000000000014e+01	1.576800000000000068e+01	1.560319999999999929e+01	1.571910268656540133e+01
3.331499999999999773e+02	1.851999999999999957e+01	1.760800000000000054e+01	1.743609999999999971e+01	1.774069921922064808e+01
3.331499999999999773e+02	2.364999999999999858e+01	1.982900000000000063e+01	1.965520000000000067e+01	1.984693802489178438e+01
3.331499999999999773e+02	2.967000000000000171e+01	2.242800000000000082e+01	2.228280000000000172e+01	1.954480858333332094e+01
3.731499999999999773e+02	5.599999999999999645e+00	1.434600000000000009e+01	1.420299999999999940e+01	1.416003256586468950e+01
3.731499999999999773e+02	1.098000000000000043e+01	1.553100000000000058e+01	1.534140000000000015e+01	1.495526057139265674e+01
3.731499999999999773e+02	1.644000000000000128e+01	1.702799999999999869e+01	1.680679999999999907e+01	1.689064997849727945e+01
3.731499999999999773e+02	1.648000000000000043e+01	1.704700000000000060e+01	1.681850000000000023e+01	1.689052837000330598e+01
3.731499999999999773e+02	2.223000000000000043e+01	1.885399999999999920e+01	1.859990000000000165e+01	1.888870566788767036e+01
3.731499999999999773e+02	2.885000000000000142e+01	2.106700000000000017e+01	2.079309999999999903e+01	2.115023970238093298e+01
3.731499999999999773e+02	2.887999999999999901e+01	2.107900000000000063e+01	2.080310000000000059e+01	2.115934027380951576e+01
4.231499999999999773e+02	6.459999999999999964e+00	1.581199999999999939e+01	1.565859999999999985e+01	1.425373230352094112e+01
4.231499999999999773e+02	1.290000000000000036e+01	1.702299999999999969e+01	1.679530000000000101e+01	1.561141464872872042e+01
4.231499999999999773e+02	2.696000000000000085e+01	2.038400000000000034e+01	2.001490000000000080e+01	2.074812359523809846e+01
4.231499999999999773e+02	1.960000000000000142e+01	1.853399999999999892e+01	1.823620000000000019e+01	1.814419139380853352e+01
4.731499999999999773e+02	1.480000000000000071e+01	1.837900000000000134e+01	1.816809999999999903e+01	1.630444410364063756e+01
4.731499999999999773e+02	2.278999999999999915e+01	1.987199999999999989e+01	1.959840000000000160e+01	1.899560345779222814e+01
4.731499999999999773e+02	7.309999999999999609e+00	1.716499999999999915e+01	1.703559999999999874e+01	1.585654208333330573e+01
5.231499999999999773e+02	8.289999999999999147e+00	1.848199999999999932e+01	1.836199999999999832e+01	1.636181978571426754e+01
5.231499999999999773e+02	1.660999999999999943e+01	1.965599999999999881e+01	1.946239999999999881e+01	1.729320516883732139e+01
5.231499999999999773e+02	2.585999999999999943e+01	2.115399999999999991e+01	2.087659999999999982e+01	2.076137356410255208e+01
5.231499999999999773e+02	2.596000000000000085e+01	2.117699999999999960e+01	2.089270000000000138e+01	2.062510337179487507e+01
2.731000000000000227e+02	9.026000000000000512e+01	5.335000000000000142e+01	5.271320000000000050e+01	5.336332499999994639e+01
2.731000000000000227e+02	1.005999999999999943e+02	5.675000000000000000e+01	5.608469999999999800e+01	4.987873749999997841e+01
2.731000000000000227e+02	1.192000000000000028e+02	6.297999999999999687e+01	6.190899999999999892e+01	5.975923250000005282e+01
2.731000000000000227e+02	1.403000000000000114e+02	7.031999999999999318e+01	6.826670000000000016e+01	7.134449999999995384e+01
2.731000000000000227e+02	1.609000000000000057e+02	7.645999999999999375e+01	7.432189999999999941e+01	7.690179999999995175e+01
2.731000000000000227e+02	1.805000000000000000e+02	8.298000000000000398e+01	8.000960000000000605e+01	8.131230000000006441e+01
2.731000000000000227e+02	4.620000000000000107e+00	1.124000000000000021e+01	1.120899999999999963e+01	1.167010904206395772e+01
2.731000000000000227e+02	5.120000000000000107e+00	1.150999999999999979e+01	1.136660000000000004e+01	1.170124942156603787e+01
2.731000000000000227e+02	5.419999999999999929e+00	1.177999999999999936e+01	1.146710000000000029e+01	1.170544845123107436e+01
2.731000000000000227e+02	5.750000000000000000e+00	1.175000000000000000e+01	1.158290000000000042e+01	1.181364189156787070e+01
2.731000000000000227e+02	6.129999999999999893e+00	1.196000000000000085e+01	1.172330000000000005e+01	1.185670070675208265e+01
2.731000000000000227e+02	6.400000000000000355e+00	1.216999999999999993e+01	1.182779999999999987e+01	1.192783008328366634e+01
2.731000000000000227e+02	6.750000000000000000e+00	1.226999999999999957e+01	1.196920000000000073e+01	1.205609906296997202e+01
2.731000000000000227e+02	7.129999999999999893e+00	1.242999999999999972e+01	1.213049999999999962e+01	1.226979259994219973e+01
2.731000000000000227e+02	7.469999999999999751e+00	1.267999999999999972e+01	1.228190000000000026e+01	1.271384561859627382e+01
2.731000000000000227e+02	7.959999999999999964e+00	1.274000000000000021e+01	1.251190000000000069e+01	1.289060387758497939e+01
2.731000000000000227e+02	8.500000000000000000e+00	1.308999999999999986e+01	1.278190000000000026e+01	1.323746766127013785e+01
2.731000000000000227e+02	9.000000000000000000e+00	1.325999999999999979e+01	1.304729999999999990e+01	1.337085463305701438e+01
2.731000000000000227e+02	9.539999999999999147e+00	1.351999999999999957e+01	1.335079999999999956e+01	1.353867283952856759e+01
2.731000000000000227e+02	1.002999999999999936e+01	1.391999999999999993e+01	1.364090000000000025e+01	1.355384286972881469e+01
2.731000000000000227e+02	1.075000000000000000e+01	1.433000000000000007e+01	1.409210000000000029e+01	1.391871541749611652e+01
2.731000000000000227e+02	1.150000000000000000e+01	1.471000000000000085e+01	1.459140000000000015e+01	1.456367150992656256e+01
2.731000000000000227e+02	1.246000000000000085e+01	1.544999999999999929e+01	1.526970000000000027e+01	1.527671688066551425e+01
2.731000000000000227e+02	1.349000000000000021e+01	1.607000000000000028e+01	1.603750000000000142e+01	1.619512794749695672e+01
2.731000000000000227e+02	1.456000000000000050e+01	1.703999999999999915e+01	1.686659999999999826e+01	1.690862921942850505e+01
2.731000000000000227e+02	1.547000000000000064e+01	1.764999999999999858e+01	1.758689999999999998e+01	1.717963571578129844e+01
2.731000000000000227e+02	1.714000000000000057e+01	1.896999999999999886e+01	1.891920000000000002e+01	1.860271886183262424e+01
2.731000000000000227e+02	1.851999999999999957e+01	2.014999999999999858e+01	2.000900000000000034e+01	1.986895191383615966e+01
2.731000000000000227e+02	2.005000000000000071e+01	2.119999999999999929e+01	2.118840000000000146e+01	2.194570950000001019e+01
2.731000000000000227e+02	2.146999999999999886e+01	2.233999999999999986e+01	2.224820000000000064e+01	2.241045519047619550e+01
2.731000000000000227e+02	2.276999999999999957e+01	2.323000000000000043e+01	2.318629999999999924e+01	2.276233485714285010e+01
2.731000000000000227e+02	2.450000000000000000e+01	2.453000000000000114e+01	2.438670000000000115e+01	2.508941633333336085e+01
2.731000000000000227e+02	2.607000000000000028e+01	2.551000000000000156e+01	2.543009999999999948e+01	2.577403166666669065e+01
2.731000000000000227e+02	2.798000000000000043e+01	2.669000000000000128e+01	2.664430000000000121e+01	2.571228433333335772e+01
2.731000000000000227e+02	3.000000000000000000e+01	2.794999999999999929e+01	2.786840000000000117e+01	2.929559571666668560e+01
2.731000000000000227e+02	3.256000000000000227e+01	2.928000000000000114e+01	2.934120000000000061e+01	3.224495754999998809e+01
2.731000000000000227e+02	3.539999999999999858e+01	3.107999999999999829e+01	3.088629999999999853e+01	3.181098555000003358e+01
2.731000000000000227e+02	3.865999999999999659e+01	3.275999999999999801e+01	3.256269999999999953e+01	3.329789204999998020e+01
2.731000000000000227e+02	4.052000000000000313e+01	3.367000000000000171e+01	3.347930000000000206e+01	3.413917421666666741e+01
2.731000000000000227e+02	4.418999999999999773e+01	3.554999999999999716e+01	3.521540000000000248e+01	3.567290063333337002e+01
2.731000000000000227e+02	4.699000000000000199e+01	3.657000000000000028e+01	3.648369999999999891e+01	3.697969580000003731e+01
2.731000000000000227e+02	5.010999999999999943e+01	3.829999999999999716e+01	3.784779999999999944e+01	4.324184992554113904e+01
2.731000000000000227e+02	5.527000000000000313e+01	3.996999999999999886e+01	4.000750000000000028e+01	4.323984226190476221e+01
2.731000000000000227e+02	6.021999999999999886e+01	4.209000000000000341e+01	4.198490000000000322e+01	4.181845916666659946e+01
2.731499999999999773e+02	6.523999999999999488e+01	4.415999999999999659e+01	4.390279999999999916e+01	4.455594559523809295e+01
2.731499999999999773e+02	7.023999999999999488e+01	4.621000000000000085e+01	4.575730000000000075e+01	4.447652773809519999e+01
2.731499999999999773e+02	7.529999999999999716e+01	4.806000000000000227e+01	4.757780000000000342e+01	4.741944170634921818e+01
2.731499999999999773e+02	8.056999999999999318e+01	4.985999999999999943e+01	4.942260000000000275e+01	4.948780777777779605e+01
2.731499999999999773e+02	8.056999999999999318e+01	4.975000000000000000e+01	4.942260000000000275e+01	4.954645277777779455e+01
2.731499999999999773e+02	8.525000000000000000e+01	5.182000000000000028e+01	5.102300000000000324e+01	4.961809706349206550e+01
2.731499999999999773e+02	9.026999999999999602e+01	5.372999999999999687e+01	5.270530000000000115e+01	5.294560000000003441e+01
2.731499999999999773e+02	9.506000000000000227e+01	5.600000000000000000e+01	5.428130000000000166e+01	5.316070666666661282e+01
2.731499999999999773e+02	1.005900000000000034e+02	5.707999999999999829e+01	5.606980000000000075e+01	4.690936783333334148e+01
2.731499999999999773e+02	1.099899999999999949e+02	6.071999999999999886e+01	5.904540000000000077e+01	3.674578000000001055e+01
2.731499999999999773e+02	1.200900000000000034e+02	6.339000000000000057e+01	6.216899999999999693e+01	5.663890999999996723e+01
2.731499999999999773e+02	1.298700000000000045e+02	6.757999999999999829e+01	6.513649999999999807e+01	6.388549000000005407e+01
2.731499999999999773e+02	1.403300000000000125e+02	7.081999999999999318e+01	6.826210000000000377e+01	7.038778999999995278e+01
2.731499999999999773e+02	1.501200000000000045e+02	7.443000000000000682e+01	7.115290000000000248e+01	7.101509999999990441e+01
2.731499999999999773e+02	1.609399999999999977e+02	7.779000000000000625e+01	7.431910000000000593e+01	7.567050000000003251e+01
2.731499999999999773e+02	1.805099999999999909e+02	8.396999999999999886e+01	7.999720000000000653e+01	8.012229999999993879e+01
2.981499999999999773e+02	4.990000000000000213e+00	1.200999999999999979e+01	1.201309999999999967e+01	1.240691953418501470e+01
3.231499999999999773e+02	4.719999999999999751e+00	1.275000000000000000e+01	1.265179999999999971e+01	1.265410605208921879e+01
3.481499999999999773e+02	4.740000000000000213e+00	1.344999999999999929e+01	1.335890000000000022e+01	1.327091123739169376e+01
3.731499999999999773e+02	4.940000000000000391e+00	1.414000000000000057e+01	1.408670000000000044e+01	1.381945190294428194e+01
2.981499999999999773e+02	5.219999999999999751e+00	1.231000000000000050e+01	1.207390000000000008e+01	1.230033781102230428e+01
2.981499999999999773e+02	7.469999999999999751e+00	1.326999999999999957e+01	1.275910000000000011e+01	1.292018902255870216e+01
2.981499999999999773e+02	9.539999999999999147e+00	1.403999999999999915e+01	1.353950000000000031e+01	1.354876064789970691e+01
2.981499999999999773e+02	1.222000000000000064e+01	1.524000000000000021e+01	1.475869999999999926e+01	1.518836905324372921e+01
2.981499999999999773e+02	1.516999999999999993e+01	1.691000000000000014e+01	1.632740000000000080e+01	1.626090809426946748e+01
2.981499999999999773e+02	1.767000000000000171e+01	1.835000000000000142e+01	1.777530000000000143e+01	1.744872184508324864e+01
2.981499999999999773e+02	2.048999999999999844e+01	2.014999999999999858e+01	1.945680000000000121e+01	1.942102746626984100e+01
2.981499999999999773e+02	2.505999999999999872e+01	2.298000000000000043e+01	2.213449999999999918e+01	2.122427661111113650e+01
2.981499999999999773e+02	3.046999999999999886e+01	2.607000000000000028e+01	2.509329999999999927e+01	2.857595444444444155e+01
2.981499999999999773e+02	3.400999999999999801e+01	2.798000000000000043e+01	2.689089999999999847e+01	2.983432444444445153e+01
2.981499999999999773e+02	4.024000000000000199e+01	3.121999999999999886e+01	2.981899999999999906e+01	3.058887361904762514e+01
2.981499999999999773e+02	5.045000000000000284e+01	3.567999999999999972e+01	3.411399999999999721e+01	3.901074166666662535e+01
2.981499999999999773e+02	5.995000000000000284e+01	3.985000000000000142e+01	3.771410000000000196e+01	4.007464896825393197e+01
2.981499999999999773e+02	6.992000000000000171e+01	4.410000000000000142e+01	4.120969999999999800e+01	4.257092968253968479e+01
2.981499999999999773e+02	8.101999999999999602e+01	4.800999999999999801e+01	4.485949999999999704e+01	4.768784500000001003e+01
2.981499999999999773e+02	9.206000000000000227e+01	5.182000000000000028e+01	4.830680000000000263e+01	4.347718300000001079e+01
2.981499999999999773e+02	1.031500000000000057e+02	5.560999999999999943e+01	5.163510000000000133e+01	2.080164916666666741e+01
2.981499999999999773e+02	1.243499999999999943e+02	6.288000000000000256e+01	5.773910000000000053e+01	5.282279000000000480e+01
2.981499999999999773e+02	1.501200000000000045e+02	7.123000000000000398e+01	6.487800000000000011e+01	6.625286666666671920e+01
2.981499999999999773e+02	1.758799999999999955e+02	7.876000000000000512e+01	7.185890000000000555e+01	7.171581999999997947e+01
3.000000000000000000e+02	2.751999999999999957e+01	2.307999999999999829e+01	2.335269999999999868e+01	2.302571666666669614e+01
3.000000000000000000e+02	2.460999999999999943e+01	2.162999999999999901e+01	2.173809999999999931e+01	2.113993853968253589e+01
3.000000000000000000e+02	2.198000000000000043e+01	2.010999999999999943e+01	2.022640000000000171e+01	1.940004439792887680e+01
3.000000000000000000e+02	1.985999999999999943e+01	1.889000000000000057e+01	1.898590000000000089e+01	1.881994586139759207e+01
3.000000000000000000e+02	1.758999999999999986e+01	1.760000000000000142e+01	1.766000000000000014e+01	1.754089901401264839e+01
3.000000000000000000e+02	1.422000000000000064e+01	1.617000000000000171e+01	1.577570000000000050e+01	1.600120714946627132e+01
3.000000000000000000e+02	1.066000000000000014e+01	1.409999999999999964e+01	1.403630000000000067e+01	1.269020201340326537e+01
3.000000000000000000e+02	8.589999999999999858e+00	1.342999999999999972e+01	1.319570000000000043e+01	1.349180757989365453e+01
3.000000000000000000e+02	6.580000000000000071e+00	1.257000000000000028e+01	1.251290000000000013e+01	1.257014870098943504e+01
2.500000000000000000e+02	3.310999999999999943e+01	3.390999999999999659e+01	3.394069999999999965e+01	3.108207416666665779e+01
2.500000000000000000e+02	3.021000000000000085e+01	3.211999999999999744e+01	3.217759999999999820e+01	2.957074738095236555e+01
2.500000000000000000e+02	2.626000000000000156e+01	2.955999999999999872e+01	2.955949999999999989e+01	2.682504571428575346e+01
2.500000000000000000e+02	2.342999999999999972e+01	2.744000000000000128e+01	2.748079999999999856e+01	2.648828666666667075e+01
2.500000000000000000e+02	1.991000000000000014e+01	2.455000000000000071e+01	2.456940000000000168e+01	2.352501311904762460e+01
2.500000000000000000e+02	1.564000000000000057e+01	2.032999999999999829e+01	2.038090000000000046e+01	1.945801151010101293e+01
2.500000000000000000e+02	1.422000000000000064e+01	1.930000000000000071e+01	1.881240000000000023e+01	1.912569083333333708e+01
2.500000000000000000e+02	1.283000000000000007e+01	1.723999999999999844e+01	1.722500000000000142e+01	1.665934899999998464e+01
2.500000000000000000e+02	1.149000000000000021e+01	1.586999999999999922e+01	1.570909999999999940e+01	1.529239201131506043e+01
2.500000000000000000e+02	1.009999999999999964e+01	1.456000000000000050e+01	1.424629999999999974e+01	1.364308997953979841e+01
2.500000000000000000e+02	8.689999999999999503e+00	1.311999999999999922e+01	1.296560000000000024e+01	1.349706682679054914e+01
2.500000000000000000e+02	7.250000000000000000e+00	1.231000000000000050e+01	1.190930000000000000e+01	1.234482572563446645e+01
2.500000000000000000e+02	5.799999999999999822e+00	1.135999999999999943e+01	1.108970000000000056e+01	1.128180076728745007e+01
2.000000000000000000e+02	2.607000000000000028e+01	4.554999999999999716e+01	4.526389999999999958e+01	4.150031000000002024e+01
2.000000000000000000e+02	2.278999999999999915e+01	4.325999999999999801e+01	4.279449999999999932e+01	4.151085999999996545e+01
2.000000000000000000e+02	1.714999999999999858e+01	3.846999999999999886e+01	3.797549999999999670e+01	3.616412999999999300e+01
2.000000000000000000e+02	1.349000000000000021e+01	3.449000000000000199e+01	3.419839999999999947e+01	2.873996999999998536e+01
2.000000000000000000e+02	1.075000000000000000e+01	3.117999999999999972e+01	3.069660000000000011e+01	2.658159000000000205e+01
2.000000000000000000e+02	8.980000000000000426e+00	2.810999999999999943e+01	2.777929999999999922e+01	2.409810236363637515e+01
2.000000000000000000e+02	7.929999999999999716e+00	2.603000000000000114e+01	2.550240000000000151e+01	2.182165499999999980e+01
2.000000000000000000e+02	7.099999999999999645e+00	2.325000000000000000e+01	2.302070000000000149e+01	2.188894400000000928e+01
2.000000000000000000e+02	6.089999999999999858e+00	1.773000000000000043e+01	1.714389999999999858e+01	1.618166765384617278e+01
2.000000000000000000e+02	5.719999999999999751e+00	1.397000000000000064e+01	1.367660000000000053e+01	1.725217532051283342e+01
2.000000000000000000e+02	5.339999999999999858e+00	1.227999999999999936e+01	1.153180000000000049e+01	1.244833500000002502e+01
2.000000000000000000e+02	5.059999999999999609e+00	1.143999999999999950e+01	1.066189999999999927e+01	1.275401999999999347e+01
2.000000000000000000e+02	4.690000000000000391e+00	1.071000000000000085e+01	9.922000000000000597e+00	1.254154000000001545e+01
2.731499999999999773e+02	6.059999999999999609e+00	1.159699999999999953e+01	1.169800000000000040e+01	1.185159960363196241e+01
2.731499999999999773e+02	1.011999999999999922e+01	1.330799999999999983e+01	1.369539999999999935e+01	1.377495495336810727e+01
2.731499999999999773e+02	1.416999999999999993e+01	1.638100000000000023e+01	1.655880000000000152e+01	1.684484245705035477e+01
2.731499999999999773e+02	2.023999999999999844e+01	2.103999999999999915e+01	2.132659999999999911e+01	2.129459683333334397e+01
2.731499999999999773e+02	3.032000000000000028e+01	2.766300000000000026e+01	2.804960000000000164e+01	3.089188963203462279e+01
2.731499999999999773e+02	4.047999999999999687e+01	3.308599999999999852e+01	3.345150000000000290e+01	3.502898796536800319e+01
2.731499999999999773e+02	5.057000000000000028e+01	3.767999999999999972e+01	3.803589999999999804e+01	4.245204190476191997e+01
2.231500000000000057e+02	8.099999999999999645e+00	1.376500000000000057e+01	1.405160000000000053e+01	1.797688474570722050e+01
2.231500000000000057e+02	1.011999999999999922e+01	1.817500000000000071e+01	1.848440000000000083e+01	1.687518243868370149e+01
2.231500000000000057e+02	1.416999999999999993e+01	2.484799999999999898e+01	2.535470000000000113e+01	2.600291999999998893e+01
2.231500000000000057e+02	2.023000000000000043e+01	3.120299999999999940e+01	3.181230000000000047e+01	2.610619333333334424e+01
2.231500000000000057e+02	3.033999999999999986e+01	3.856799999999999784e+01	3.938060000000000116e+01	4.263257000000002961e+01
2.231500000000000057e+02	4.047999999999999687e+01	4.458299999999999841e+01	4.541129999999999711e+01	4.325608583333339396e+01
2.231500000000000057e+02	5.057999999999999829e+01	4.987500000000000000e+01	5.063750000000000284e+01	4.797837077777781900e+01
1.981500000000000057e+02	6.080000000000000071e+00	1.950600000000000023e+01	1.990980000000000061e+01	1.933608000000001681e+01
1.981500000000000057e+02	7.099999999999999645e+00	2.436199999999999832e+01	2.462419999999999831e+01	2.353340000000000742e+01
1.981500000000000057e+02	1.010999999999999943e+01	3.067899999999999849e+01	3.076139999999999830e+01	2.796460000000000079e+01
1.981500000000000057e+02	1.408000000000000007e+01	3.574199999999999733e+01	3.575930000000000319e+01	3.241334999999994437e+01
1.981500000000000057e+02	2.023000000000000043e+01	4.111500000000000199e+01	4.156629999999999825e+01	3.992138000000004894e+01
1.981500000000000057e+02	3.033999999999999986e+01	4.850500000000000256e+01	4.908279999999999887e+01	4.334186000000003958e+01
1.981500000000000057e+02	4.046000000000000085e+01	5.477300000000000324e+01	5.537469999999999715e+01	4.646729333333337308e+01
1.981500000000000057e+02	5.020000000000000284e+01	6.075500000000000256e+01	6.075469999999999970e+01	5.023865000000003533e+01
2.775899999999999750e+02	1.024099999999999966e+02	1.243800000000000061e+01	5.562599999999999767e+01	2.039063399999999149e+01
2.775899999999999750e+02	1.024099999999999966e+02	1.245899999999999963e+01	5.562599999999999767e+01	2.038203299999999274e+01
2.775899999999999750e+02	1.024099999999999966e+02	1.244500000000000028e+01	5.562599999999999767e+01	2.038777900000000187e+01
3.109300000000000068e+02	9.234999999999999432e+01	1.282300000000000040e+01	4.628110000000000213e+01	1.344665950000000265e+01
3.109300000000000068e+02	9.234999999999999432e+01	1.283500000000000085e+01	4.628110000000000213e+01	1.343921950000000187e+01
3.109300000000000068e+02	1.500099999999999909e+02	1.428700000000000081e+01	6.211730000000000018e+01	1.491175333333334052e+01
3.109300000000000068e+02	1.500099999999999909e+02	1.424900000000000055e+01	6.211730000000000018e+01	1.493683333333334140e+01
3.109300000000000068e+02	1.500000000000000000e+02	1.432799999999999940e+01	6.211460000000000292e+01	1.490936766666667879e+01
3.109300000000000068e+02	1.969799999999999898e+02	1.553599999999999959e+01	7.434329999999999927e+01	1.874804266666667374e+01
3.109300000000000068e+02	1.969799999999999898e+02	1.553599999999999959e+01	7.434329999999999927e+01	1.874804266666667374e+01
3.109300000000000068e+02	1.969799999999999898e+02	1.563400000000000034e+01	7.434329999999999927e+01	1.872074966666666285e+01
3.109300000000000068e+02	1.969799999999999898e+02	1.564199999999999946e+01	7.434329999999999927e+01	1.871813766666666368e+01
3.775899999999999750e+02	1.036700000000000017e+02	1.463899999999999935e+01	4.127859999999999729e+01	1.461742876190475471e+01
3.775899999999999750e+02	1.036800000000000068e+02	1.465799999999999947e+01	4.128090000000000259e+01	1.461356999999997264e+01
3.775899999999999750e+02	1.036800000000000068e+02	1.465600000000000058e+01	4.128090000000000259e+01	1.461506999999997980e+01
4.442599999999999909e+02	1.027399999999999949e+02	1.637699999999999889e+01	3.651180000000000092e+01	1.640205999999997388e+01
4.442599999999999909e+02	1.027699999999999960e+02	1.635699999999999932e+01	3.651760000000000161e+01	1.641425999999997032e+01
4.442599999999999909e+02	1.028100000000000023e+02	1.635800000000000054e+01	3.652530000000000143e+01	1.640599999999997749e+01
4.775899999999999750e+02	1.040400000000000063e+02	1.724200000000000088e+01	3.529950000000000188e+01	1.699002999999997954e+01
4.775899999999999750e+02	1.040799999999999983e+02	1.725300000000000011e+01	3.530649999999999977e+01	1.698331999999997421e+01
4.775899999999999750e+02	1.041299999999999955e+02	1.721399999999999864e+01	3.531539999999999679e+01	1.699563999999998387e+01
2.275900000000000034e+02	6.080000000000000071e+00	1.087500000000000000e+01	1.103040000000000020e+01	1.313876304906205483e+01
2.275900000000000034e+02	8.109999999999999432e+00	1.352800000000000047e+01	1.346950000000000003e+01	1.484305366669247483e+01
2.275900000000000034e+02	1.216000000000000014e+01	2.164099999999999824e+01	2.088670000000000115e+01	1.875823333333334730e+01
2.275900000000000034e+02	1.418999999999999950e+01	2.501300000000000168e+01	2.391169999999999973e+01	2.391227999999999554e+01
2.414799999999999898e+02	6.080000000000000071e+00	1.111700000000000088e+01	1.110469999999999935e+01	1.125322580719281262e+01
2.414799999999999898e+02	8.109999999999999432e+00	1.239000000000000057e+01	1.265639999999999965e+01	1.351879271664776994e+01
2.414799999999999898e+02	1.013000000000000078e+01	1.414400000000000013e+01	1.489959999999999951e+01	1.455008428855257385e+01
2.414799999999999898e+02	1.418999999999999950e+01	1.869200000000000017e+01	2.028760000000000119e+01	2.122971400000000486e+01
2.414799999999999898e+02	1.621000000000000085e+01	2.086499999999999844e+01	2.268609999999999971e+01	2.126509615079364579e+01
2.553700000000000045e+02	4.940000000000000391e+00	1.126399999999999935e+01	1.083880000000000088e+01	1.109206573729487388e+01
2.553700000000000045e+02	7.009999999999999787e+00	1.200999999999999979e+01	1.180749999999999922e+01	1.225480996353493346e+01
2.553700000000000045e+02	9.890000000000000568e+00	1.345400000000000063e+01	1.383120000000000083e+01	1.364956583723034811e+01
2.553700000000000045e+02	1.334999999999999964e+01	1.579899999999999949e+01	1.718370000000000175e+01	1.652196581746031256e+01
2.553700000000000045e+02	1.689000000000000057e+01	1.848699999999999832e+01	2.079429999999999978e+01	2.005253449999999305e+01
2.692599999999999909e+02	5.549999999999999822e+00	1.212299999999999933e+01	1.141639999999999944e+01	1.172123824604806863e+01
2.692599999999999909e+02	7.980000000000000426e+00	1.292300000000000004e+01	1.247729999999999961e+01	1.280218695086845138e+01
2.692599999999999909e+02	1.150000000000000000e+01	1.438400000000000034e+01	1.468570000000000064e+01	1.477998329495503604e+01
2.692599999999999909e+02	1.593999999999999950e+01	1.673100000000000165e+01	1.827400000000000091e+01	1.780035647381376762e+01
2.692599999999999909e+02	1.776000000000000156e+01	1.770899999999999963e+01	1.979380000000000095e+01	1.967119192277167627e+01
2.970400000000000205e+02	5.559999999999999609e+00	1.350399999999999956e+01	1.213729999999999976e+01	1.217166151849816202e+01
2.970400000000000205e+02	8.140000000000000568e+00	1.411899999999999977e+01	1.297470000000000034e+01	1.310692525939232134e+01
2.970400000000000205e+02	1.211999999999999922e+01	1.522199999999999953e+01	1.471069999999999922e+01	1.512677974136974868e+01
2.970400000000000205e+02	1.467999999999999972e+01	1.606599999999999895e+01	1.607450000000000045e+01	1.628120524278000048e+01
2.970400000000000205e+02	1.764999999999999858e+01	1.710000000000000142e+01	1.780720000000000169e+01	1.816695923387722900e+01
3.387099999999999795e+02	5.679999999999999716e+00	1.561999999999999922e+01	1.328919999999999924e+01	1.358073268253967925e+01
3.387099999999999795e+02	8.509999999999999787e+00	1.605499999999999972e+01	1.397059999999999924e+01	1.445958262913183034e+01
3.387099999999999795e+02	1.272000000000000064e+01	1.683099999999999952e+01	1.524029999999999951e+01	1.563134899646309073e+01
3.387099999999999795e+02	1.577999999999999936e+01	1.749599999999999866e+01	1.632959999999999923e+01	1.652795040281185379e+01
3.387099999999999795e+02	1.723000000000000043e+01	1.782700000000000173e+01	1.688400000000000034e+01	1.708193350603382399e+01
