Temperature (K)	Pressure (MPa)	Sound Spd (m/s)	Reference	Outlier
298.15	2.38	441.93	Douslin-1976	1
193.05	0.78	353.2	Douslin-1976	1
193.05	1.56	340.64	Douslin-1976	1
193.05	2.24	328.69	Douslin-1976	1
193.05	2.82	317.71	Douslin-1976	1
193.05	3.31	307.52	Douslin-1976	1
193.05	3.7	298.27	Douslin-1976	1
193.05	4.03	289.92	Douslin-1976	1
193.05	4.28	282.39	Douslin-1976	1
193.05	4.48	275.65	Douslin-1976	1
190.85	4.53	256.12	Douslin-1976	1
190.63	4.51	255.24	Douslin-1976	1
190.56	4.51	254.96	Douslin-1976	1
190.5	0.77	350.52	Douslin-1976	1
190.5	1.54	337.6	Douslin-1976	1
190.5	2.2	325.27	Douslin-1976	1
190.5	2.76	313.88	Douslin-1976	1
190.5	3.23	303.22	Douslin-1976	1
190.5	3.6	293.55	Douslin-1976	1
190.5	3.9	284.67	Douslin-1976	1
190.5	4.13	276.52	Douslin-1976	1
190.5	4.3	269.0	Douslin-1976	1
190.5	4.42	261.72	Douslin-1976	1
190.5	4.5	254.7	Douslin-1976	1
190.43	4.49	254.42	Douslin-1976	1
190.43	4.54	246.11	Douslin-1976	1
190.25	4.29	268.32	Douslin-1976	1
190.25	4.4	260.91	Douslin-1976	1
190.25	4.48	253.66	Douslin-1976	1
190.25	4.52	244.96	Douslin-1976	1
189.65	3.86	282.86	Douslin-1976	1
189.65	4.08	274.5	Douslin-1976	1
189.65	4.25	266.69	Douslin-1976	1
189.65	4.36	258.91	Douslin-1976	1
189.65	4.42	251.02	Douslin-1976	1
189.65	4.46	240.54	Douslin-1976	1
188.15	0.76	348.02	Douslin-1976	1
188.15	1.51	334.75	Douslin-1976	1
188.15	2.16	322.08	Douslin-1976	1
188.15	2.71	310.3	Douslin-1976	1
188.15	3.15	299.23	Douslin-1976	1
188.15	3.51	289.08	Douslin-1976	1
188.15	3.79	279.65	Douslin-1976	1
188.15	3.99	270.87	Douslin-1976	1
188.15	4.14	262.39	Douslin-1976	1
188.15	4.23	253.45	Douslin-1976	1
183.15	0.74	342.63	Douslin-1976	1
183.15	1.46	328.61	Douslin-1976	1
183.15	2.08	315.1	Douslin-1976	1
183.15	2.59	302.41	Douslin-1976	1
183.15	2.99	290.4	Douslin-1976	1
183.15	3.31	279.15	Douslin-1976	1
183.15	3.54	268.39	Douslin-1976	1
173.15	0.69	331.52	Douslin-1976	1
173.15	1.36	315.82	Douslin-1976	1
173.15	1.91	300.42	Douslin-1976	1
173.15	2.34	285.72	Douslin-1976	1
163.15	0.65	319.9	Douslin-1976	1
163.15	1.26	302.22	Douslin-1976	1
163.15	1.74	284.62	Douslin-1976	1
153.15	0.6	307.74	Douslin-1976	1
143.15	0.56	294.87	Douslin-1976	1
190.03	4.52	229.71	Douslin-1976	1
189.97	4.52	230.01	Douslin-1976	1
189.65	4.47	235.9	Douslin-1976	1
189.65	4.47	235.9	Douslin-1976	1
188.7	4.34	246.17	Douslin-1976	1
188.6	4.33	245.95	Douslin-1976	1
187.6	4.19	251.27	Douslin-1976	1
187.45	4.17	251.24	Douslin-1976	1
186.1	3.99	256.15	Douslin-1976	1
184.15	3.75	260.5	Douslin-1976	1
183.9	3.73	260.36	Douslin-1976	1
183.15	3.64	261.71	Douslin-1976	1
174.25	2.7	273.68	Douslin-1976	1
173.95	2.68	273.64	Douslin-1976	1
173.15	2.6	274.44	Douslin-1976	1
169.15	2.24	278.64	Douslin-1976	1
155.05	1.17	290.52	Douslin-1976	1
143.15	0.75	286.6	Douslin-1976	1
138.15	0.53	288.18	Douslin-1976	1
133.15	0.44	284.57	Douslin-1976	-1
123.15	0.24	279.9	Douslin-1976	-1
113.15	0.11	272.83	Douslin-1976	-1
189.65	4.47	259.03	Douslin-1976	1
189.65	4.47	259.71	Douslin-1976	1
183.15	3.64	434.92	Douslin-1976	1
183.15	3.64	435.02	Douslin-1976	1
173.15	2.61	610.01	Douslin-1976	1
155.44	1.32	854.36	Douslin-1976	1
143.15	0.75	1001.89	Douslin-1976	1
140.02	0.64	1037.59	Douslin-1976	1
133.15	0.44	1113.92	Douslin-1976	-1
123.15	0.24	1220.56	Douslin-1976	-1
113.15	0.12	1322.65	Douslin-1976	-1
150.0	0.95	918.7	Baidakov-1982	1
150.0	0.87	917.1	Baidakov-1982	1
150.0	0.76	914.4	Baidakov-1982	1
150.0	0.68	912.7	Baidakov-1982	1
150.0	0.56	910.0	Baidakov-1982	1
150.0	0.48	908.3	Baidakov-1982	1
150.0	0.29	903.7	Baidakov-1982	1
150.0	0.17	900.7	Baidakov-1982	1
150.0	0.1	899.2	Baidakov-1982	1
150.0	0.1	899.1	Baidakov-1982	1
155.0	1.15	855.5	Baidakov-1982	1
155.0	1.07	853.4	Baidakov-1982	1
155.0	0.95	850.3	Baidakov-1982	1
155.0	0.87	848.2	Baidakov-1982	1
155.0	0.76	845.1	Baidakov-1982	1
155.0	0.68	843.0	Baidakov-1982	1
155.0	0.48	837.3	Baidakov-1982	1
160.0	1.64	797.2	Baidakov-1982	1
160.0	1.54	793.8	Baidakov-1982	1
160.0	1.54	793.7	Baidakov-1982	1
160.0	1.46	791.5	Baidakov-1982	1
160.0	1.46	791.2	Baidakov-1982	1
160.0	1.44	790.8	Baidakov-1982	1
160.0	1.34	787.7	Baidakov-1982	1
160.0	1.27	785.3	Baidakov-1982	1
160.0	1.26	785.1	Baidakov-1982	1
160.0	1.19	782.6	Baidakov-1982	1
160.0	1.15	781.3	Baidakov-1982	1
160.0	1.07	778.4	Baidakov-1982	1
160.0	1.0	776.3	Baidakov-1982	1
160.0	0.95	774.7	Baidakov-1982	1
160.0	0.87	772.1	Baidakov-1982	1
160.0	0.87	771.8	Baidakov-1982	1
160.0	0.79	769.8	Baidakov-1982	1
163.0	1.74	753.9	Baidakov-1982	1
163.0	1.74	753.8	Baidakov-1982	1
163.0	1.66	751.1	Baidakov-1982	1
163.0	1.59	748.6	Baidakov-1982	1
163.0	1.54	746.7	Baidakov-1982	1
163.0	1.46	743.8	Baidakov-1982	1
163.0	1.4	741.6	Baidakov-1982	1
163.0	1.34	739.7	Baidakov-1982	1
163.0	1.26	737.1	Baidakov-1982	1
167.0	1.44	714.9	Baidakov-1982	1
167.0	2.04	698.9	Baidakov-1982	1
167.0	2.04	698.7	Baidakov-1982	1
167.0	1.97	695.8	Baidakov-1982	1
167.0	1.89	692.5	Baidakov-1982	1
167.0	1.85	690.8	Baidakov-1982	1
167.0	1.78	687.7	Baidakov-1982	1
167.0	1.62	680.4	Baidakov-1982	1
167.0	1.55	677.2	Baidakov-1982	1
167.0	1.53	676.5	Baidakov-1982	1
167.0	1.52	675.8	Baidakov-1982	1
167.0	1.46	673.1	Baidakov-1982	1
170.0	2.35	658.6	Baidakov-1982	1
170.0	2.28	655.0	Baidakov-1982	1
170.0	2.24	653.2	Baidakov-1982	1
170.0	2.2	651.0	Baidakov-1982	1
170.0	2.17	649.3	Baidakov-1982	1
170.0	2.16	649.1	Baidakov-1982	1
170.0	2.05	643.4	Baidakov-1982	1
170.0	1.94	637.5	Baidakov-1982	1
173.0	2.55	609.6	Baidakov-1982	1
173.0	2.51	607.3	Baidakov-1982	1
173.0	2.48	605.0	Baidakov-1982	1
173.0	2.44	602.6	Baidakov-1982	1
173.0	2.38	599.5	Baidakov-1982	1
173.0	2.36	597.9	Baidakov-1982	1
173.0	2.32	595.6	Baidakov-1982	1
173.0	2.28	593.7	Baidakov-1982	1
173.0	2.26	592.4	Baidakov-1982	1
177.0	2.94	544.9	Baidakov-1982	1
177.0	2.94	544.8	Baidakov-1982	1
177.0	2.9	541.7	Baidakov-1982	1
177.0	2.86	538.7	Baidakov-1982	1
177.0	2.83	536.1	Baidakov-1982	1
177.0	2.5	533.6	Baidakov-1982	1
177.0	2.77	531.1	Baidakov-1982	1
180.0	3.25	491.6	Baidakov-1982	1
180.0	3.23	488.8	Baidakov-1982	1
180.0	3.22	488.1	Baidakov-1982	1
180.0	3.18	483.7	Baidakov-1982	1
180.0	3.15	480.1	Baidakov-1982	1
183.0	3.61	436.3	Baidakov-1982	1
183.0	3.61	435.8	Baidakov-1982	1
183.0	3.6	434.2	Baidakov-1982	1
183.0	3.58	432.0	Baidakov-1982	1
183.0	3.58	430.5	Baidakov-1982	1
183.0	3.56	427.7	Baidakov-1982	1
183.0	3.54	424.4	Baidakov-1982	1
252.54	0.1	410.83	Quigley-1945	1
252.85	0.1	410.83	Quigley-1945	1
253.1	0.1	410.76	Quigley-1945	1
226.09	0.1	389.45	Quigley-1945	1
225.74	0.1	389.35	Quigley-1945	1
226.47	0.1	389.35	Quigley-1945	1
226.05	0.1	389.37	Quigley-1945	1
203.53	0.1	370.02	Quigley-1945	1
186.62	0.1	352.53	Quigley-1945	1
186.3	0.1	352.55	Quigley-1945	1
184.8	0.1	352.49	Quigley-1945	1
170.34	0.1	336.59	Quigley-1945	1
168.62	0.1	336.55	Quigley-1945	1
154.77	0.1	321.97	Quigley-1945	1
144.18	0.1	308.61	Quigley-1945	1
144.26	0.1	308.56	Quigley-1945	1
133.55	0.1	296.29	Quigley-1945	1
124.21	0.1	284.91	Quigley-1945	1
115.58	0.1	274.4	Quigley-1945	-1
140.03	0.65	1038.5	van Itterbeek-1967	1
274.15	0.1	429.2	Dixon-1921	1
374.15	0.1	487.4	Dixon-1921	1
474.15	0.1	540.0	Dixon-1921	-1
574.15	0.1	587.3	Dixon-1921	-1
674.15	0.1	630.8	Dixon-1921	-1
774.15	0.1	671.4	Dixon-1921	-1
874.15	0.1	709.2	Dixon-1921	-1
300.15	1.3	411.0	Cardamone-1970	1
300.15	1.55	417.0	Cardamone-1970	1
300.15	1.79	417.0	Cardamone-1970	1
300.15	2.03	417.0	Cardamone-1970	1
300.15	2.28	417.0	Cardamone-1970	1
300.15	2.52	423.0	Cardamone-1970	1
300.15	2.9	424.0	Cardamone-1970	1
300.15	3.0	420.0	Cardamone-1970	1
300.15	4.14	409.0	Cardamone-1970	-1
300.0	2.46	447.7	Straty-1975	1
240.0	3.53	380.3	Straty-1975	-1
240.0	3.42	380.3	Straty-1975	-1
240.0	2.12	389.7	Straty-1975	1
240.0	1.82	393.5	Straty-1975	1
210.0	4.42	326.0	Straty-1975	-1
210.0	2.3	352.2	Straty-1975	-1
255.0	4.38	394.47	Goodwin-1988	-1
255.0	3.61	397.74	Goodwin-1988	-1
255.0	2.7	402.22	Goodwin-1988	-1
255.0	1.75	407.26	Goodwin-1988	1
255.0	0.96	411.74	Goodwin-1988	1
255.0	0.23	416.07	Goodwin-1988	1
255.0	0.17	416.46	Goodwin-1988	1
255.0	0.1	415.89	Goodwin-1988	1
255.0	0.05	418.96	Goodwin-1988	-1
273.16	4.37	414.43	Goodwin-1988	-1
273.16	3.67	416.4	Goodwin-1988	-1
273.16	3.02	418.53	Goodwin-1988	-1
273.16	2.07	422.1	Goodwin-1988	1
273.16	1.58	424.09	Goodwin-1988	1
273.16	1.55	424.19	Goodwin-1988	1
273.16	1.0	426.6	Goodwin-1988	1
273.16	0.6	428.37	Goodwin-1988	-1
273.16	0.22	430.09	Goodwin-1988	1
300.0	4.09	440.29	Goodwin-1988	-1
300.0	3.39	441.42	Goodwin-1988	-1
300.0	2.63	442.93	Goodwin-1988	1
300.0	1.85	444.75	Goodwin-1988	1
300.0	1.14	466.65	Goodwin-1988	1
300.0	0.24	449.28	Goodwin-1988	-1
300.0	0.17	449.49	Goodwin-1988	1
300.0	0.1	449.69	Goodwin-1988	1
350.0	4.14	479.21	Goodwin-1988	-1
350.0	3.16	479.29	Goodwin-1988	-1
350.0	3.16	479.29	Goodwin-1988	-1
350.0	2.08	479.78	Goodwin-1988	-1
350.0	1.26	480.39	Goodwin-1988	-1
350.0	0.66	480.99	Goodwin-1988	-1
350.0	0.21	481.47	Goodwin-1988	-1
293.15	0.1	446.2	Terres-1957	1
293.15	0.98	444.0	Terres-1957	1
293.15	1.96	441.3	Terres-1957	1
293.15	2.94	439.2	Terres-1957	1
293.15	3.92	437.0	Terres-1957	-1
323.15	0.1	466.0	Terres-1957	1
323.15	0.98	464.3	Terres-1957	1
323.15	1.96	462.0	Terres-1957	1
323.15	2.94	460.4	Terres-1957	-1
323.15	3.92	459.8	Terres-1957	-1
348.15	0.1	482.0	Terres-1957	1
348.15	0.98	480.7	Terres-1957	1
348.15	1.96	479.5	Terres-1957	-1
348.15	2.94	478.9	Terres-1957	-1
348.15	3.92	478.3	Terres-1957	-1
373.15	0.1	496.8	Terres-1957	1
373.15	0.98	495.8	Terres-1957	-1
373.15	1.96	494.8	Terres-1957	-1
373.15	2.94	494.5	Terres-1957	-1
373.15	3.92	494.8	Terres-1957	-1
398.15	0.1	510.9	Terres-1957	-1
398.15	0.98	509.7	Terres-1957	-1
398.15	1.96	509.1	Terres-1957	-1
398.15	2.94	509.2	Terres-1957	-1
398.15	3.92	510.0	Terres-1957	-1
423.15	0.1	523.4	Terres-1957	-1
423.15	0.98	522.9	Terres-1957	-1
423.15	1.96	522.9	Terres-1957	-1
423.15	2.94	523.2	Terres-1957	-1
423.15	3.92	523.9	Terres-1957	-1
