Temperature (K)	Pressure (MPa)	Sound Spd (m/s)	Reference
323.15	24.6	574.27	Douslin-1976
298.15	5.63	437.14	Douslin-1976
298.15	10.49	444.61	Douslin-1976
298.15	15.2	474.5	Douslin-1976
298.15	19.42	518.25	Douslin-1976
298.15	20.7	533.88	Douslin-1976
273.15	16.18	478.36	Douslin-1976
248.15	12.82	430.91	Douslin-1976
223.15	9.32	371.56	Douslin-1976
198.15	5.7	282.59	Douslin-1976
193.05	4.63	269.52	Douslin-1976
193.05	4.73	264.17	Douslin-1976
193.05	4.81	258.94	Douslin-1976
193.05	4.86	254.08	Douslin-1976
193.05	4.9	249.85	Douslin-1976
193.05	4.92	246.74	Douslin-1976
193.05	4.95	245.67	Douslin-1976
193.05	4.96	246.82	Douslin-1976
193.05	4.97	247.51	Douslin-1976
193.05	4.99	253.1	Douslin-1976
193.05	5.02	263.07	Douslin-1976
191.45	4.59	258.44	Douslin-1976
191.45	4.65	251.75	Douslin-1976
191.45	4.68	244.53	Douslin-1976
191.45	4.7	236.83	Douslin-1976
191.45	4.72	229.47	Douslin-1976
191.45	4.72	224.5	Douslin-1976
191.45	4.73	223.72	Douslin-1976
191.45	4.73	224.11	Douslin-1976
191.45	4.74	229.21	Douslin-1976
191.45	4.75	240.22	Douslin-1976
298.15	100.0	1272.95	Kortbeek-1990
298.15	150.0	1534.0	Kortbeek-1990
298.15	200.0	1737.35	Kortbeek-1990
298.15	250.0	1906.53	Kortbeek-1990
298.15	300.0	2052.75	Kortbeek-1990
298.15	350.0	2182.31	Kortbeek-1990
298.15	400.0	2299.14	Kortbeek-1990
298.15	450.0	2405.88	Kortbeek-1990
298.15	500.0	2504.38	Kortbeek-1990
298.15	550.0	2596.04	Kortbeek-1990
298.15	600.0	2681.88	Kortbeek-1990
298.15	650.0	2762.71	Kortbeek-1990
298.15	700.0	2839.18	Kortbeek-1990
298.15	750.0	2911.82	Kortbeek-1990
298.15	800.0	2981.04	Kortbeek-1990
298.15	850.0	3047.22	Kortbeek-1990
298.15	900.0	3110.65	Kortbeek-1990
298.15	950.0	3171.59	Kortbeek-1990
298.15	1000.0	3230.26	Kortbeek-1990
273.15	100.0	1330.39	Kortbeek-1990
273.15	150.0	1586.05	Kortbeek-1990
273.15	200.0	1787.0	Kortbeek-1990
273.15	250.0	1954.27	Kortbeek-1990
273.15	300.0	2098.68	Kortbeek-1990
273.15	350.0	2226.47	Kortbeek-1990
273.15	400.0	2341.61	Kortbeek-1990
273.15	450.0	2446.75	Kortbeek-1990
273.15	500.0	2543.76	Kortbeek-1990
273.15	550.0	2634.03	Kortbeek-1990
273.15	600.0	2718.58	Kortbeek-1990
273.15	650.0	2798.25	Kortbeek-1990
273.15	700.0	2873.66	Kortbeek-1990
273.15	750.0	2945.33	Kortbeek-1990
273.15	800.0	3013.7	Kortbeek-1990
273.15	850.0	3079.11	Kortbeek-1990
273.15	900.0	3141.85	Kortbeek-1990
273.15	950.0	3202.2	Kortbeek-1990
273.15	1000.0	3260.35	Kortbeek-1990
248.15	100.0	1392.99	Kortbeek-1990
248.15	150.0	1644.94	Kortbeek-1990
248.15	200.0	1841.12	Kortbeek-1990
248.15	250.0	2004.6	Kortbeek-1990
248.15	300.0	2146.11	Kortbeek-1990
248.15	350.0	2271.66	Kortbeek-1990
248.15	400.0	2385.0	Kortbeek-1990
248.15	450.0	2488.63	Kortbeek-1990
248.15	500.0	2584.34	Kortbeek-1990
248.15	550.0	2673.42	Kortbeek-1990
248.15	600.0	2756.88	Kortbeek-1990
248.15	650.0	2835.5	Kortbeek-1990
248.15	700.0	2909.88	Kortbeek-1990
248.15	750.0	2980.54	Kortbeek-1990
248.15	800.0	3047.88	Kortbeek-1990
248.15	850.0	3112.25	Kortbeek-1990
248.15	900.0	3173.95	Kortbeek-1990
223.15	100.0	1469.28	Kortbeek-1990
223.15	150.0	1711.44	Kortbeek-1990
223.15	200.0	1901.92	Kortbeek-1990
223.15	250.0	2060.43	Kortbeek-1990
223.15	300.0	2197.71	Kortbeek-1990
223.15	350.0	2319.82	Kortbeek-1990
223.15	400.0	2430.43	Kortbeek-1990
223.15	450.0	2531.9	Kortbeek-1990
223.15	500.0	2625.89	Kortbeek-1990
223.15	550.0	2713.54	Kortbeek-1990
223.15	600.0	2795.73	Kortbeek-1990
223.15	650.0	2873.13	Kortbeek-1990
223.15	700.0	2946.26	Kortbeek-1990
223.15	750.0	3015.55	Kortbeek-1990
198.15	100.0	1546.83	Kortbeek-1990
198.15	150.0	1778.11	Kortbeek-1990
198.15	200.0	1961.04	Kortbeek-1990
198.15	250.0	2114.82	Kortbeek-1990
198.15	300.0	2248.76	Kortbeek-1990
198.15	350.0	2368.13	Kortbeek-1990
198.15	400.0	2476.3	Kortbeek-1990
198.15	450.0	2575.52	Kortbeek-1990
198.15	500.0	2667.41	Kortbeek-1990
198.15	550.0	2753.15	Kortbeek-1990
300.15	5.17	407.0	Cardamone-1970
300.15	6.21	407.0	Cardamone-1970
300.15	7.58	411.0	Cardamone-1970
300.15	8.83	419.0	Cardamone-1970
300.15	9.65	426.0	Cardamone-1970
300.15	10.76	430.0	Cardamone-1970
300.15	10.76	434.0	Cardamone-1970
210.0	34.07	987.0	Straty-1974
210.0	27.6	898.0	Straty-1974
210.0	22.26	809.8	Straty-1974
210.0	17.49	711.5	Straty-1974
210.0	14.83	643.9	Straty-1974
210.0	12.7	577.5	Straty-1974
210.0	10.94	511.5	Straty-1974
210.0	10.17	477.0	Straty-1974
210.0	9.65	451.2	Straty-1974
240.0	34.64	863.5	Straty-1974
240.0	29.11	782.7	Straty-1974
240.0	24.66	707.0	Straty-1974
240.0	20.89	632.6	Straty-1974
240.0	18.89	588.8	Straty-1974
240.0	16.84	540.2	Straty-1974
240.0	15.19	498.4	Straty-1974
240.0	14.07	469.8	Straty-1974
270.0	34.77	771.5	Straty-1974
270.0	30.49	711.2	Straty-1974
270.0	25.97	641.6	Straty-1974
270.0	21.84	572.8	Straty-1974
300.0	34.84	713.9	Straty-1974
300.0	29.73	649.5	Straty-1974
300.0	27.3	618.0	Straty-1974
300.0	24.63	580.4	Straty-1974
300.0	20.98	537.3	Straty-1974
300.0	17.59	507.4	Straty-1975
300.0	12.57	463.5	Straty-1975
300.0	7.8	445.6	Straty-1975
240.0	14.47	480.8	Straty-1975
240.0	12.54	433.1	Straty-1975
240.0	12.5	431.5	Straty-1975
240.0	10.18	387.6	Straty-1975
240.0	9.78	381.6	Straty-1975
240.0	8.11	370.6	Straty-1975
240.0	7.64	368.2	Straty-1975
240.0	6.23	369.0	Straty-1975
240.0	5.45	371.9	Straty-1975
210.0	9.87	462.9	Straty-1975
210.0	8.72	400.4	Straty-1975
210.0	7.95	357.5	Straty-1975
210.0	6.81	313.1	Straty-1975
210.0	5.81	311.6	Straty-1975
255.0	6.94	388.39	Goodwin-1988
255.0	6.33	388.99	Goodwin-1988
255.0	5.73	390.17	Goodwin-1988
255.0	5.08	391.99	Goodwin-1988
273.16	7.09	410.82	Goodwin-1988
273.16	6.56	410.92	Goodwin-1988
273.16	5.68	411.76	Goodwin-1988
273.16	4.84	413.3	Goodwin-1988
300.0	7.12	439.02	Goodwin-1988
300.0	6.25	438.72	Goodwin-1988
300.0	5.53	438.9	Goodwin-1988
300.0	4.89	439.37	Goodwin-1988
350.0	7.18	481.44	Goodwin-1988
350.0	6.2	480.31	Goodwin-1988
350.0	5.13	479.51	Goodwin-1988
293.15	4.9	435.4	Terres-1957
293.15	5.88	434.8	Terres-1957
293.15	6.86	434.5	Terres-1957
293.15	7.84	435.0	Terres-1957
293.15	8.82	436.2	Terres-1957
293.15	9.8	439.1	Terres-1957
293.15	10.78	442.8	Terres-1957
293.15	11.76	447.7	Terres-1957
323.15	4.9	459.6	Terres-1957
323.15	5.88	459.9	Terres-1957
323.15	6.86	461.0	Terres-1957
323.15	7.84	462.5	Terres-1957
323.15	8.82	464.2	Terres-1957
323.15	9.8	4.6	Terres-1957
323.15	10.78	470.0	Terres-1957
323.15	11.76	473.8	Terres-1957
348.15	4.9	478.4	Terres-1957
348.15	5.88	479.0	Terres-1957
348.15	6.86	479.9	Terres-1957
348.15	7.84	481.5	Terres-1957
348.15	8.82	483.8	Terres-1957
348.15	9.8	486.4	Terres-1957
348.15	10.78	489.8	Terres-1957
348.15	11.76	494.8	Terres-1957
373.15	4.9	495.7	Terres-1957
373.15	5.88	496.6	Terres-1957
373.15	6.86	498.1	Terres-1957
373.15	7.84	499.9	Terres-1957
373.15	8.82	501.8	Terres-1957
373.15	9.8	504.1	Terres-1957
373.15	10.78	507.7	Terres-1957
373.15	11.76	510.8	Terres-1957
398.15	4.9	511.1	Terres-1957
398.15	5.88	512.6	Terres-1957
398.15	6.86	513.9	Terres-1957
398.15	7.84	515.9	Terres-1957
398.15	8.82	518.2	Terres-1957
398.15	9.8	520.3	Terres-1957
398.15	10.78	523.3	Terres-1957
398.15	11.76	526.8	Terres-1957
423.15	4.9	525.2	Terres-1957
423.15	5.88	526.8	Terres-1957
423.15	6.86	528.2	Terres-1957
423.15	7.84	530.2	Terres-1957
423.15	8.82	532.6	Terres-1957
423.15	9.8	535.0	Terres-1957
423.15	10.78	538.0	Terres-1957
423.15	11.76	542.0	Terres-1957
