Temperature (K)	Pressure (MPa)	Enthalpy (kJ/mol)	Reference	Outlier
180.0	3.2	7.157	van Kasteren-1979  	1
185.0	3.2	7.5817	van Kasteren-1979  	1
190.0	3.2	7.9245	van Kasteren-1979  	1
200.0	3.2	8.5083	van Kasteren-1979  	1
210.0	3.2	8.9741	van Kasteren-1979     	1
338.71	3.45	0.4254	Dillard-1968	-1
294.26	3.45	0.5661	Budenholzer-1939       	1
310.93	3.45	0.4993	Budenholzer-1939   	-1
327.59	3.45	0.4553	Budenholzer-1939     	-1
344.26	3.45	0.4191	Budenholzer-1939   	-1
360.93	3.45	0.3803	Budenholzer-1939   	-1
377.59	3.45	0.3512	Budenholzer-1939   	-1
99.82	0.0	8.4493	Jones-1963	-1
105.37	0.0	8.6321	Jones-1963	-1
110.93	0.0	8.8187	Jones-1963	-1
116.48	0.0	9.0016	Jones-1963	-1
122.04	0.0	9.1845	Jones-1963	-1
127.59	0.0	9.3673	Jones-1963	1
133.15	0.0	9.5539	Jones-1963	1
138.71	0.0	9.7368	Jones-1963	1
144.26	0.0	9.9197	Jones-1963	1
149.82	0.0	10.1026	Jones-1963	1
155.37	0.0	10.2892	Jones-1963	1
160.93	0.0	10.472	Jones-1963	1
166.48	0.0	10.6549	Jones-1963	1
172.04	0.0	10.8378	Jones-1963	1
177.59	0.0	11.0244	Jones-1963	1
183.15	0.0	11.2072	Jones-1963	1
185.93	0.0	11.3005	Jones-1963	1
188.71	0.0	11.3938	Jones-1963	1
190.59	0.0	11.4573	Jones-1963	1
194.26	0.0	11.5804	Jones-1963	1
197.04	0.0	11.6737	Jones-1963	1
199.82	0.0	11.767	Jones-1963	1
202.59	0.0	11.8603	Jones-1963	1
205.37	0.0	11.9536	Jones-1963	1
210.93	0.0	12.1402	Jones-1963	1
216.48	0.0	12.3268	Jones-1963	1
222.04	0.0	12.5134	Jones-1963	1
227.59	0.0	12.7	Jones-1963	1
233.15	0.0	12.8866	Jones-1963	1
238.71	0.0	13.0732	Jones-1963	1
244.26	0.0	13.2598	Jones-1963	1
249.82	0.0	13.4502	Jones-1963	1
255.37	0.0	13.6405	Jones-1963	1
260.93	0.0	13.8308	Jones-1963	1
266.48	0.0	14.0212	Jones-1963	1
272.04	0.0	14.2152	Jones-1963	1
277.59	0.0	14.4093	Jones-1963	1
283.15	0.0	14.6034	Jones-1963	1
127.59	0.34	1.5339	Jones-1963	-1
133.15	0.34	9.3599	Jones-1963	1
138.71	0.34	9.5465	Jones-1963	1
144.26	0.34	9.7331	Jones-1963	1
149.82	0.34	9.9271	Jones-1963	1
155.37	0.34	10.1212	Jones-1963	1
160.93	0.34	10.3153	Jones-1963	1
166.48	0.34	10.5093	Jones-1963	1
172.04	0.34	10.7034	Jones-1963	1
177.59	0.34	10.8975	Jones-1963	1
183.15	0.34	11.0878	Jones-1963	1
185.93	0.34	11.1848	Jones-1963	1
188.71	0.34	11.2781	Jones-1963	1
190.59	0.34	11.3453	Jones-1963	1
194.26	0.34	11.4685	Jones-1963	1
197.04	0.34	11.5655	Jones-1963	1
199.82	0.34	11.6588	Jones-1963	1
202.59	0.34	11.7558	Jones-1963	1
205.37	0.34	11.8491	Jones-1963	1
210.93	0.34	12.0395	Jones-1963	1
216.48	0.34	12.2298	Jones-1963	1
222.04	0.34	12.4201	Jones-1963	1
227.59	0.34	12.6105	Jones-1963	1
233.15	0.34	12.8008	Jones-1963	1
238.71	0.34	12.9911	Jones-1963	1
244.26	0.34	13.1852	Jones-1963	1
249.82	0.34	13.3755	Jones-1963	1
255.37	0.34	13.5659	Jones-1963	1
260.93	0.34	13.7599	Jones-1963	1
266.48	0.34	13.954	Jones-1963	1
272.04	0.34	14.1518	Jones-1963	1
277.59	0.34	14.3496	Jones-1963	1
283.15	0.34	14.5474	Jones-1963	1
144.26	0.69	9.5316	Jones-1963	1
149.82	0.69	9.7331	Jones-1963	1
155.37	0.69	9.9383	Jones-1963	1
160.93	0.69	10.1436	Jones-1963	1
166.48	0.69	10.3451	Jones-1963	1
172.04	0.69	10.5467	Jones-1963	1
177.59	0.69	10.7482	Jones-1963	1
183.15	0.69	10.946	Jones-1963	1
185.93	0.69	11.0467	Jones-1963	1
188.71	0.69	11.1438	Jones-1963	1
190.59	0.69	11.211	Jones-1963	1
194.26	0.69	11.3416	Jones-1963	1
197.04	0.69	11.4423	Jones-1963	1
199.82	0.69	11.5394	Jones-1963	1
202.59	0.69	11.6439	Jones-1963	1
205.37	0.69	11.7372	Jones-1963	1
210.93	0.69	11.935	Jones-1963	1
216.48	0.69	12.129	Jones-1963	1
222.04	0.69	12.3231	Jones-1963	1
227.59	0.69	12.5172	Jones-1963	1
233.15	0.69	12.715	Jones-1963	1
238.71	0.69	12.9128	Jones-1963	1
244.26	0.69	13.1068	Jones-1963	1
249.82	0.69	13.3009	Jones-1963	1
255.37	0.69	13.4987	Jones-1963	1
260.93	0.69	13.6965	Jones-1963	1
266.48	0.69	13.8943	Jones-1963	1
272.04	0.69	14.0921	Jones-1963	1
277.59	0.69	14.2899	Jones-1963	1
283.15	0.69	14.4877	Jones-1963	1
149.82	1.03	2.8923	Jones-1963	1
155.37	1.03	9.707	Jones-1963	1
160.93	1.03	9.9383	Jones-1963	1
166.48	1.03	10.166	Jones-1963	1
172.04	1.03	10.3825	Jones-1963	1
177.59	1.03	10.5952	Jones-1963	1
183.15	1.03	10.8079	Jones-1963	1
185.93	1.03	10.9161	Jones-1963	1
188.71	1.03	11.0169	Jones-1963	1
190.59	1.03	11.0654	Jones-1963	1
194.26	1.03	11.2222	Jones-1963	1
197.04	1.03	11.3267	Jones-1963	1
199.82	1.03	11.4274	Jones-1963	1
202.59	1.03	11.5319	Jones-1963	1
205.37	1.03	11.6327	Jones-1963	1
210.93	1.03	11.8342	Jones-1963	1
216.48	1.03	12.0357	Jones-1963	1
222.04	1.03	12.2335	Jones-1963	1
227.59	1.03	12.4351	Jones-1963	1
233.15	1.03	12.6366	Jones-1963	1
238.71	1.03	12.8344	Jones-1963	1
244.26	1.03	13.0322	Jones-1963	1
249.82	1.03	13.23	Jones-1963	1
255.37	1.03	13.4315	Jones-1963	1
260.93	1.03	13.6293	Jones-1963	1
266.48	1.03	13.8308	Jones-1963	1
272.04	1.03	14.0324	Jones-1963	1
277.59	1.03	14.2339	Jones-1963	1
283.15	1.03	14.4317	Jones-1963	1
160.93	1.38	9.707	Jones-1963	1
166.48	1.38	9.9607	Jones-1963	1
172.04	1.38	10.1996	Jones-1963	1
177.59	1.38	10.431	Jones-1963	1
183.15	1.38	10.6586	Jones-1963	1
185.93	1.38	10.7706	Jones-1963	1
188.71	1.38	10.8788	Jones-1963	1
190.59	1.38	10.9534	Jones-1963	1
194.26	1.38	11.0953	Jones-1963	1
197.04	1.38	11.2035	Jones-1963	1
199.82	1.38	11.3117	Jones-1963	1
202.59	1.38	11.4125	Jones-1963	1
205.37	1.38	11.5207	Jones-1963	1
210.93	1.38	11.7297	Jones-1963	1
216.48	1.38	11.935	Jones-1963	1
222.04	1.38	12.1402	Jones-1963	1
227.59	1.38	12.3455	Jones-1963	1
233.15	1.38	12.5507	Jones-1963	1
238.71	1.38	12.756	Jones-1963	1
244.26	1.38	12.9575	Jones-1963	1
249.82	1.38	13.1591	Jones-1963	1
255.37	1.38	13.3606	Jones-1963	1
260.93	1.38	13.5621	Jones-1963	1
266.48	1.38	13.7637	Jones-1963	1
272.04	1.38	13.9652	Jones-1963	1
277.59	1.38	14.1667	Jones-1963	1
283.15	1.38	14.3682	Jones-1963	1
166.48	1.72	9.7256	Jones-1963	1
172.04	1.72	9.9981	Jones-1963	1
177.59	1.72	10.2556	Jones-1963	1
183.15	1.72	10.4944	Jones-1963	1
185.93	1.72	10.6138	Jones-1963	1
188.71	1.72	10.7295	Jones-1963	1
190.59	1.72	10.8079	Jones-1963	1
194.26	1.72	10.9572	Jones-1963	1
197.04	1.72	11.0691	Jones-1963	1
199.82	1.72	11.1811	Jones-1963	1
202.59	1.72	11.2931	Jones-1963	1
205.37	1.72	11.3976	Jones-1963	1
216.48	1.72	11.8305	Jones-1963	1
222.04	1.72	12.0432	Jones-1963	1
227.59	1.72	12.2522	Jones-1963	1
233.15	1.72	12.4612	Jones-1963	1
238.71	1.72	12.6702	Jones-1963	1
244.26	1.72	12.8754	Jones-1963	1
249.82	1.72	13.0807	Jones-1963	1
255.37	1.72	13.286	Jones-1963	1
260.93	1.72	13.4912	Jones-1963	1
266.48	1.72	13.6965	Jones-1963	1
272.04	1.72	13.9017	Jones-1963	1
277.59	1.72	14.107	Jones-1963	1
283.15	1.72	14.3123	Jones-1963	1
172.04	2.07	9.7555	Jones-1963	1
177.59	2.07	10.0503	Jones-1963	1
183.15	2.07	10.3227	Jones-1963	1
185.93	2.07	10.4496	Jones-1963	1
188.71	2.07	10.5728	Jones-1963	1
190.59	2.07	10.6586	Jones-1963	1
194.26	2.07	10.8191	Jones-1963	1
197.04	2.07	10.9348	Jones-1963	1
199.82	2.07	11.0579	Jones-1963	1
202.59	2.07	11.1699	Jones-1963	1
205.37	2.07	11.2856	Jones-1963	1
210.93	2.07	11.5095	Jones-1963	1
216.48	2.07	11.726	Jones-1963	1
222.04	2.07	11.9424	Jones-1963	1
227.59	2.07	12.1589	Jones-1963	1
233.15	2.07	12.3716	Jones-1963	1
238.71	2.07	12.5843	Jones-1963	1
244.26	2.07	12.7933	Jones-1963	1
249.82	2.07	13.0023	Jones-1963	1
255.37	2.07	13.2113	Jones-1963	1
260.93	2.07	13.4203	Jones-1963	1
266.48	2.07	13.6293	Jones-1963	1
272.04	2.07	13.8383	Jones-1963	1
277.59	2.07	14.0436	Jones-1963	1
283.15	2.07	14.2525	Jones-1963	1
172.04	2.41	9.4606	Jones-1963	1
177.59	2.41	9.8152	Jones-1963	1
183.15	2.41	10.1212	Jones-1963	1
185.93	2.41	10.263	Jones-1963	1
188.71	2.41	10.4011	Jones-1963	1
190.59	2.41	10.4907	Jones-1963	1
194.26	2.41	10.6624	Jones-1963	1
197.04	2.41	10.793	Jones-1963	1
199.82	2.41	10.9161	Jones-1963	1
202.59	2.41	11.0393	Jones-1963	1
205.37	2.41	11.1587	Jones-1963	1
210.93	2.41	11.3901	Jones-1963	1
216.48	2.41	11.6177	Jones-1963	1
222.04	2.41	11.8417	Jones-1963	1
227.59	2.41	12.0619	Jones-1963	1
233.15	2.41	12.282	Jones-1963	1
238.71	2.41	12.5022	Jones-1963	1
244.26	2.41	12.715	Jones-1963	1
249.82	2.41	12.9277	Jones-1963	1
255.37	2.41	13.1404	Jones-1963	1
260.93	2.41	13.3531	Jones-1963	1
266.48	2.41	13.5659	Jones-1963	1
272.04	2.41	13.7748	Jones-1963	1
277.59	2.41	13.9838	Jones-1963	1
283.15	2.41	14.1928	Jones-1963	1
177.59	2.76	9.5129	Jones-1963	1
183.15	2.76	9.8786	Jones-1963	1
185.93	2.76	10.0391	Jones-1963	1
188.71	2.76	10.1959	Jones-1963	1
190.59	2.76	10.3003	Jones-1963	1
194.26	2.76	10.4869	Jones-1963	1
197.04	2.76	10.625	Jones-1963	1
199.82	2.76	10.7594	Jones-1963	1
202.59	2.76	10.8863	Jones-1963	1
205.37	2.76	11.0132	Jones-1963	1
210.93	2.76	11.2595	Jones-1963	1
216.48	2.76	11.4983	Jones-1963	1
222.04	2.76	11.7334	Jones-1963	1
227.59	2.76	11.9611	Jones-1963	1
233.15	2.76	12.185	Jones-1963	1
238.71	2.76	12.4089	Jones-1963	1
244.26	2.76	12.6291	Jones-1963	1
249.82	2.76	12.8456	Jones-1963	1
255.37	2.76	13.062	Jones-1963	1
260.93	2.76	13.2785	Jones-1963	1
266.48	2.76	13.4949	Jones-1963	1
272.04	2.76	13.7077	Jones-1963	1
277.59	2.76	13.9204	Jones-1963	1
283.15	2.76	14.1331	Jones-1963	1
183.15	3.1	9.5913	Jones-1963	1
185.93	3.1	9.7891	Jones-1963	1
188.71	3.1	9.9682	Jones-1963	1
190.59	3.1	10.0876	Jones-1963	1
194.26	3.1	10.2966	Jones-1963	1
197.04	3.1	10.4459	Jones-1963	1
199.82	3.1	10.5914	Jones-1963	1
202.59	3.1	10.7333	Jones-1963	1
205.37	3.1	10.8676	Jones-1963	1
210.93	3.1	11.1289	Jones-1963	1
216.48	3.1	11.3789	Jones-1963	1
222.04	3.1	11.6215	Jones-1963	1
227.59	3.1	11.8566	Jones-1963	1
233.15	3.1	12.088	Jones-1963	1
238.71	3.1	12.3194	Jones-1963	1
244.26	3.1	12.5433	Jones-1963	1
249.82	3.1	12.7635	Jones-1963	1
255.37	3.1	12.9837	Jones-1963	1
260.93	3.1	13.2039	Jones-1963	1
266.48	3.1	13.4203	Jones-1963	1
272.04	3.1	13.6368	Jones-1963	1
277.59	3.1	13.8532	Jones-1963	1
283.15	3.1	14.0697	Jones-1963	1
183.15	3.45	9.2181	Jones-1963	1
185.93	3.45	9.4718	Jones-1963	1
188.71	3.45	9.6958	Jones-1963	1
190.59	3.45	9.8488	Jones-1963	1
194.26	3.45	10.0876	Jones-1963	1
197.04	3.45	10.2593	Jones-1963	1
199.82	3.45	10.416	Jones-1963	1
202.59	3.45	10.5691	Jones-1963	1
205.37	3.45	10.7146	Jones-1963	1
210.93	3.45	10.9908	Jones-1963	1
216.48	3.45	11.252	Jones-1963	1
222.04	3.45	11.5058	Jones-1963	1
227.59	3.45	11.7484	Jones-1963	1
233.15	3.45	11.9872	Jones-1963	1
238.71	3.45	12.2223	Jones-1963	1
244.26	3.45	12.4537	Jones-1963	1
249.82	3.45	12.6776	Jones-1963	1
255.37	3.45	12.9016	Jones-1963	1
260.93	3.45	13.1255	Jones-1963	1
266.48	3.45	13.3457	Jones-1963	1
272.04	3.45	13.5659	Jones-1963	1
277.59	3.45	13.786	Jones-1963	1
283.15	3.45	14.0062	Jones-1963	1
185.93	3.79	9.0352	Jones-1963	1
188.71	3.79	9.3785	Jones-1963	1
190.59	3.79	9.5651	Jones-1963	1
194.26	3.79	9.8525	Jones-1963	1
197.04	3.79	10.0466	Jones-1963	1
199.82	3.79	10.222	Jones-1963	1
202.59	3.79	10.3862	Jones-1963	1
205.37	3.79	10.5429	Jones-1963	1
210.93	3.79	10.8452	Jones-1963	1
216.48	3.79	11.1251	Jones-1963	1
222.04	3.79	11.3864	Jones-1963	1
227.59	3.79	11.6401	Jones-1963	1
233.15	3.79	11.8902	Jones-1963	1
238.71	3.79	12.1328	Jones-1963	1
244.26	3.79	12.3679	Jones-1963	1
249.82	3.79	12.5993	Jones-1963	1
255.37	3.79	12.8307	Jones-1963	1
260.93	3.79	13.0583	Jones-1963	1
266.48	3.79	13.2822	Jones-1963	1
272.04	3.79	13.5061	Jones-1963	1
277.59	3.79	13.7301	Jones-1963	1
283.15	3.79	13.9503	Jones-1963	1
188.71	4.14	8.8896	Jones-1963	1
190.59	4.14	9.1733	Jones-1963	1
194.26	4.14	9.5539	Jones-1963	1
197.04	4.14	9.7928	Jones-1963	1
199.82	4.14	9.9981	Jones-1963	1
202.59	4.14	10.1847	Jones-1963	1
205.37	4.14	10.3638	Jones-1963	1
210.93	4.14	10.6847	Jones-1963	1
216.48	4.14	10.9833	Jones-1963	1
222.04	4.14	11.2632	Jones-1963	1
227.59	4.14	11.5282	Jones-1963	1
233.15	4.14	11.7857	Jones-1963	1
238.71	4.14	12.032	Jones-1963	1
244.26	4.14	12.2746	Jones-1963	1
249.82	4.14	12.5134	Jones-1963	1
255.37	4.14	12.7485	Jones-1963	1
260.93	4.14	12.9799	Jones-1963	1
266.48	4.14	13.2113	Jones-1963	1
272.04	4.14	13.4352	Jones-1963	1
277.59	4.14	13.6592	Jones-1963	1
283.15	4.14	13.8831	Jones-1963	1
190.59	4.31	8.9232	Jones-1963	1
194.26	4.31	9.3823	Jones-1963	1
197.04	4.31	9.6398	Jones-1963	1
199.82	4.31	9.8637	Jones-1963	1
202.59	4.31	10.069	Jones-1963	1
205.37	4.31	10.2556	Jones-1963	1
210.93	4.31	10.5989	Jones-1963	1
216.48	4.31	10.9087	Jones-1963	1
222.04	4.31	11.196	Jones-1963	1
227.59	4.31	11.4685	Jones-1963	1
233.15	4.31	11.7372	Jones-1963	1
238.71	4.31	11.9835	Jones-1963	1
244.26	4.31	12.2298	Jones-1963	1
249.82	4.31	12.4724	Jones-1963	1
255.37	4.31	12.7075	Jones-1963	1
260.93	4.31	12.9426	Jones-1963	1
266.48	4.31	13.174	Jones-1963	1
272.04	4.31	13.4016	Jones-1963	1
277.59	4.31	13.6293	Jones-1963	1
283.15	4.31	13.857	Jones-1963	1
