# Temperature (K)	Pressure (MPa)	Experimental(m/s)	NIST(m/s)	Model(m/s)
1.908499999999999943e+02	4.589999999999999858e+00	2.485999999999999943e+02	2.492189999999999941e+02	4.254482291383642405e+02
1.908499999999999943e+02	4.620000000000000107e+00	2.397899999999999920e+02	2.410289999999999964e+02	4.259088288978450692e+02
1.908499999999999943e+02	4.629999999999999893e+00	2.288700000000000045e+02	2.346479999999999961e+02	4.259682913141527933e+02
1.908499999999999943e+02	4.639999999999999680e+00	2.157700000000000102e+02	2.133870000000000005e+02	4.260277537304605175e+02
1.908499999999999943e+02	4.639999999999999680e+00	2.050600000000000023e+02	2.133870000000000005e+02	4.261088611419804693e+02
1.908499999999999943e+02	4.639999999999999680e+00	2.044399999999999977e+02	2.133870000000000005e+02	4.261186038837240631e+02
1.908499999999999943e+02	4.639999999999999680e+00	2.050900000000000034e+02	2.133870000000000005e+02	4.261186038837240631e+02
1.908499999999999943e+02	4.650000000000000355e+00	2.128799999999999955e+02	2.324900000000000091e+02	4.260595673707171045e+02
1.908499999999999943e+02	4.650000000000000355e+00	2.258700000000000045e+02	2.324900000000000091e+02	4.259575080617560161e+02
1.906299999999999955e+02	4.559999999999999609e+00	2.473499999999999943e+02	2.496289999999999907e+02	4.280547577652514519e+02
1.906299999999999955e+02	4.610000000000000320e+00	2.040900000000000034e+02	2.134199999999999875e+02	4.283490333854597338e+02
1.906299999999999955e+02	4.610000000000000320e+00	1.912599999999999909e+02	2.134199999999999875e+02	4.283622932810003476e+02
1.906299999999999955e+02	4.610000000000000320e+00	1.951599999999999966e+02	2.134199999999999875e+02	4.283186601358429471e+02
1.906299999999999955e+02	4.610000000000000320e+00	1.955399999999999920e+02	2.134199999999999875e+02	4.283186601358429471e+02
1.906299999999999955e+02	4.610000000000000320e+00	2.058700000000000045e+02	2.134199999999999875e+02	4.282382099644228219e+02
1.906299999999999955e+02	4.610000000000000320e+00	2.190500000000000114e+02	2.134199999999999875e+02	4.281355639567441358e+02
1.905600000000000023e+02	4.559999999999999609e+00	2.469300000000000068e+02	2.479869999999999948e+02	4.287260882109826525e+02
1.905600000000000023e+02	4.580000000000000071e+00	2.369600000000000080e+02	2.424559999999999889e+02	4.290016437441204289e+02
1.905000000000000000e+02	4.549999999999999822e+00	2.465699999999999932e+02	2.484960000000000093e+02	4.295840896703139151e+02
1.905000000000000000e+02	4.580000000000000071e+00	2.362899999999999920e+02	2.387239999999999895e+02	4.298434477573086951e+02
1.904300000000000068e+02	4.570000000000000284e+00	2.355200000000000102e+02	2.394970000000000141e+02	4.306817867120389565e+02
1.904300000000000068e+02	4.580000000000000071e+00	2.183000000000000114e+02	2.207160000000000082e+02	4.308881813443836108e+02
1.902500000000000000e+02	4.549999999999999822e+00	2.332299999999999898e+02	2.379230000000000018e+02	4.329915694651731428e+02
1.904300000000000068e+02	4.580000000000000071e+00	2.068300000000000125e+02	2.207160000000000082e+02	4.310816089477812056e+02
1.903700000000000045e+02	4.570000000000000284e+00	2.157700000000000102e+02	2.322050000000000125e+02	4.317168742369904066e+02
1.903499999999999943e+02	4.570000000000000284e+00	2.155900000000000034e+02	2.328830000000000098e+02	4.319730208483874776e+02
1.902500000000000000e+02	4.559999999999999609e+00	2.208300000000000125e+02	2.478549999999999898e+02	4.331809475552499862e+02
1.895000000000000000e+02	4.450000000000000178e+00	2.392899999999999920e+02	2.755649999999999977e+02	4.417462567027864679e+02
1.894000000000000057e+02	4.440000000000000391e+00	2.391100000000000136e+02	2.824959999999999809e+02	4.429548487461488548e+02
1.881500000000000057e+02	4.269999999999999574e+00	2.482299999999999898e+02	3.222629999999999768e+02	4.577985486170568947e+02
1.859000000000000057e+02	3.970000000000000195e+00	2.560000000000000000e+02	2.565160000000000196e+02	4.846065755032691413e+02
1.815500000000000114e+02	3.450000000000000178e+00	2.647400000000000091e+02	2.642629999999999768e+02	5.365947998860860935e+02
1.813000000000000114e+02	3.430000000000000160e+00	2.647799999999999727e+02	4.733910000000000196e+02	5.397092548570667532e+02
1.782500000000000000e+02	3.100000000000000089e+00	2.690199999999999818e+02	5.276849999999999454e+02	5.765717116726464155e+02
1.780500000000000114e+02	3.080000000000000071e+00	2.691299999999999955e+02	5.311530000000000200e+02	5.789987810197412728e+02
1.685500000000000114e+02	2.209999999999999964e+00	2.783199999999999932e+02	6.786000000000000227e+02	6.941277833752255901e+02
1.631500000000000057e+02	1.800000000000000044e+00	2.818899999999999864e+02	2.815210000000000150e+02	7.597912936337356768e+02
1.626500000000000057e+02	1.729999999999999982e+00	2.838100000000000023e+02	2.834010000000000105e+02	7.659147517934452480e+02
1.614499999999999886e+02	1.689999999999999947e+00	2.827699999999999818e+02	7.764539999999999509e+02	7.813620317670693112e+02
1.531500000000000057e+02	1.199999999999999956e+00	2.857900000000000205e+02	8.825000000000000000e+02	8.843096661405527357e+02
1.506500000000000057e+02	1.070000000000000062e+00	2.862599999999999909e+02	2.859110000000000014e+02	9.156995461821941262e+02
1.481500000000000057e+02	9.599999999999999645e-01	2.865699999999999932e+02	9.431219999999999573e+02	9.472634441790651181e+02
1.904300000000000068e+02	4.580000000000000071e+00	2.090600000000000023e+02	2.207160000000000082e+02	4.305555936238774848e+02
1.904300000000000068e+02	4.580000000000000071e+00	2.177299999999999898e+02	2.207160000000000082e+02	4.307692273067686983e+02
1.902500000000000000e+02	4.559999999999999609e+00	2.244499999999999886e+02	2.478549999999999898e+02	4.325876220743957674e+02
1.902500000000000000e+02	4.559999999999999609e+00	2.271299999999999955e+02	2.478549999999999898e+02	4.325670535428062067e+02
1.881500000000000057e+02	4.269999999999999574e+00	3.141200000000000045e+02	3.222629999999999768e+02	4.570810181516358170e+02
1.881500000000000057e+02	4.269999999999999574e+00	3.141800000000000068e+02	3.222629999999999768e+02	4.570805927062028786e+02
1.859099999999999966e+02	3.979999999999999982e+00	3.742400000000000091e+02	3.790960000000000036e+02	4.830807927999640015e+02
1.781500000000000057e+02	3.089999999999999858e+00	5.283700000000000045e+02	5.294220000000000255e+02	5.758748325529445538e+02
1.707500000000000000e+02	2.390000000000000124e+00	6.464700000000000273e+02	2.761299999999999955e+02	6.661801409284416877e+02
1.631500000000000057e+02	1.800000000000000044e+00	7.541000000000000227e+02	2.815210000000000150e+02	7.591817391445611065e+02
1.531500000000000057e+02	1.199999999999999956e+00	8.827799999999999727e+02	8.825000000000000000e+02	8.830023001889298939e+02
1.250900000000000034e+02	2.700000000000000178e-01	1.200309999999999945e+03	2.808220000000000027e+02	1.231727559300391022e+03
1.500000000000000000e+02	4.000000000000000000e+00	9.807000000000000455e+02	9.806230000000000473e+02	9.399268420964019697e+02
1.500000000000000000e+02	3.810000000000000053e+00	9.772000000000000455e+02	9.770900000000000318e+02	9.386766841380758706e+02
1.500000000000000000e+02	3.620000000000000107e+00	9.735000000000000000e+02	9.735209999999999582e+02	9.373245518184844514e+02
1.500000000000000000e+02	3.419999999999999929e+00	9.700000000000000000e+02	9.697240000000000464e+02	9.361169480232351816e+02
1.500000000000000000e+02	3.220000000000000195e+00	9.657000000000000455e+02	9.658840000000000146e+02	9.349457254346539230e+02
1.500000000000000000e+02	3.020000000000000018e+00	9.622999999999999545e+02	9.620000000000000000e+02	9.337690352622903447e+02
1.500000000000000000e+02	2.830000000000000071e+00	9.581000000000000227e+02	9.582680000000000291e+02	9.326411423597469366e+02
1.500000000000000000e+02	2.629999999999999893e+00	9.545000000000000000e+02	9.542939999999999827e+02	9.314069020097399516e+02
1.500000000000000000e+02	2.439999999999999947e+00	9.505000000000000000e+02	9.504740000000000464e+02	9.302290373943778832e+02
1.500000000000000000e+02	2.240000000000000213e+00	9.462999999999999545e+02	9.464039999999999964e+02	9.289989308650103794e+02
1.500000000000000000e+02	2.040000000000000036e+00	9.421000000000000227e+02	9.422839999999999918e+02	9.277049403580033413e+02
1.500000000000000000e+02	1.850000000000000089e+00	9.382999999999999545e+02	9.383200000000000500e+02	9.264225691755700609e+02
1.500000000000000000e+02	1.659999999999999920e+00	9.342000000000000455e+02	9.343070000000000164e+02	9.252638320364685569e+02
1.550000000000000000e+02	4.000000000000000000e+00	9.225000000000000000e+02	9.222400000000000091e+02	8.759198606439836112e+02
1.550000000000000000e+02	3.810000000000000053e+00	9.182999999999999545e+02	9.182140000000000555e+02	8.746789550138801133e+02
1.550000000000000000e+02	3.609999999999999876e+00	9.143999999999999773e+02	9.139220000000000255e+02	8.734961605795710966e+02
1.550000000000000000e+02	3.419999999999999929e+00	9.098999999999999773e+02	9.097910000000000537e+02	8.723654967137256335e+02
1.550000000000000000e+02	3.220000000000000195e+00	9.057999999999999545e+02	9.053840000000000146e+02	8.711726046855710592e+02
1.550000000000000000e+02	3.020000000000000018e+00	9.012999999999999545e+02	9.009139999999999873e+02	8.699824191462389535e+02
1.550000000000000000e+02	2.830000000000000071e+00	8.967999999999999545e+02	8.966090000000000373e+02	8.688704153773260259e+02
1.550000000000000000e+02	2.629999999999999893e+00	8.922000000000000455e+02	8.920109999999999673e+02	8.676992034196653094e+02
1.550000000000000000e+02	2.439999999999999947e+00	8.877000000000000455e+02	8.875789999999999509e+02	8.664118839666305121e+02
1.550000000000000000e+02	2.240000000000000213e+00	8.830000000000000000e+02	8.828429999999999609e+02	8.651423535476055804e+02
1.550000000000000000e+02	2.049999999999999822e+00	8.782999999999999545e+02	8.782749999999999773e+02	8.639459178219610749e+02
1.600000000000000000e+02	4.000000000000000000e+00	8.612000000000000455e+02	8.609080000000000155e+02	8.119257386089022930e+02
1.600000000000000000e+02	3.979999999999999982e+00	8.611000000000000227e+02	8.604210000000000491e+02	8.117900777187828680e+02
1.600000000000000000e+02	3.810000000000000053e+00	8.565000000000000000e+02	8.562450000000000045e+02	8.107810761976361391e+02
1.600000000000000000e+02	3.790000000000000036e+00	8.563999999999999773e+02	8.557500000000000000e+02	8.106675677537964475e+02
1.600000000000000000e+02	3.620000000000000107e+00	8.522000000000000455e+02	8.515090000000000146e+02	8.097119514012492800e+02
1.600000000000000000e+02	3.609999999999999876e+00	8.518999999999999773e+02	8.512580000000000382e+02	8.096552217879916498e+02
1.600000000000000000e+02	3.589999999999999858e+00	8.512999999999999545e+02	8.507540000000000191e+02	8.095430892699441756e+02
1.600000000000000000e+02	3.419999999999999929e+00	8.472999999999999545e+02	8.464410000000000309e+02	8.085629969408209945e+02
1.600000000000000000e+02	3.229999999999999982e+00	8.422999999999999545e+02	8.415449999999999591e+02	8.074851226107671209e+02
1.600000000000000000e+02	3.029999999999999805e+00	8.370000000000000000e+02	8.363010000000000446e+02	8.063733563478690485e+02
1.600000000000000000e+02	2.830000000000000071e+00	8.312999999999999545e+02	8.309610000000000127e+02	8.052539553522988172e+02
1.600000000000000000e+02	2.609999999999999876e+00	8.253999999999999773e+02	8.249690000000000509e+02	8.038128525336351231e+02
1.600000000000000000e+02	2.430000000000000160e+00	8.203999999999999773e+02	8.199710000000000036e+02	8.028025458555043770e+02
1.600000000000000000e+02	2.240000000000000213e+00	8.147999999999999545e+02	8.145960000000000036e+02	8.017245004961196173e+02
1.600000000000000000e+02	2.040000000000000036e+00	8.090000000000000000e+02	8.088239999999999554e+02	8.005897159072933391e+02
1.600000000000000000e+02	1.850000000000000089e+00	8.033999999999999773e+02	8.032250000000000227e+02	7.995164660948162236e+02
1.600000000000000000e+02	1.739999999999999991e+00	7.997999999999999545e+02	7.999299999999999500e+02	7.988710572693935319e+02
1.600000000000000000e+02	1.659999999999999920e+00	7.972999999999999545e+02	7.975080000000000382e+02	7.984074367883572450e+02
1.500000000000000000e+02	1.459999999999999964e+00	9.300000000000000000e+02	9.300270000000000437e+02	9.239117212609598937e+02
1.500000000000000000e+02	1.260000000000000009e+00	9.257999999999999545e+02	9.256889999999999645e+02	9.226915977124315305e+02
1.500000000000000000e+02	1.070000000000000062e+00	9.215000000000000000e+02	9.215119999999999436e+02	9.215334496261764343e+02
1.550000000000000000e+02	1.850000000000000089e+00	8.733999999999999773e+02	8.733890000000000100e+02	8.628282083350227367e+02
1.550000000000000000e+02	1.659999999999999920e+00	8.685000000000000000e+02	8.686730000000000018e+02	8.617021658004468918e+02
1.550000000000000000e+02	1.459999999999999964e+00	8.637000000000000455e+02	8.636250000000000000e+02	8.605158767936454751e+02
1.550000000000000000e+02	1.260000000000000009e+00	8.585000000000000000e+02	2.864470000000000027e+02	8.593192235850747238e+02
1.630000000000000000e+02	4.000000000000000000e+00	8.232999999999999545e+02	8.223269999999999982e+02	7.740725448028836126e+02
1.630000000000000000e+02	3.810000000000000053e+00	8.180000000000000000e+02	8.171810000000000400e+02	7.729729304990862602e+02
1.630000000000000000e+02	3.609999999999999876e+00	8.127000000000000455e+02	8.116630000000000109e+02	7.718259105557517614e+02
1.630000000000000000e+02	3.419999999999999929e+00	8.072999999999999545e+02	8.063189999999999600e+02	7.707074616401887397e+02
1.630000000000000000e+02	3.220000000000000195e+00	8.015000000000000000e+02	8.005819999999999936e+02	7.690871624730825715e+02
1.630000000000000000e+02	3.020000000000000018e+00	7.955000000000000000e+02	7.947229999999999563e+02	7.678773758059135162e+02
1.630000000000000000e+02	2.830000000000000071e+00	7.896000000000000227e+02	7.890389999999999873e+02	7.668211691422241074e+02
1.630000000000000000e+02	7.629999999999999893e+00	7.837000000000000455e+02	9.069560000000000173e+02	7.958068205410547762e+02
1.630000000000000000e+02	2.439999999999999947e+00	7.772999999999999545e+02	7.769829999999999472e+02	7.647277237151947702e+02
1.630000000000000000e+02	7.240000000000000213e+00	7.712000000000000455e+02	8.988590000000000373e+02	7.934942292928635652e+02
1.630000000000000000e+02	2.049999999999999822e+00	7.647000000000000455e+02	7.643479999999999563e+02	7.626093399733408660e+02
1.630000000000000000e+02	1.850000000000000089e+00	7.578999999999999773e+02	7.576200000000000045e+02	7.614519251546589658e+02
1.630000000000000000e+02	1.790000000000000036e+00	7.557000000000000455e+02	2.815849999999999795e+02	7.610949760787257219e+02
1.670000000000000000e+02	4.000000000000000000e+00	7.695000000000000000e+02	7.682229999999999563e+02	7.230803888340883532e+02
1.670000000000000000e+02	3.799999999999999822e+00	7.631000000000000227e+02	7.619379999999999882e+02	7.217873650754168011e+02
1.670000000000000000e+02	3.620000000000000107e+00	7.572000000000000455e+02	7.561509999999999536e+02	7.208069998668411245e+02
1.670000000000000000e+02	3.490000000000000213e+00	7.528999999999999773e+02	7.518920000000000528e+02	7.201037881628253672e+02
1.670000000000000000e+02	3.419999999999999929e+00	7.506000000000000227e+02	7.495689999999999600e+02	7.197251357068166726e+02
1.670000000000000000e+02	3.220000000000000195e+00	7.437999999999999545e+02	7.428139999999999645e+02	7.186601118855483037e+02
1.670000000000000000e+02	3.040000000000000036e+00	7.371000000000000227e+02	7.365779999999999745e+02	7.177103684925987181e+02
1.670000000000000000e+02	2.819999999999999840e+00	7.297000000000000455e+02	7.287400000000000091e+02	7.165272684133542498e+02
1.670000000000000000e+02	2.629999999999999893e+00	7.222000000000000455e+02	7.217630000000000337e+02	7.155093377886601047e+02
1.670000000000000000e+02	7.459999999999999964e+00	7.157999999999999545e+02	8.595280000000000200e+02	7.438501322077026998e+02
1.670000000000000000e+02	7.330000000000000071e+00	7.102999999999999545e+02	8.565489999999999782e+02	7.431626097967200621e+02
1.670000000000000000e+02	7.269999999999999574e+00	7.082000000000000455e+02	8.551639999999999873e+02	7.427856882278206285e+02
1.670000000000000000e+02	2.240000000000000213e+00	7.071000000000000227e+02	7.067780000000000200e+02	7.129886263459284237e+02
1.670000000000000000e+02	2.120000000000000107e+00	7.022000000000000455e+02	7.019679999999999609e+02	7.119898200753850688e+02
1.670000000000000000e+02	2.100000000000000089e+00	7.015000000000000000e+02	7.011570000000000391e+02	7.118213039948209371e+02
1.670000000000000000e+02	2.069999999999999840e+00	7.002000000000000455e+02	2.797200000000000273e+02	7.116435227378119635e+02
1.700000000000000000e+02	4.000000000000000000e+00	7.263999999999999773e+02	7.250960000000000036e+02	6.851101695682341415e+02
1.700000000000000000e+02	3.810000000000000053e+00	7.192999999999999545e+02	7.183139999999999645e+02	6.838448333448432095e+02
1.700000000000000000e+02	3.609999999999999876e+00	7.115000000000000000e+02	7.109690000000000509e+02	6.826142397567805347e+02
1.700000000000000000e+02	3.410000000000000142e+00	7.042000000000000455e+02	7.033959999999999582e+02	6.814971709944579743e+02
1.700000000000000000e+02	3.220000000000000195e+00	6.967000000000000455e+02	6.959740000000000464e+02	6.804384204074394802e+02
1.700000000000000000e+02	3.029999999999999805e+00	6.887999999999999545e+02	6.883089999999999691e+02	6.793811364206121652e+02
1.700000000000000000e+02	2.830000000000000071e+00	6.803999999999999773e+02	6.799569999999999936e+02	6.782301250933819574e+02
1.700000000000000000e+02	2.629999999999999893e+00	6.713999999999999773e+02	6.712830000000000155e+02	6.771472613062314849e+02
1.700000000000000000e+02	2.430000000000000160e+00	6.623999999999999773e+02	6.622549999999999955e+02	6.760479019561212226e+02
1.730000000000000000e+02	4.000000000000000000e+00	6.802000000000000455e+02	6.790639999999999645e+02	6.470048244886274915e+02
1.730000000000000000e+02	3.810000000000000053e+00	6.718999999999999773e+02	6.711929999999999836e+02	6.458119277138621328e+02
1.730000000000000000e+02	3.609999999999999876e+00	6.632000000000000455e+02	6.626040000000000418e+02	6.443416524994672727e+02
1.730000000000000000e+02	3.419999999999999929e+00	5.547000000000000455e+02	6.541280000000000427e+02	6.432109611803784901e+02
1.730000000000000000e+02	3.220000000000000195e+00	6.452000000000000455e+02	6.448350000000000364e+02	6.419101025156746800e+02
1.730000000000000000e+02	3.020000000000000018e+00	6.353999999999999773e+02	6.351190000000000282e+02	6.407618959620681380e+02
1.730000000000000000e+02	2.819999999999999840e+00	6.248999999999999773e+02	6.249249999999999545e+02	6.396606543236302969e+02
1.730000000000000000e+02	2.629999999999999893e+00	6.140000000000000000e+02	6.147380000000000564e+02	6.386564227046692395e+02
1.770000000000000000e+02	4.000000000000000000e+00	6.122000000000000455e+02	6.112269999999999754e+02	5.964956491312091202e+02
1.770000000000000000e+02	3.810000000000000053e+00	6.013999999999999773e+02	6.011219999999999573e+02	5.948946618722002313e+02
1.770000000000000000e+02	3.620000000000000107e+00	5.903999999999999773e+02	5.904729999999999563e+02	5.936022523451429151e+02
1.770000000000000000e+02	3.609999999999999876e+00	5.900000000000000000e+02	5.898959999999999582e+02	5.935376590234268406e+02
1.770000000000000000e+02	3.410000000000000142e+00	5.780000000000000000e+02	5.779700000000000273e+02	5.921843117323301158e+02
1.770000000000000000e+02	3.220000000000000195e+00	5.650000000000000000e+02	5.658759999999999764e+02	5.908986318057877725e+02
1.770000000000000000e+02	3.020000000000000018e+00	5.510000000000000000e+02	5.521810000000000400e+02	5.896042263526519491e+02
1.770000000000000000e+02	2.979999999999999982e+00	5.478999999999999773e+02	5.493049999999999500e+02	5.893467711850403248e+02
1.800000000000000000e+02	4.000000000000000000e+00	5.532999999999999545e+02	5.527440000000000282e+02	5.579114482749741910e+02
1.800000000000000000e+02	3.910000000000000142e+00	5.470000000000000000e+02	5.466810000000000400e+02	5.573908390940250683e+02
1.800000000000000000e+02	3.810000000000000053e+00	5.400000000000000000e+02	5.396860000000000355e+02	5.567469524363054916e+02
1.800000000000000000e+02	3.720000000000000195e+00	5.328999999999999773e+02	5.331330000000000382e+02	5.561379485425718485e+02
1.800000000000000000e+02	3.609999999999999876e+00	5.242999999999999545e+02	5.247549999999999955e+02	5.555989691216627762e+02
1.800000000000000000e+02	3.520000000000000018e+00	5.167999999999999545e+02	5.175579999999999927e+02	5.550846587361297679e+02
1.800000000000000000e+02	3.419999999999999929e+00	5.073999999999999773e+02	5.091510000000000105e+02	5.544403271912788114e+02
1.800000000000000000e+02	3.350000000000000089e+00	5.008999999999999773e+02	5.029739999999999895e+02	5.540467802597236187e+02
1.800000000000000000e+02	3.339999999999999858e+00	5.000000000000000000e+02	5.020699999999999932e+02	5.539902947582345405e+02
1.800000000000000000e+02	3.279999999999999805e+00	4.946999999999999886e+02	2.663620000000000232e+02	5.536519761720624047e+02
1.800000000000000000e+02	3.259999999999999787e+00	4.921000000000000227e+02	2.675710000000000264e+02	5.535231175039034497e+02
1.830000000000000000e+02	4.000000000000000000e+00	4.823999999999999773e+02	4.821480000000000246e+02	5.197570798688398099e+02
1.830000000000000000e+02	3.979999999999999982e+00	4.811999999999999886e+02	4.802350000000000136e+02	5.196431165822768889e+02
1.830000000000000000e+02	3.910000000000000142e+00	4.743999999999999773e+02	4.733260000000000218e+02	5.192568282180041024e+02
1.830000000000000000e+02	3.810000000000000053e+00	4.621000000000000227e+02	4.628090000000000259e+02	5.187306761878699035e+02
1.830000000000000000e+02	3.729999999999999982e+00	4.528000000000000114e+02	4.537409999999999854e+02	5.182967074349371615e+02
1.830000000000000000e+02	3.689999999999999947e+00	4.471000000000000227e+02	4.489510000000000218e+02	5.181643116098152859e+02
1.830000000000000000e+02	3.649999999999999911e+00	4.416999999999999886e+02	4.439639999999999986e+02	5.179384389078454660e+02
1.731500000000000057e+02	1.000000000000000000e+02	1.639660000000000082e+03	1.639890000000000100e+03	1.203466720931867712e+03
1.731500000000000057e+02	1.500000000000000000e+02	1.858039999999999964e+03	1.858190000000000055e+03	1.491090433042976656e+03
1.731500000000000057e+02	2.000000000000000000e+02	2.032480000000000018e+03	2.032380000000000109e+03	1.783867803835811856e+03
1.731500000000000057e+02	2.500000000000000000e+02	2.180369999999999891e+03	2.179599999999999909e+03	2.086046280384203783e+03
1.731500000000000057e+02	3.000000000000000000e+02	2.309960000000000036e+03	2.308320000000000164e+03	2.407618335497440512e+03
1.731500000000000057e+02	3.500000000000000000e+02	2.425960000000000036e+03	2.423440000000000055e+03	2.739727651310018246e+03
1.731500000000000057e+02	4.000000000000000000e+02	2.531369999999999891e+03	2.528050000000000182e+03	3.130274826950981151e+03
1.481500000000000057e+02	1.000000000000000000e+02	1.739990000000000009e+03	1.742660000000000082e+03	1.527300050806419222e+03
1.481500000000000057e+02	1.500000000000000000e+02	1.941039999999999964e+03	1.944980000000000018e+03	1.819844225911745980e+03
1.481500000000000057e+02	2.000000000000000000e+02	2.105030000000000200e+03	2.108989999999999782e+03	2.125807539201087820e+03
1.481500000000000057e+02	2.500000000000000000e+02	2.245539999999999964e+03	2.248900000000000091e+03	2.452542379273412735e+03
1.113299999999999983e+02	1.100000000000000006e-01	1.340900000000000091e+03	1.341579999999999927e+03	1.408251928395731284e+03
1.113299999999999983e+02	5.000000000000000000e-01	1.345000000000000000e+03	1.345299999999999955e+03	1.410483653665643715e+03
1.113299999999999983e+02	9.799999999999999822e-01	1.349599999999999909e+03	1.349829999999999927e+03	1.413175683687567243e+03
1.113299999999999983e+02	1.969999999999999973e+00	1.358700000000000045e+03	1.359059999999999945e+03	1.418906668483635485e+03
1.113299999999999983e+02	2.939999999999999947e+00	1.367000000000000000e+03	1.367930000000000064e+03	1.424554830882660326e+03
1.113299999999999983e+02	3.930000000000000160e+00	1.376599999999999909e+03	1.376819999999999936e+03	1.430278114641791944e+03
1.113299999999999983e+02	4.910000000000000142e+00	1.384799999999999955e+03	1.385470000000000027e+03	1.435990690828545212e+03
1.113299999999999983e+02	5.879999999999999893e+00	1.393099999999999909e+03	1.393890000000000100e+03	1.441644975421555955e+03
1.113299999999999983e+02	6.820000000000000284e+00	1.402099999999999909e+03	1.401920000000000073e+03	1.447037657332370827e+03
1.113299999999999983e+02	7.570000000000000284e+00	1.408500000000000000e+03	1.408240000000000009e+03	1.451359689375587095e+03
1.250999999999999943e+02	2.800000000000000266e-01	1.200599999999999909e+03	1.200400000000000091e+03	1.234353816776545955e+03
1.250999999999999943e+02	5.300000000000000266e-01	1.202900000000000091e+03	1.203470000000000027e+03	1.235923431154612445e+03
1.250999999999999943e+02	1.010000000000000009e+00	1.209000000000000000e+03	1.209309999999999945e+03	1.238855165487719205e+03
1.250999999999999943e+02	1.989999999999999991e+00	1.220799999999999955e+03	1.220970000000000027e+03	1.244359020179678282e+03
1.250999999999999943e+02	2.959999999999999964e+00	1.232099999999999909e+03	1.232220000000000027e+03	1.249868111428756947e+03
1.250999999999999943e+02	3.919999999999999929e+00	1.242700000000000045e+03	1.243069999999999936e+03	1.255252137966162991e+03
1.250999999999999943e+02	4.860000000000000320e+00	1.253799999999999955e+03	1.253450000000000045e+03	1.260694126955164393e+03
1.250999999999999943e+02	5.919999999999999929e+00	1.265099999999999909e+03	1.264880000000000109e+03	1.266828628241509250e+03
1.250999999999999943e+02	6.849999999999999645e+00	1.275000000000000000e+03	1.274670000000000073e+03	1.272410083965342437e+03
1.250999999999999943e+02	7.799999999999999822e+00	1.285000000000000000e+03	1.284470000000000027e+03	1.278145535255681352e+03
1.250999999999999943e+02	8.769999999999999574e+00	1.295000000000000000e+03	1.294279999999999973e+03	1.283969765061066710e+03
1.250999999999999943e+02	9.789999999999999147e+00	1.305200000000000045e+03	1.304369999999999891e+03	1.289594395108681965e+03
1.400300000000000011e+02	1.110000000000000098e+00	1.045000000000000000e+03	1.045220000000000027e+03	1.049415202332536865e+03
1.400300000000000011e+02	1.989999999999999991e+00	1.059500000000000000e+03	1.059609999999999900e+03	1.054292521584390215e+03
1.400300000000000011e+02	2.979999999999999982e+00	1.075000000000000000e+03	1.075150000000000091e+03	1.059733278823036244e+03
1.400300000000000011e+02	3.930000000000000160e+00	1.089099999999999909e+03	1.089490000000000009e+03	1.065653625711005361e+03
1.400300000000000011e+02	4.929999999999999716e+00	1.104000000000000000e+03	1.104039999999999964e+03	1.072015727703227185e+03
1.400300000000000011e+02	5.900000000000000355e+00	1.117900000000000091e+03	1.117650000000000091e+03	1.078141262606807459e+03
1.400300000000000011e+02	6.839999999999999858e+00	1.130599999999999909e+03	1.130430000000000064e+03	1.083584981147599592e+03
1.400300000000000011e+02	7.889999999999999680e+00	1.145299999999999955e+03	1.144240000000000009e+03	1.089626739425732012e+03
1.400300000000000011e+02	8.839999999999999858e+00	1.157000000000000000e+03	1.156369999999999891e+03	1.095100376740626871e+03
1.400300000000000011e+02	9.789999999999999147e+00	1.169500000000000000e+03	1.168170000000000073e+03	1.100507043668955703e+03
1.400300000000000011e+02	1.060999999999999943e+01	1.178700000000000045e+03	1.178099999999999909e+03	1.105255541885423099e+03
1.400300000000000011e+02	1.102999999999999936e+01	1.183900000000000091e+03	1.183099999999999909e+03	1.108219191885482815e+03
1.554300000000000068e+02	1.370000000000000107e+00	8.540000000000000000e+02	8.553350000000000364e+02	8.557484931226094886e+02
1.554300000000000068e+02	2.149999999999999911e+00	8.728999999999999773e+02	8.749940000000000282e+02	8.602258886495410479e+02
1.554300000000000068e+02	2.919999999999999929e+00	8.912999999999999545e+02	8.932110000000000127e+02	8.645822561323100217e+02
1.554300000000000068e+02	3.979999999999999982e+00	9.151000000000000227e+02	9.166649999999999636e+02	8.704028976332554066e+02
1.554300000000000068e+02	4.950000000000000178e+00	9.355000000000000000e+02	9.367350000000000136e+02	8.761563809161336849e+02
1.554300000000000068e+02	5.929999999999999716e+00	9.545000000000000000e+02	9.558650000000000091e+02	8.820480032437869795e+02
1.554300000000000068e+02	6.740000000000000213e+00	9.705000000000000000e+02	9.709189999999999827e+02	8.870604637030216963e+02
1.554300000000000068e+02	7.839999999999999858e+00	9.905000000000000000e+02	9.904030000000000200e+02	8.937924895924641078e+02
1.554300000000000068e+02	8.880000000000000782e+00	1.007700000000000045e+03	1.007919999999999959e+03	9.001899217342825068e+02
1.554300000000000068e+02	9.779999999999999361e+00	1.022500000000000000e+03	1.022460000000000036e+03	9.058163516264403370e+02
1.554300000000000068e+02	1.083999999999999986e+01	1.038599999999999909e+03	1.038920000000000073e+03	9.120988618142002906e+02
1.554300000000000068e+02	1.181000000000000050e+01	1.053599999999999909e+03	1.053410000000000082e+03	9.179801486788310285e+02
1.554300000000000068e+02	1.277999999999999936e+01	1.068599999999999909e+03	1.067400000000000091e+03	9.234643458999159975e+02
1.554300000000000068e+02	1.376999999999999957e+01	1.080900000000000091e+03	1.081220000000000027e+03	9.293196291099332029e+02
1.554300000000000068e+02	1.476999999999999957e+01	1.094900000000000091e+03	1.094740000000000009e+03	9.353417837132419663e+02
1.554300000000000068e+02	1.558999999999999986e+01	1.105500000000000000e+03	1.105519999999999982e+03	9.399081162754825982e+02
1.707299999999999898e+02	2.399999999999999911e+00	6.467999999999999545e+02	6.472419999999999618e+02	6.658072479658658267e+02
1.707299999999999898e+02	3.000000000000000000e+00	6.722000000000000455e+02	6.747119999999999891e+02	6.691767326320100437e+02
1.707299999999999898e+02	3.959999999999999964e+00	7.102000000000000455e+02	7.127340000000000373e+02	6.746096172041829959e+02
1.707299999999999898e+02	4.919999999999999929e+00	7.437000000000000455e+02	7.456620000000000346e+02	6.802869221740115790e+02
1.707299999999999898e+02	6.200000000000000178e+00	7.827000000000000455e+02	7.840819999999999936e+02	6.879843367162652612e+02
1.707299999999999898e+02	7.839999999999999858e+00	8.260000000000000000e+02	8.268790000000000191e+02	6.978522901831620402e+02
1.707299999999999898e+02	8.880000000000000782e+00	8.498999999999999773e+02	8.512580000000000382e+02	7.039885767208593279e+02
1.707299999999999898e+02	9.830000000000000071e+00	8.711000000000000227e+02	8.720520000000000209e+02	7.096493579653683810e+02
1.707299999999999898e+02	1.068999999999999950e+01	8.902999999999999545e+02	8.898440000000000509e+02	7.147835168821020488e+02
1.707299999999999898e+02	1.166999999999999993e+01	9.090000000000000000e+02	9.090829999999999700e+02	7.206565903998016438e+02
1.707299999999999898e+02	1.269999999999999929e+01	9.270000000000000000e+02	9.282670000000000528e+02	7.266909897841842394e+02
1.707299999999999898e+02	1.358000000000000007e+01	9.441000000000000227e+02	9.439149999999999636e+02	7.321004231029955918e+02
1.707299999999999898e+02	1.460999999999999943e+01	2.613999999999999773e+02	9.614600000000000364e+02	7.410311060450153491e+02
1.707299999999999898e+02	1.560999999999999943e+01	9.778999999999999773e+02	9.777809999999999491e+02	7.439517063318653527e+02
1.707299999999999898e+02	1.687000000000000099e+01	9.952999999999999545e+02	9.974560000000000173e+02	7.510523813865261218e+02
1.707299999999999898e+02	1.828999999999999915e+01	1.015600000000000023e+03	1.018570000000000050e+03	7.600940161509356585e+02
1.858799999999999955e+02	3.970000000000000195e+00	3.736000000000000227e+02	2.563190000000000168e+02	4.829470948127191150e+02
1.858799999999999955e+02	4.519999999999999574e+00	4.500000000000000000e+02	4.560720000000000027e+02	4.864609007341427969e+02
1.858799999999999955e+02	5.000000000000000000e+00	4.948000000000000114e+02	4.990059999999999718e+02	4.875177032756641893e+02
1.858799999999999955e+02	5.929999999999999716e+00	5.562000000000000455e+02	5.598980000000000246e+02	4.926205781193575604e+02
1.858799999999999955e+02	6.889999999999999680e+00	6.030000000000000000e+02	6.078220000000000027e+02	4.994740186454878312e+02
1.858799999999999955e+02	7.889999999999999680e+00	6.466000000000000227e+02	6.489679999999999609e+02	5.053298342025154852e+02
1.858799999999999955e+02	8.929999999999999716e+00	6.856000000000000227e+02	6.857010000000000218e+02	5.112173898900573477e+02
1.858799999999999955e+02	9.810000000000000497e+00	7.073999999999999773e+02	7.133630000000000564e+02	5.156356852459198308e+02
1.858799999999999955e+02	1.081000000000000050e+01	7.387000000000000455e+02	7.419289999999999736e+02	5.214957534350883179e+02
1.858799999999999955e+02	1.182000000000000028e+01	7.667999999999999545e+02	7.683339999999999463e+02	5.277747918048457905e+02
1.858799999999999955e+02	1.325000000000000000e+01	8.006000000000000227e+02	8.024170000000000300e+02	5.364607053447989529e+02
1.858799999999999955e+02	1.481000000000000050e+01	8.362999999999999545e+02	8.361299999999999955e+02	5.467745896772753440e+02
1.858799999999999955e+02	1.589000000000000057e+01	8.561000000000000227e+02	8.577649999999999864e+02	5.533850815917530781e+02
1.858799999999999955e+02	1.735999999999999943e+01	8.842000000000000455e+02	8.853630000000000564e+02	5.624698330634282684e+02
1.858799999999999955e+02	1.833999999999999986e+01	9.017999999999999545e+02	9.027409999999999854e+02	5.679670742465182229e+02
1.900000000000000000e+02	4.549999999999999822e+00	2.641999999999999886e+02	2.815779999999999745e+02	4.372636044688329093e+02
1.900000000000000000e+02	4.780000000000000249e+00	3.401999999999999886e+02	3.560539999999999736e+02	4.372875128012929054e+02
1.900000000000000000e+02	5.299999999999999822e+00	4.156000000000000227e+02	4.304100000000000250e+02	4.407921139064460476e+02
1.900000000000000000e+02	5.950000000000000178e+00	4.823000000000000114e+02	4.877590000000000146e+02	4.436509982657521505e+02
1.900000000000000000e+02	6.839999999999999858e+00	5.397999999999999545e+02	5.443949999999999818e+02	4.489946034175231944e+02
1.900000000000000000e+02	7.790000000000000036e+00	5.908999999999999773e+02	5.915149999999999864e+02	4.539972322415842427e+02
1.900000000000000000e+02	8.859999999999999432e+00	6.345000000000000000e+02	6.353120000000000118e+02	4.600117135270734252e+02
1.900000000000000000e+02	1.009999999999999964e+01	6.777000000000000455e+02	6.783210000000000264e+02	4.673769735872829187e+02
1.900000000000000000e+02	1.134999999999999964e+01	7.157000000000000455e+02	7.159819999999999709e+02	4.743997694174499884e+02
1.900000000000000000e+02	1.257000000000000028e+01	7.487999999999999545e+02	7.487690000000000055e+02	4.816133702400197762e+02
1.900000000000000000e+02	1.378999999999999915e+01	7.782000000000000455e+02	7.785679999999999836e+02	4.891370679931865197e+02
1.900000000000000000e+02	1.503999999999999915e+01	8.072000000000000455e+02	8.066440000000000055e+02	4.955225417213150649e+02
1.900000000000000000e+02	1.632999999999999829e+01	8.332999999999999545e+02	8.334980000000000473e+02	5.036947354656331299e+02
1.900000000000000000e+02	1.751000000000000156e+01	8.551000000000000227e+02	8.564900000000000091e+02	5.101170433627298735e+02
1.900000000000000000e+02	1.873000000000000043e+01	8.785000000000000000e+02	8.789180000000000064e+02	5.173790298547864950e+02
1.900000000000000000e+02	1.996999999999999886e+01	9.005000000000000000e+02	9.005019999999999527e+02	5.247765201568281555e+02
1.150000000000000000e+02	9.799999999999999822e-01	1.311000000000000000e+03	1.313160000000000082e+03	1.366679507242374939e+03
1.150000000000000000e+02	1.959999999999999964e+00	1.323000000000000000e+03	1.322880000000000109e+03	1.372159883258346099e+03
1.150000000000000000e+02	2.939999999999999947e+00	1.331000000000000000e+03	1.332400000000000091e+03	1.377607731915523800e+03
1.150000000000000000e+02	3.919999999999999929e+00	1.341000000000000000e+03	1.341740000000000009e+03	1.383412520438307411e+03
1.150000000000000000e+02	4.900000000000000355e+00	1.345000000000000000e+03	1.350910000000000082e+03	1.389350120920352992e+03
1.150000000000000000e+02	5.879999999999999893e+00	1.359000000000000000e+03	1.359900000000000091e+03	1.395040073186154814e+03
1.150000000000000000e+02	6.860000000000000320e+00	1.367000000000000000e+03	1.368740000000000009e+03	1.400712583573445272e+03
1.150000000000000000e+02	7.839999999999999858e+00	1.377000000000000000e+03	1.377420000000000073e+03	1.406315619469898820e+03
1.250000000000000000e+02	9.799999999999999822e-01	1.209000000000000000e+03	1.210000000000000000e+03	1.239542392004291287e+03
1.250000000000000000e+02	1.959999999999999964e+00	1.221000000000000000e+03	1.221660000000000082e+03	1.245023027461105812e+03
1.250000000000000000e+02	2.939999999999999947e+00	1.232000000000000000e+03	1.233000000000000000e+03	1.250816152724451058e+03
1.250000000000000000e+02	3.919999999999999929e+00	1.243000000000000000e+03	1.244069999999999936e+03	1.256786059313878241e+03
1.250000000000000000e+02	4.900000000000000355e+00	1.255000000000000000e+03	1.254859999999999900e+03	1.262255806868451145e+03
1.250000000000000000e+02	5.879999999999999893e+00	1.266000000000000000e+03	1.265410000000000082e+03	1.267970412374688294e+03
1.250000000000000000e+02	6.860000000000000320e+00	1.275000000000000000e+03	1.275720000000000027e+03	1.274039410557988958e+03
1.250000000000000000e+02	7.839999999999999858e+00	1.286000000000000000e+03	1.285809999999999945e+03	1.279640117836513355e+03
1.250000000000000000e+02	8.820000000000000284e+00	1.296000000000000000e+03	1.295690000000000055e+03	1.285203321567478497e+03
1.250000000000000000e+02	9.800000000000000711e+00	1.306000000000000000e+03	1.305369999999999891e+03	1.290702197185437399e+03
1.250000000000000000e+02	1.077999999999999936e+01	1.315000000000000000e+03	1.314859999999999900e+03	1.296832154683106864e+03
1.400000000000000000e+02	9.799999999999999822e-01	1.043000000000000000e+03	1.043400000000000091e+03	1.048991439568425449e+03
1.400000000000000000e+02	1.959999999999999964e+00	1.059000000000000000e+03	1.059470000000000027e+03	1.054481153588404823e+03
1.400000000000000000e+02	2.939999999999999947e+00	1.074000000000000000e+03	1.074869999999999891e+03	1.060078576965552656e+03
1.400000000000000000e+02	3.919999999999999929e+00	1.089000000000000000e+03	1.089670000000000073e+03	1.065902506362197528e+03
1.400000000000000000e+02	4.900000000000000355e+00	1.103000000000000000e+03	1.103920000000000073e+03	1.071788246226378078e+03
1.400000000000000000e+02	5.879999999999999893e+00	1.118000000000000000e+03	1.117680000000000064e+03	1.077673986090558628e+03
1.400000000000000000e+02	6.860000000000000320e+00	1.131000000000000000e+03	1.130990000000000009e+03	1.083530251150730010e+03
1.400000000000000000e+02	7.839999999999999858e+00	1.144000000000000000e+03	1.143890000000000100e+03	1.089386498572660457e+03
1.400000000000000000e+02	8.820000000000000284e+00	1.156000000000000000e+03	1.156400000000000091e+03	1.095205291028106785e+03
1.400000000000000000e+02	9.800000000000000711e+00	1.169000000000000000e+03	1.168569999999999936e+03	1.101487896012526789e+03
1.400000000000000000e+02	1.077999999999999936e+01	1.180000000000000000e+03	1.180400000000000091e+03	1.106941101682853969e+03
1.550000000000000000e+02	1.959999999999999964e+00	8.730000000000000000e+02	8.760860000000000127e+02	8.645427465160878455e+02
1.550000000000000000e+02	2.939999999999999947e+00	8.950000000000000000e+02	8.991090000000000373e+02	8.700243407294622102e+02
1.550000000000000000e+02	3.919999999999999929e+00	9.180000000000000000e+02	9.205510000000000446e+02	8.757391094365352728e+02
1.550000000000000000e+02	4.900000000000000355e+00	9.390000000000000000e+02	9.406670000000000300e+02	8.820592321006761267e+02
1.550000000000000000e+02	5.879999999999999893e+00	9.580000000000000000e+02	9.596530000000000200e+02	8.879880794447672088e+02
1.550000000000000000e+02	6.860000000000000320e+00	9.770000000000000000e+02	9.776609999999999445e+02	8.938059773777911232e+02
1.550000000000000000e+02	7.839999999999999858e+00	9.940000000000000000e+02	9.948120000000000118e+02	8.994607271598849820e+02
1.550000000000000000e+02	8.820000000000000284e+00	1.011000000000000000e+03	1.011210000000000036e+03	9.056918151678835329e+02
1.550000000000000000e+02	9.800000000000000711e+00	1.026000000000000000e+03	1.026930000000000064e+03	9.116256171133468342e+02
1.550000000000000000e+02	1.077999999999999936e+01	1.041000000000000000e+03	1.042039999999999964e+03	9.173539730435143156e+02
1.550000000000000000e+02	1.175999999999999979e+01	1.056000000000000000e+03	1.056609999999999900e+03	9.229732406145003552e+02
1.550000000000000000e+02	1.274000000000000021e+01	1.070000000000000000e+03	1.070670000000000073e+03	9.285701711571757642e+02
1.550000000000000000e+02	1.372000000000000064e+01	1.084000000000000000e+03	1.084279999999999973e+03	9.342866962531159061e+02
1.550000000000000000e+02	1.469999999999999929e+01	1.096000000000000000e+03	1.097470000000000027e+03	9.404089424120747935e+02
1.455999999999999943e+02	8.599999999999999867e-01	9.700000000000000000e+02	9.734039999999999964e+02	9.762143430376543165e+02
1.455999999999999943e+02	1.820000000000000062e+00	9.800000000000000000e+02	9.917300000000000182e+02	9.819221253562936909e+02
1.455999999999999943e+02	3.060000000000000053e+00	1.020000000000000000e+03	1.014039999999999964e+03	9.894720844311564178e+02
1.455999999999999943e+02	5.019999999999999574e+00	1.050000000000000000e+03	1.046690000000000055e+03	1.001265639301799865e+03
1.455999999999999943e+02	7.200000000000000178e+00	1.080000000000000000e+03	1.079960000000000036e+03	1.014332790727900601e+03
1.455999999999999943e+02	8.580000000000000071e+00	1.100000000000000000e+03	1.099660000000000082e+03	1.022725347960231147e+03
1.250000000000000000e+02	3.400000000000000244e-01	1.200000000000000000e+03	1.202210000000000036e+03	1.235252051350477814e+03
1.250999999999999943e+02	1.020000000000000018e+00	1.210000000000000000e+03	1.209430000000000064e+03	1.237863118570682445e+03
1.250000000000000000e+02	3.540000000000000036e+00	1.240000000000000000e+03	1.239809999999999945e+03	1.254243044979673414e+03
1.249000000000000057e+02	5.879999999999999893e+00	1.260000000000000000e+03	1.266369999999999891e+03	1.268518529071321609e+03
1.250000000000000000e+02	7.940000000000000391e+00	1.282000000000000000e+03	1.286829999999999927e+03	1.279872524869301742e+03
1.250999999999999943e+02	8.730000000000000426e+00	1.295000000000000000e+03	1.293880000000000109e+03	1.283226874671712267e+03
1.130000000000000000e+02	2.399999999999999911e-01	1.330000000000000000e+03	1.326000000000000000e+03	1.386480984983448025e+03
1.135999999999999943e+02	7.700000000000000178e-01	1.332000000000000000e+03	1.325160000000000082e+03	1.381830566625393658e+03
1.140000000000000000e+02	1.379999999999999893e+00	1.335000000000000000e+03	1.327130000000000109e+03	1.380290860848692773e+03
1.150000000000000000e+02	2.649999999999999911e+00	1.340000000000000000e+03	1.329599999999999909e+03	1.375226902653874731e+03
1.170000000000000000e+02	5.099999999999999645e+00	1.345000000000000000e+03	1.333849999999999909e+03	1.364159740237509368e+03
1.120000000000000000e+02	1.600000000000000033e-01	1.350000000000000000e+03	1.335319999999999936e+03	1.399230944756720646e+03
1.119000000000000057e+02	3.020000000000000018e+00	1.380000000000000000e+03	1.363170000000000073e+03	1.416988547129552899e+03
1.120999999999999943e+02	6.120000000000000107e+00	1.400000000000000000e+03	1.388869999999999891e+03	1.432517491602597147e+03
1.120000000000000000e+02	8.720000000000000639e+00	1.430000000000000000e+03	1.411829999999999927e+03	1.449132042710181167e+03
1.050000000000000000e+02	1.600000000000000033e-01	1.485000000000000000e+03	1.404759999999999991e+03	1.486968010827369426e+03
9.400000000000000000e+01	1.600000000000000033e-01	1.520000000000000000e+03	1.509390000000000100e+03	1.628990286117498044e+03
1.000000000000000000e+02	3.338000000000000256e+01	1.672599999999999909e+03	1.669119999999999891e+03	1.748759002760869635e+03
1.000000000000000000e+02	2.607999999999999829e+01	1.630700000000000045e+03	1.627740000000000009e+03	1.705453644033817909e+03
1.000000000000000000e+02	1.912000000000000099e+01	1.588099999999999909e+03	1.585640000000000100e+03	1.663435458649680641e+03
1.000000000000000000e+02	1.308999999999999986e+01	1.548500000000000000e+03	1.546680000000000064e+03	1.628593938438338000e+03
1.000000000000000000e+02	7.240000000000000213e+00	1.507400000000000091e+03	1.506240000000000009e+03	1.592916470134795873e+03
1.000000000000000000e+02	1.659999999999999920e+00	1.465099999999999909e+03	1.464750000000000000e+03	1.561070935314264489e+03
1.200000000000000000e+02	3.116000000000000014e+01	1.517200000000000045e+03	1.516349999999999909e+03	1.480659437061482777e+03
1.200000000000000000e+02	2.623000000000000043e+01	1.482799999999999955e+03	1.482069999999999936e+03	1.451370122697856004e+03
1.200000000000000000e+02	1.998000000000000043e+01	1.436000000000000000e+03	1.435500000000000000e+03	1.415266551283112449e+03
1.200000000000000000e+02	1.515000000000000036e+01	1.397000000000000000e+03	1.396670000000000073e+03	1.386082149433259474e+03
1.200000000000000000e+02	9.259999999999999787e+00	1.345200000000000045e+03	1.345130000000000109e+03	1.351556520118344679e+03
1.200000000000000000e+02	4.370000000000000107e+00	1.290500000000000000e+03	1.297940000000000055e+03	1.323429822416952220e+03
1.500000000000000000e+02	3.453000000000000114e+01	1.339599999999999909e+03	1.339039999999999964e+03	1.120225889013840060e+03
1.500000000000000000e+02	2.883999999999999986e+01	1.290000000000000000e+03	1.289289999999999964e+03	1.087481132822683549e+03
1.500000000000000000e+02	2.367000000000000171e+01	1.240299999999999955e+03	1.239730000000000018e+03	1.057391690595385626e+03
1.500000000000000000e+02	1.842999999999999972e+01	1.184599999999999909e+03	1.184049999999999955e+03	1.026547301107930934e+03
1.500000000000000000e+02	1.266999999999999993e+01	1.114500000000000000e+03	1.114200000000000045e+03	9.915338774977401499e+02
1.500000000000000000e+02	7.259999999999999787e+00	1.036599999999999909e+03	1.036380000000000109e+03	9.592054910645608743e+02
1.500000000000000000e+02	3.020000000000000018e+00	9.621000000000000227e+02	9.620000000000000000e+02	9.337149582596946402e+02
1.700000000000000000e+02	3.146000000000000085e+01	1.183799999999999955e+03	1.183089999999999918e+03	8.490649194656953114e+02
1.700000000000000000e+02	2.698999999999999844e+01	1.135500000000000000e+03	1.134799999999999955e+03	8.214157220916586084e+02
1.700000000000000000e+02	2.076999999999999957e+01	1.059200000000000045e+03	1.058579999999999927e+03	7.845206918811143169e+02
1.700000000000000000e+02	1.753999999999999915e+01	1.013899999999999977e+03	1.013360000000000014e+03	7.648241179152519180e+02
1.700000000000000000e+02	1.300999999999999979e+01	9.407000000000000455e+02	9.404279999999999973e+02	7.376968304500619524e+02
1.700000000000000000e+02	7.769999999999999574e+00	8.335000000000000000e+02	8.333440000000000509e+02	7.079169864717136988e+02
1.700000000000000000e+02	4.530000000000000249e+00	7.428999999999999773e+02	7.431119999999999663e+02	6.891357773505674231e+02
1.840000000000000000e+02	3.425000000000000000e+01	1.129000000000000000e+03	1.128329999999999927e+03	6.859414641378198212e+02
1.840000000000000000e+02	2.787999999999999901e+01	1.055099999999999909e+03	1.054609999999999900e+03	6.482462777113737502e+02
1.840000000000000000e+02	2.251000000000000156e+01	2.828000000000000114e+02	9.823949999999999818e+02	6.215912525102758082e+02
1.840000000000000000e+02	1.785999999999999943e+01	9.090000000000000000e+02	9.087340000000000373e+02	5.894467036996620664e+02
1.840000000000000000e+02	1.383999999999999986e+01	8.318999999999999773e+02	8.319669999999999845e+02	5.655864215322649216e+02
1.840000000000000000e+02	1.043999999999999950e+01	7.512000000000000455e+02	7.510069999999999482e+02	5.454624629847262440e+02
1.840000000000000000e+02	7.719999999999999751e+00	6.666000000000000227e+02	6.663590000000000373e+02	5.299026405656150018e+02
1.840000000000000000e+02	5.769999999999999574e+00	5.798999999999999773e+02	5.823640000000000327e+02	5.189864480599271701e+02
1.840000000000000000e+02	5.299999999999999822e+00	5.527999999999999545e+02	5.562430000000000518e+02	5.163818698919617418e+02
