# Temperature (K)	Pressure (MPa)	Experimental(uPas)	NIST(uPas)	Model(uPas)
2.600000000000000000e+02	4.750000000000000000e+00	1.089600000000000080e+01	1.089070000000000071e+01	1.288078403472900391e+01
2.600000000000000000e+02	5.000000000000000000e+00	1.098799999999999955e+01	1.098070000000000057e+01	9.049152374267578125e+00
2.600000000000000000e+02	5.500000000000000000e+00	1.118200000000000038e+01	1.117329999999999934e+01	1.234408092498779297e+01
2.600000000000000000e+02	6.000000000000000000e+00	1.139400000000000013e+01	1.138330000000000020e+01	1.064658737182617188e+01
2.600000000000000000e+02	6.500000000000000000e+00	1.162299999999999933e+01	1.161180000000000057e+01	1.270246696472167969e+01
2.600000000000000000e+02	7.000000000000000000e+00	1.187100000000000044e+01	1.185989999999999966e+01	1.236646366119384766e+01
2.600000000000000000e+02	7.500000000000000000e+00	1.214100000000000001e+01	1.212829999999999941e+01	1.349516296386718750e+01
2.600000000000000000e+02	7.990000000000000213e+00	1.242800000000000082e+01	1.241189999999999927e+01	1.313622188568115234e+01
2.600000000000000000e+02	8.480000000000000426e+00	1.272600000000000087e+01	1.271630000000000038e+01	1.381059074401855469e+01
2.600000000000000000e+02	9.009999999999999787e+00	1.307199999999999918e+01	1.306930000000000014e+01	1.379659557342529297e+01
2.600000000000000000e+02	9.460000000000000853e+00	1.338899999999999935e+01	1.338819999999999943e+01	1.373964977264404297e+01
2.600000000000000000e+02	9.990000000000000213e+00	1.379100000000000037e+01	1.378589999999999982e+01	1.332305049896240234e+01
2.600000000000000000e+02	1.050000000000000000e+01	1.418500000000000050e+01	1.419030000000000058e+01	1.367274856567382812e+01
2.600000000000000000e+02	1.100999999999999979e+01	1.459699999999999953e+01	1.461430000000000007e+01	1.529841995239257812e+01
2.600000000000000000e+02	1.148000000000000043e+01	1.500399999999999956e+01	1.502089999999999925e+01	1.528936195373535156e+01
2.600000000000000000e+02	1.200999999999999979e+01	1.548199999999999932e+01	1.549510000000000076e+01	1.543162822723388672e+01
2.600000000000000000e+02	1.248000000000000043e+01	1.590300000000000047e+01	1.592719999999999914e+01	1.608082962036132812e+01
2.600000000000000000e+02	1.301999999999999957e+01	1.639600000000000080e+01	1.643430000000000035e+01	1.624924087524414062e+01
2.600000000000000000e+02	1.350000000000000000e+01	1.684600000000000009e+01	1.689179999999999993e+01	1.696837997436523438e+01
2.600000000000000000e+02	1.399000000000000021e+01	1.732600000000000051e+01	1.736289999999999978e+01	1.712126731872558594e+01
2.600000000000000000e+02	1.450000000000000000e+01	1.780000000000000071e+01	1.785529999999999973e+01	1.721539878845214844e+01
2.600000000000000000e+02	1.500999999999999979e+01	1.829200000000000159e+01	1.834740000000000038e+01	1.711266326904296875e+01
2.600000000000000000e+02	1.552999999999999936e+01	1.878600000000000136e+01	1.884690000000000154e+01	1.766275215148925781e+01
2.600000000000000000e+02	1.601000000000000156e+01	1.923999999999999844e+01	1.930450000000000088e+01	1.831336021423339844e+01
2.600000000000000000e+02	1.653999999999999915e+01	1.973499999999999943e+01	1.980460000000000065e+01	1.853893470764160156e+01
2.600000000000000000e+02	1.701999999999999957e+01	2.019200000000000017e+01	2.025199999999999889e+01	1.872057914733886719e+01
2.600000000000000000e+02	1.739000000000000057e+01	2.053200000000000003e+01	2.059280000000000044e+01	1.899481582641601562e+01
2.600000000000000000e+02	1.798999999999999844e+01	2.106200000000000117e+01	2.113759999999999906e+01	1.956250762939453125e+01
2.600000000000000000e+02	1.846999999999999886e+01	2.149599999999999866e+01	2.156599999999999895e+01	1.960575103759765625e+01
2.600000000000000000e+02	1.898999999999999844e+01	2.194300000000000139e+01	2.202260000000000062e+01	1.949314308166503906e+01
2.600000000000000000e+02	1.946999999999999886e+01	2.235900000000000176e+01	2.243680000000000163e+01	1.967897033691406250e+01
2.600000000000000000e+02	1.982000000000000028e+01	2.265200000000000102e+01	2.273460000000000036e+01	1.966975593566894531e+01
2.800000000000000000e+02	1.048000000000000043e+01	1.110699999999999932e+01	1.387749999999999950e+01	1.145590305328369141e+01
2.800000000000000000e+02	1.050000000000000000e+01	1.116200000000000081e+01	1.388879999999999981e+01	1.187093067169189453e+01
2.800000000000000000e+02	1.051999999999999957e+01	1.123499999999999943e+01	1.390019999999999989e+01	1.188976573944091797e+01
2.800000000000000000e+02	1.053999999999999915e+01	1.129499999999999993e+01	1.391150000000000020e+01	1.186563205718994141e+01
2.800000000000000000e+02	1.055000000000000071e+01	1.136800000000000033e+01	1.391719999999999935e+01	1.186269855499267578e+01
2.800000000000000000e+02	1.056000000000000050e+01	1.143999999999999950e+01	1.392290000000000028e+01	1.185999774932861328e+01
2.800000000000000000e+02	1.057000000000000028e+01	1.151399999999999935e+01	1.392859999999999943e+01	1.185676574707031250e+01
2.800000000000000000e+02	1.058999999999999986e+01	1.167600000000000016e+01	1.393999999999999950e+01	1.185240268707275391e+01
2.800000000000000000e+02	1.059999999999999964e+01	1.184500000000000064e+01	1.394570000000000043e+01	1.186718559265136719e+01
2.800000000000000000e+02	1.061999999999999922e+01	1.202699999999999925e+01	1.395710000000000051e+01	1.186080169677734375e+01
2.800000000000000000e+02	1.066000000000000014e+01	1.221799999999999997e+01	1.398000000000000043e+01	1.301177310943603516e+01
2.800000000000000000e+02	1.069999999999999929e+01	1.242099999999999937e+01	1.400300000000000011e+01	1.305015468597412109e+01
2.800000000000000000e+02	1.074000000000000021e+01	1.262700000000000067e+01	1.402599999999999980e+01	1.300314426422119141e+01
2.800000000000000000e+02	1.078999999999999915e+01	1.287500000000000000e+01	1.405499999999999972e+01	1.334546089172363281e+01
2.800000000000000000e+02	1.083000000000000007e+01	1.310500000000000043e+01	1.407820000000000071e+01	1.312324142456054688e+01
2.800000000000000000e+02	1.089000000000000057e+01	1.336100000000000065e+01	1.411320000000000086e+01	1.298123073577880859e+01
2.800000000000000000e+02	1.093999999999999950e+01	1.362500000000000000e+01	1.414240000000000030e+01	1.317633342742919922e+01
2.800000000000000000e+02	1.099000000000000021e+01	1.390199999999999925e+01	1.417179999999999929e+01	1.332513904571533203e+01
2.800000000000000000e+02	1.105000000000000071e+01	1.418999999999999950e+01	1.420720000000000027e+01	1.331643199920654297e+01
2.800000000000000000e+02	1.150000000000000000e+01	1.448199999999999932e+01	1.447770000000000046e+01	1.322937870025634766e+01
2.800000000000000000e+02	1.200000000000000000e+01	1.479499999999999993e+01	1.478829999999999956e+01	1.315849494934082031e+01
2.800000000000000000e+02	1.248000000000000043e+01	1.509800000000000075e+01	1.509580000000000055e+01	1.387090873718261719e+01
2.800000000000000000e+02	1.300000000000000000e+01	1.543999999999999950e+01	1.543820000000000014e+01	1.446018886566162109e+01
2.800000000000000000e+02	1.350000000000000000e+01	1.576600000000000001e+01	1.577560000000000073e+01	1.474711704254150391e+01
2.800000000000000000e+02	1.392999999999999972e+01	1.605900000000000105e+01	1.607150000000000034e+01	1.489416885375976562e+01
2.800000000000000000e+02	1.447000000000000064e+01	1.643100000000000094e+01	1.644940000000000069e+01	1.523812961578369141e+01
2.800000000000000000e+02	1.500000000000000000e+01	1.680699999999999861e+01	1.682600000000000051e+01	1.502626705169677734e+01
2.800000000000000000e+02	1.550000000000000000e+01	1.716700000000000159e+01	1.718540000000000134e+01	1.565540885925292969e+01
2.800000000000000000e+02	1.600000000000000000e+01	1.752299999999999969e+01	1.754769999999999897e+01	1.616370964050292969e+01
2.800000000000000000e+02	1.651000000000000156e+01	1.787699999999999889e+01	1.791929999999999978e+01	1.640958786010742188e+01
2.800000000000000000e+02	1.700000000000000000e+01	1.824699999999999989e+01	1.827740000000000009e+01	1.656700134277343750e+01
2.800000000000000000e+02	1.750000000000000000e+01	1.859600000000000009e+01	1.864310000000000045e+01	1.695516777038574219e+01
2.800000000000000000e+02	1.798999999999999844e+01	1.896099999999999852e+01	1.900110000000000099e+01	1.764616775512695312e+01
2.800000000000000000e+02	1.851000000000000156e+01	1.933099999999999952e+01	1.937989999999999924e+01	1.763696861267089844e+01
2.800000000000000000e+02	1.901000000000000156e+01	1.968599999999999994e+01	1.974249999999999972e+01	1.762074279785156250e+01
2.800000000000000000e+02	1.946999999999999886e+01	2.000600000000000023e+01	2.007430000000000092e+01	1.765928077697753906e+01
2.800000000000000000e+02	1.983999999999999986e+01	2.026800000000000068e+01	2.033970000000000056e+01	1.771400451660156250e+01
3.000000000000000000e+02	4.750000000000000000e+00	1.200099999999999945e+01	1.200370000000000026e+01	1.095040512084960938e+01
3.000000000000000000e+02	4.990000000000000213e+00	1.206400000000000006e+01	1.206460000000000043e+01	8.337656021118164062e+00
3.000000000000000000e+02	5.490000000000000213e+00	1.219699999999999918e+01	1.219710000000000072e+01	1.069450950622558594e+01
3.000000000000000000e+02	5.969999999999999751e+00	1.233200000000000074e+01	1.233159999999999989e+01	9.521020889282226562e+00
3.000000000000000000e+02	6.469999999999999751e+00	1.248199999999999932e+01	1.247940000000000005e+01	1.137546348571777344e+01
3.000000000000000000e+02	7.000000000000000000e+00	1.264799999999999969e+01	1.264470000000000027e+01	1.107132339477539062e+01
3.000000000000000000e+02	7.500000000000000000e+00	1.281300000000000061e+01	1.280910000000000082e+01	1.179397583007812500e+01
3.000000000000000000e+02	7.980000000000000426e+00	1.297899999999999920e+01	1.297450000000000081e+01	1.176855850219726562e+01
3.000000000000000000e+02	8.460000000000000853e+00	1.315499999999999936e+01	1.314760000000000062e+01	1.217081451416015625e+01
3.000000000000000000e+02	9.000000000000000000e+00	1.335699999999999932e+01	1.335120000000000040e+01	1.249248409271240234e+01
3.000000000000000000e+02	9.500000000000000000e+00	1.355400000000000027e+01	1.354829999999999934e+01	1.244527435302734375e+01
3.000000000000000000e+02	9.990000000000000213e+00	1.375500000000000078e+01	1.374920000000000009e+01	1.191932201385498047e+01
3.000000000000000000e+02	1.049000000000000021e+01	1.396799999999999997e+01	1.396209999999999951e+01	1.267768764495849609e+01
3.000000000000000000e+02	1.094999999999999929e+01	1.417200000000000060e+01	1.416479999999999961e+01	1.406988906860351562e+01
3.000000000000000000e+02	1.150999999999999979e+01	1.442600000000000016e+01	1.442019999999999946e+01	1.405976581573486328e+01
3.000000000000000000e+02	1.200000000000000000e+01	1.465799999999999947e+01	1.465109999999999957e+01	1.419884490966796875e+01
3.000000000000000000e+02	1.250000000000000000e+01	1.489799999999999969e+01	1.489370000000000083e+01	1.481003475189208984e+01
3.000000000000000000e+02	1.298000000000000043e+01	1.513499999999999979e+01	1.513269999999999982e+01	1.487440109252929688e+01
3.000000000000000000e+02	1.346000000000000085e+01	1.538000000000000078e+01	1.537739999999999974e+01	1.507844448089599609e+01
3.000000000000000000e+02	1.401999999999999957e+01	1.567200000000000060e+01	1.566960000000000086e+01	1.568070888519287109e+01
3.000000000000000000e+02	1.451999999999999957e+01	1.593900000000000006e+01	1.593619999999999948e+01	1.597070121765136719e+01
3.000000000000000000e+02	1.497000000000000064e+01	1.617800000000000082e+01	1.618019999999999925e+01	1.595882892608642578e+01
3.000000000000000000e+02	1.548000000000000043e+01	1.645700000000000074e+01	1.646109999999999829e+01	1.589637565612792969e+01
3.000000000000000000e+02	1.596000000000000085e+01	1.671799999999999997e+01	1.672909999999999897e+01	1.706270790100097656e+01
3.000000000000000000e+02	1.646999999999999886e+01	1.700300000000000011e+01	1.701729999999999876e+01	1.705800437927246094e+01
3.000000000000000000e+02	1.698000000000000043e+01	1.729599999999999937e+01	1.730849999999999866e+01	1.757138252258300781e+01
3.000000000000000000e+02	1.748000000000000043e+01	1.757999999999999829e+01	1.759639999999999915e+01	1.780977249145507812e+01
3.000000000000000000e+02	1.796000000000000085e+01	1.785999999999999943e+01	1.787460000000000093e+01	1.849846076965332031e+01
3.000000000000000000e+02	1.846999999999999886e+01	1.815099999999999980e+01	1.817170000000000130e+01	1.849700164794921875e+01
3.000000000000000000e+02	1.894000000000000128e+01	1.842000000000000171e+01	1.844650000000000034e+01	1.839385223388671875e+01
3.000000000000000000e+02	1.951999999999999957e+01	1.875499999999999901e+01	1.878640000000000043e+01	1.869115447998046875e+01
3.000000000000000000e+02	2.003000000000000114e+01	1.904799999999999827e+01	1.908559999999999945e+01	1.714159202575683594e+01
3.200000000000000000e+02	4.750000000000000000e+00	1.256400000000000006e+01	1.256930000000000014e+01	1.113009738922119141e+01
3.200000000000000000e+02	5.000000000000000000e+00	1.261999999999999922e+01	1.262509999999999977e+01	8.071391105651855469e+00
3.200000000000000000e+02	5.490000000000000213e+00	1.273399999999999999e+01	1.273859999999999992e+01	1.111385917663574219e+01
3.200000000000000000e+02	6.000000000000000000e+00	1.285899999999999999e+01	1.286250000000000071e+01	9.441349029541015625e+00
3.200000000000000000e+02	6.490000000000000213e+00	1.298700000000000010e+01	1.298719999999999963e+01	1.127897930145263672e+01
3.200000000000000000e+02	7.000000000000000000e+00	1.312500000000000000e+01	1.312289999999999957e+01	1.105133533477783203e+01
3.200000000000000000e+02	7.480000000000000426e+00	1.325699999999999967e+01	1.325619999999999976e+01	1.211347007751464844e+01
3.200000000000000000e+02	8.009999999999999787e+00	1.341000000000000014e+01	1.340949999999999953e+01	1.195219612121582031e+01
3.200000000000000000e+02	8.490000000000000213e+00	1.356000000000000050e+01	1.355410000000000004e+01	1.234510993957519531e+01
3.200000000000000000e+02	8.990000000000000213e+00	1.371499999999999986e+01	1.371039999999999992e+01	1.256982135772705078e+01
3.200000000000000000e+02	9.500000000000000000e+00	1.388000000000000078e+01	1.387570000000000014e+01	1.255718326568603516e+01
3.200000000000000000e+02	1.000000000000000000e+01	1.405100000000000016e+01	1.404349999999999987e+01	1.178243350982666016e+01
3.200000000000000000e+02	1.049000000000000021e+01	1.422100000000000009e+01	1.421340000000000003e+01	1.277182197570800781e+01
3.200000000000000000e+02	1.100000000000000000e+01	1.440099999999999980e+01	1.439579999999999949e+01	1.422055149078369141e+01
3.200000000000000000e+02	1.150000000000000000e+01	1.458600000000000030e+01	1.458009999999999984e+01	1.415767669677734375e+01
3.200000000000000000e+02	1.186999999999999922e+01	1.473300000000000054e+01	1.471979999999999933e+01	1.415670108795166016e+01
3.200000000000000000e+02	1.248000000000000043e+01	1.496599999999999930e+01	1.495620000000000083e+01	1.489565086364746094e+01
3.200000000000000000e+02	1.298000000000000043e+01	1.516799999999999926e+01	1.515540000000000020e+01	1.487269687652587891e+01
3.200000000000000000e+02	1.350000000000000000e+01	1.537899999999999956e+01	1.536739999999999995e+01	1.588151073455810547e+01
3.200000000000000000e+02	1.400000000000000000e+01	1.558900000000000041e+01	1.557579999999999920e+01	1.594632720947265625e+01
3.200000000000000000e+02	1.450000000000000000e+01	1.580199999999999960e+01	1.578839999999999932e+01	1.624410247802734375e+01
3.200000000000000000e+02	1.500000000000000000e+01	1.601000000000000156e+01	1.600499999999999901e+01	1.628894233703613281e+01
3.200000000000000000e+02	1.550000000000000000e+01	1.623199999999999932e+01	1.622510000000000119e+01	1.725897026062011719e+01
3.200000000000000000e+02	1.601999999999999957e+01	1.646399999999999864e+01	1.645779999999999887e+01	1.723175621032714844e+01
3.200000000000000000e+02	1.653000000000000114e+01	1.670400000000000063e+01	1.668919999999999959e+01	1.763183403015136719e+01
3.200000000000000000e+02	1.703999999999999915e+01	1.692800000000000082e+01	1.692360000000000042e+01	1.771547126770019531e+01
3.200000000000000000e+02	1.753999999999999915e+01	1.715899999999999892e+01	1.715599999999999881e+01	1.802388763427734375e+01
3.200000000000000000e+02	1.801000000000000156e+01	1.738400000000000034e+01	1.737650000000000006e+01	1.862733078002929688e+01
3.200000000000000000e+02	1.851999999999999957e+01	1.762199999999999989e+01	1.761789999999999878e+01	1.860219764709472656e+01
3.200000000000000000e+02	1.901999999999999957e+01	1.785999999999999943e+01	1.785630000000000095e+01	1.875602722167968750e+01
3.200000000000000000e+02	1.950000000000000000e+01	1.809199999999999875e+01	1.808660000000000068e+01	1.887302970886230469e+01
3.200000000000000000e+02	1.992999999999999972e+01	1.829299999999999926e+01	1.829400000000000048e+01	1.886433029174804688e+01
3.400000000000000000e+02	4.740000000000000213e+00	1.312100000000000044e+01	1.313059999999999938e+01	9.622001647949218750e+00
3.400000000000000000e+02	4.919999999999999929e+00	1.315700000000000003e+01	1.316649999999999920e+01	1.139117145538330078e+01
3.400000000000000000e+02	5.500000000000000000e+00	1.327500000000000036e+01	1.328580000000000005e+01	1.112620830535888672e+01
3.400000000000000000e+02	5.990000000000000213e+00	1.338000000000000078e+01	1.339119999999999955e+01	1.056102943420410156e+01
3.400000000000000000e+02	6.469999999999999751e+00	1.349200000000000088e+01	1.349849999999999994e+01	1.184857940673828125e+01
3.400000000000000000e+02	7.009999999999999787e+00	1.361800000000000033e+01	1.362410000000000032e+01	1.115008735656738281e+01
3.400000000000000000e+02	7.480000000000000426e+00	1.373700000000000010e+01	1.373760000000000048e+01	1.258590030670166016e+01
3.400000000000000000e+02	7.940000000000000391e+00	1.384999999999999964e+01	1.385239999999999938e+01	1.295271301269531250e+01
3.400000000000000000e+02	8.009999999999999787e+00	1.386899999999999977e+01	1.387020000000000053e+01	1.259568691253662109e+01
3.400000000000000000e+02	8.490000000000000213e+00	1.399600000000000044e+01	1.399460000000000015e+01	1.279312419891357422e+01
3.400000000000000000e+02	9.000000000000000000e+00	1.413199999999999967e+01	1.413109999999999999e+01	1.290291881561279297e+01
3.400000000000000000e+02	9.500000000000000000e+00	1.427200000000000024e+01	1.426919999999999966e+01	1.257161331176757812e+01
3.400000000000000000e+02	9.990000000000000213e+00	1.441399999999999970e+01	1.440869999999999962e+01	1.192335700988769531e+01
3.400000000000000000e+02	1.047000000000000064e+01	1.455700000000000038e+01	1.454920000000000080e+01	1.295110034942626953e+01
3.400000000000000000e+02	1.099000000000000021e+01	1.471499999999999986e+01	1.470570000000000022e+01	1.459665012359619141e+01
3.400000000000000000e+02	1.149000000000000021e+01	1.487299999999999933e+01	1.486020000000000074e+01	1.459218692779541016e+01
3.400000000000000000e+02	1.188000000000000078e+01	1.499399999999999977e+01	1.498349999999999937e+01	1.478664779663085938e+01
3.400000000000000000e+02	1.250000000000000000e+01	1.519699999999999918e+01	1.518420000000000059e+01	1.541440296173095703e+01
3.400000000000000000e+02	1.297000000000000064e+01	1.535599999999999987e+01	1.534009999999999962e+01	1.562287521362304688e+01
3.400000000000000000e+02	1.350000000000000000e+01	1.553700000000000081e+01	1.551970000000000027e+01	1.645733642578125000e+01
3.400000000000000000e+02	1.400999999999999979e+01	1.572199999999999953e+01	1.569619999999999926e+01	1.613344383239746094e+01
3.400000000000000000e+02	1.450000000000000000e+01	1.589499999999999957e+01	1.586890000000000001e+01	1.652075004577636719e+01
3.400000000000000000e+02	1.500999999999999979e+01	1.607600000000000051e+01	1.605189999999999984e+01	1.676845741271972656e+01
3.400000000000000000e+02	1.600000000000000000e+01	1.644000000000000128e+01	1.641580000000000084e+01	1.780932998657226562e+01
3.400000000000000000e+02	1.701999999999999957e+01	1.682600000000000051e+01	1.680150000000000077e+01	1.819860839843750000e+01
3.400000000000000000e+02	1.798999999999999844e+01	1.720200000000000173e+01	1.717729999999999890e+01	1.911783409118652344e+01
3.400000000000000000e+02	1.901999999999999957e+01	1.761100000000000065e+01	1.758449999999999847e+01	1.928076171875000000e+01
3.400000000000000000e+02	2.008999999999999986e+01	1.803900000000000148e+01	1.801490000000000080e+01	1.793829917907714844e+01
3.400000000000000000e+02	2.098999999999999844e+01	1.840899999999999892e+01	1.838159999999999883e+01	1.756557464599609375e+01
3.400000000000000000e+02	2.198999999999999844e+01	1.882000000000000028e+01	1.879289999999999949e+01	1.925817108154296875e+01
3.400000000000000000e+02	2.294999999999999929e+01	1.921900000000000119e+01	1.919059999999999988e+01	2.233592605590820312e+01
3.400000000000000000e+02	2.387999999999999901e+01	1.960300000000000153e+01	1.957770000000000010e+01	2.072099113464355469e+01
3.400000000000000000e+02	2.496000000000000085e+01	2.005399999999999849e+01	2.002840000000000131e+01	2.067685699462890625e+01
3.400000000000000000e+02	2.596000000000000085e+01	2.047899999999999920e+01	2.044600000000000151e+01	2.126543998718261719e+01
3.400000000000000000e+02	2.694999999999999929e+01	2.088800000000000168e+01	2.085889999999999844e+01	2.262539100646972656e+01
3.400000000000000000e+02	2.780000000000000071e+01	2.124399999999999977e+01	2.121249999999999858e+01	2.309424972534179688e+01
3.400000000000000000e+02	2.876999999999999957e+01	2.164699999999999847e+01	2.161469999999999914e+01	2.304176712036132812e+01
3.600000000000000000e+02	4.750000000000000000e+00	1.367200000000000060e+01	1.369079999999999941e+01	1.144165515899658203e+01
3.600000000000000000e+02	5.000000000000000000e+00	1.371499999999999986e+01	1.373620000000000019e+01	8.326858520507812500e+00
3.600000000000000000e+02	5.500000000000000000e+00	1.380599999999999916e+01	1.382949999999999946e+01	1.097928047180175781e+01
3.600000000000000000e+02	6.009999999999999787e+00	1.390600000000000058e+01	1.392830000000000013e+01	1.054474258422851562e+01
3.600000000000000000e+02	6.500000000000000000e+00	1.400399999999999956e+01	1.402660000000000018e+01	1.161888027191162109e+01
3.600000000000000000e+02	7.000000000000000000e+00	1.411299999999999955e+01	1.413030000000000008e+01	1.160590934753417969e+01
3.600000000000000000e+02	7.500000000000000000e+00	1.421700000000000053e+01	1.423739999999999917e+01	1.265422248840332031e+01
3.600000000000000000e+02	8.019999999999999574e+00	1.433300000000000018e+01	1.435239999999999938e+01	1.250043106079101562e+01
3.600000000000000000e+02	8.509999999999999787e+00	1.444999999999999929e+01	1.446419999999999995e+01	1.269692802429199219e+01
3.600000000000000000e+02	8.980000000000000426e+00	1.456099999999999994e+01	1.457440000000000069e+01	1.283501529693603516e+01
3.600000000000000000e+02	9.480000000000000426e+00	1.468399999999999928e+01	1.469490000000000052e+01	1.281656169891357422e+01
3.600000000000000000e+02	1.000000000000000000e+01	1.481400000000000006e+01	1.482370000000000054e+01	1.165671253204345703e+01
3.600000000000000000e+02	1.048000000000000043e+01	1.494100000000000072e+01	1.494560000000000066e+01	1.330872821807861328e+01
3.600000000000000000e+02	1.099000000000000021e+01	1.507600000000000051e+01	1.507840000000000025e+01	1.442463302612304688e+01
3.600000000000000000e+02	1.150000000000000000e+01	1.521299999999999919e+01	1.521439999999999948e+01	1.456932735443115234e+01
3.600000000000000000e+02	1.198000000000000043e+01	1.534600000000000009e+01	1.534529999999999994e+01	1.471832180023193359e+01
3.600000000000000000e+02	1.249000000000000021e+01	1.548700000000000010e+01	1.548729999999999940e+01	1.543315124511718750e+01
3.600000000000000000e+02	1.299000000000000021e+01	1.563199999999999967e+01	1.562950000000000017e+01	1.549980545043945312e+01
3.600000000000000000e+02	1.348000000000000043e+01	1.577800000000000047e+01	1.577149999999999963e+01	1.551179027557373047e+01
3.600000000000000000e+02	1.398000000000000043e+01	1.592699999999999960e+01	1.591910000000000025e+01	1.572537040710449219e+01
3.600000000000000000e+02	1.449000000000000021e+01	1.608200000000000074e+01	1.607239999999999824e+01	1.662083053588867188e+01
3.600000000000000000e+02	1.499000000000000021e+01	1.624099999999999966e+01	1.622510000000000119e+01	1.663401222229003906e+01
3.600000000000000000e+02	1.600000000000000000e+01	1.656200000000000117e+01	1.654090000000000060e+01	1.776195335388183594e+01
3.600000000000000000e+02	1.703999999999999915e+01	1.689699999999999847e+01	1.687539999999999907e+01	1.835298347473144531e+01
3.600000000000000000e+02	1.801999999999999957e+01	1.722200000000000131e+01	1.719849999999999923e+01	1.914446258544921875e+01
3.600000000000000000e+02	1.898999999999999844e+01	1.755000000000000071e+01	1.752479999999999905e+01	1.926959037780761719e+01
3.600000000000000000e+02	1.994000000000000128e+01	1.788200000000000145e+01	1.785010000000000119e+01	1.897522735595703125e+01
3.600000000000000000e+02	2.098000000000000043e+01	1.824800000000000111e+01	1.821160000000000068e+01	1.774194526672363281e+01
3.600000000000000000e+02	2.198000000000000043e+01	1.860500000000000043e+01	1.856390000000000029e+01	1.942579269409179688e+01
3.600000000000000000e+02	2.287999999999999901e+01	1.892999999999999972e+01	1.888400000000000034e+01	2.193638420104980469e+01
3.600000000000000000e+02	2.401999999999999957e+01	1.932799999999999940e+01	1.929289999999999949e+01	2.087611389160156250e+01
3.600000000000000000e+02	2.498999999999999844e+01	1.968900000000000006e+01	1.964320000000000022e+01	2.059000015258789062e+01
3.600000000000000000e+02	2.598000000000000043e+01	2.005199999999999960e+01	2.000209999999999866e+01	2.178668403625488281e+01
3.600000000000000000e+02	2.689999999999999858e+01	2.037999999999999901e+01	2.033650000000000091e+01	2.314302062988281250e+01
3.600000000000000000e+02	2.803000000000000114e+01	2.080000000000000071e+01	2.074769999999999825e+01	2.297353172302246094e+01
3.600000000000000000e+02	2.917999999999999972e+01	2.122500000000000142e+01	2.116610000000000014e+01	2.249575805664062500e+01
2.931499999999999773e+02	1.182000000000000028e+02	1.091999999999999993e+01	5.701370000000000005e+01	3.250121307373046875e+01
2.331500000000000057e+02	5.509999999999999787e+00	1.088000000000000078e+01	1.064509999999999934e+01	1.635773658752441406e+01
2.331500000000000057e+02	7.339999999999999858e+00	1.236100000000000065e+01	1.213690000000000069e+01	1.598359012603759766e+01
2.331500000000000057e+02	8.839999999999999858e+00	1.419699999999999918e+01	1.398969999999999914e+01	1.726040458679199219e+01
2.331500000000000057e+02	1.034999999999999964e+01	1.658099999999999952e+01	1.636510000000000176e+01	1.454282474517822266e+01
2.331500000000000057e+02	1.200999999999999979e+01	1.933200000000000074e+01	1.909390000000000143e+01	1.832075500488281250e+01
2.331500000000000057e+02	1.430000000000000071e+01	2.267899999999999849e+01	2.242549999999999955e+01	2.003660774230957031e+01
2.331500000000000057e+02	1.776000000000000156e+01	2.663100000000000023e+01	2.645370000000000132e+01	2.223035621643066406e+01
2.331500000000000057e+02	2.323000000000000043e+01	3.127799999999999869e+01	3.135480000000000089e+01	2.408071899414062500e+01
2.631499999999999773e+02	6.719999999999999751e+00	1.193999999999999950e+01	1.177069999999999972e+01	1.277887248992919922e+01
2.631499999999999773e+02	9.349999999999999645e+00	1.342200000000000060e+01	1.327420000000000044e+01	1.420906829833984375e+01
2.631499999999999773e+02	1.176999999999999957e+01	1.525000000000000000e+01	1.511989999999999945e+01	1.582289409637451172e+01
2.631499999999999773e+02	1.434999999999999964e+01	1.754599999999999937e+01	1.741339999999999932e+01	1.765559387207031250e+01
2.631499999999999773e+02	1.737999999999999901e+01	2.030799999999999983e+01	2.017099999999999937e+01	1.944456100463867188e+01
2.631499999999999773e+02	2.130000000000000071e+01	2.354700000000000060e+01	2.346059999999999945e+01	1.895065879821777344e+01
2.631499999999999773e+02	2.564000000000000057e+01	2.656800000000000139e+01	2.665530000000000044e+01	2.116567039489746094e+01
2.931499999999999773e+02	7.910000000000000142e+00	1.296599999999999930e+01	1.281559999999999988e+01	1.082887363433837891e+01
2.931499999999999773e+02	1.130000000000000071e+01	1.442800000000000082e+01	1.430240000000000045e+01	1.254514980316162109e+01
2.931499999999999773e+02	1.131000000000000050e+01	1.444200000000000017e+01	1.430739999999999945e+01	1.254378032684326172e+01
2.931499999999999773e+02	1.469999999999999929e+01	1.629299999999999926e+01	1.616939999999999955e+01	1.477003860473632812e+01
2.931499999999999773e+02	1.835000000000000142e+01	1.853500000000000014e+01	1.841479999999999961e+01	1.715132141113281250e+01
2.931499999999999773e+02	2.267999999999999972e+01	2.121099999999999852e+01	2.111820000000000164e+01	1.714319992065429688e+01
2.931499999999999773e+02	2.810999999999999943e+01	2.430399999999999849e+01	2.430580000000000140e+01	2.024463844299316406e+01
2.931499999999999773e+02	2.825000000000000000e+01	2.438200000000000145e+01	2.438410000000000011e+01	2.023589515686035156e+01
3.331499999999999773e+02	4.910000000000000142e+00	1.310599999999999987e+01	1.297320000000000029e+01	1.157654190063476562e+01
3.331499999999999773e+02	9.470000000000000639e+00	1.427899999999999991e+01	1.412030000000000030e+01	1.316622924804687500e+01
3.331499999999999773e+02	1.391000000000000014e+01	1.576800000000000068e+01	1.560319999999999929e+01	1.632245826721191406e+01
3.331499999999999773e+02	1.851999999999999957e+01	1.760800000000000054e+01	1.743609999999999971e+01	1.905734252929687500e+01
3.331499999999999773e+02	2.364999999999999858e+01	1.982900000000000063e+01	1.965520000000000067e+01	2.204807472229003906e+01
3.331499999999999773e+02	2.967000000000000171e+01	2.242800000000000082e+01	2.228280000000000172e+01	2.304792976379394531e+01
3.731499999999999773e+02	5.599999999999999645e+00	1.434600000000000009e+01	1.420299999999999940e+01	9.779021263122558594e+00
3.731499999999999773e+02	1.098000000000000043e+01	1.553100000000000058e+01	1.534140000000000015e+01	1.399779319763183594e+01
3.731499999999999773e+02	1.644000000000000128e+01	1.702799999999999869e+01	1.680679999999999907e+01	1.760092163085937500e+01
3.731499999999999773e+02	1.648000000000000043e+01	1.704700000000000060e+01	1.681850000000000023e+01	1.759974670410156250e+01
3.731499999999999773e+02	2.223000000000000043e+01	1.885399999999999920e+01	1.859990000000000165e+01	1.953177261352539062e+01
3.731499999999999773e+02	2.885000000000000142e+01	2.106700000000000017e+01	2.079309999999999903e+01	2.279953384399414062e+01
3.731499999999999773e+02	2.887999999999999901e+01	2.107900000000000063e+01	2.080310000000000059e+01	2.249043083190917969e+01
4.231499999999999773e+02	6.459999999999999964e+00	1.581199999999999939e+01	1.565859999999999985e+01	7.330019950866699219e+00
4.231499999999999773e+02	1.290000000000000036e+01	1.702299999999999969e+01	1.679530000000000101e+01	1.409247779846191406e+01
4.231499999999999773e+02	2.696000000000000085e+01	2.038400000000000034e+01	2.001490000000000080e+01	2.171539688110351562e+01
4.231499999999999773e+02	1.960000000000000142e+01	1.853399999999999892e+01	1.823620000000000019e+01	1.844555473327636719e+01
4.731499999999999773e+02	1.480000000000000071e+01	1.837900000000000134e+01	1.816809999999999903e+01	1.544510078430175781e+01
4.731499999999999773e+02	2.278999999999999915e+01	1.987199999999999989e+01	1.959840000000000160e+01	2.215327453613281250e+01
4.731499999999999773e+02	7.309999999999999609e+00	1.716499999999999915e+01	1.703559999999999874e+01	9.408911705017089844e+00
5.231499999999999773e+02	8.289999999999999147e+00	1.848199999999999932e+01	1.836199999999999832e+01	1.208260917663574219e+01
5.231499999999999773e+02	1.660999999999999943e+01	1.965599999999999881e+01	1.946239999999999881e+01	1.813881111145019531e+01
5.231499999999999773e+02	2.585999999999999943e+01	2.115399999999999991e+01	2.087659999999999982e+01	2.222276878356933594e+01
5.231499999999999773e+02	2.596000000000000085e+01	2.117699999999999960e+01	2.089270000000000138e+01	2.250841522216796875e+01
2.731000000000000227e+02	9.026000000000000512e+01	5.335000000000000142e+01	5.271320000000000050e+01	4.157642364501953125e+01
2.731000000000000227e+02	1.005999999999999943e+02	5.675000000000000000e+01	5.608469999999999800e+01	3.774579620361328125e+01
2.731000000000000227e+02	1.192000000000000028e+02	6.297999999999999687e+01	6.190899999999999892e+01	4.378602600097656250e+01
2.731000000000000227e+02	1.403000000000000114e+02	7.031999999999999318e+01	6.826670000000000016e+01	5.311758422851562500e+01
2.731000000000000227e+02	1.609000000000000057e+02	7.645999999999999375e+01	7.432189999999999941e+01	6.511737060546875000e+01
2.731000000000000227e+02	1.805000000000000000e+02	8.298000000000000398e+01	8.000960000000000605e+01	6.589918518066406250e+01
2.731000000000000227e+02	4.620000000000000107e+00	1.124000000000000021e+01	1.120899999999999963e+01	1.592252349853515625e+01
2.731000000000000227e+02	5.120000000000000107e+00	1.150999999999999979e+01	1.136660000000000004e+01	1.251001071929931641e+01
2.731000000000000227e+02	5.419999999999999929e+00	1.177999999999999936e+01	1.146710000000000029e+01	1.296711254119873047e+01
2.731000000000000227e+02	5.750000000000000000e+00	1.175000000000000000e+01	1.158290000000000042e+01	1.543966770172119141e+01
2.731000000000000227e+02	6.129999999999999893e+00	1.196000000000000085e+01	1.172330000000000005e+01	1.376343059539794922e+01
2.731000000000000227e+02	6.400000000000000355e+00	1.216999999999999993e+01	1.182779999999999987e+01	1.374858760833740234e+01
2.731000000000000227e+02	6.750000000000000000e+00	1.226999999999999957e+01	1.196920000000000073e+01	1.623181724548339844e+01
2.731000000000000227e+02	7.129999999999999893e+00	1.242999999999999972e+01	1.213049999999999962e+01	1.708625984191894531e+01
2.731000000000000227e+02	7.469999999999999751e+00	1.267999999999999972e+01	1.228190000000000026e+01	1.656772041320800781e+01
2.731000000000000227e+02	7.959999999999999964e+00	1.274000000000000021e+01	1.251190000000000069e+01	1.754461479187011719e+01
2.731000000000000227e+02	8.500000000000000000e+00	1.308999999999999986e+01	1.278190000000000026e+01	1.778942871093750000e+01
2.731000000000000227e+02	9.000000000000000000e+00	1.325999999999999979e+01	1.304729999999999990e+01	1.798442840576171875e+01
2.731000000000000227e+02	9.539999999999999147e+00	1.351999999999999957e+01	1.335079999999999956e+01	1.708113479614257812e+01
2.731000000000000227e+02	1.002999999999999936e+01	1.391999999999999993e+01	1.364090000000000025e+01	1.598625278472900391e+01
2.731000000000000227e+02	1.075000000000000000e+01	1.433000000000000007e+01	1.409210000000000029e+01	1.965658187866210938e+01
2.731000000000000227e+02	1.150000000000000000e+01	1.471000000000000085e+01	1.459140000000000015e+01	1.943649864196777344e+01
2.731000000000000227e+02	1.246000000000000085e+01	1.544999999999999929e+01	1.526970000000000027e+01	1.917191696166992188e+01
2.731000000000000227e+02	1.349000000000000021e+01	1.607000000000000028e+01	1.603750000000000142e+01	2.095471763610839844e+01
2.731000000000000227e+02	1.456000000000000050e+01	1.703999999999999915e+01	1.686659999999999826e+01	2.139575576782226562e+01
2.731000000000000227e+02	1.547000000000000064e+01	1.764999999999999858e+01	1.758689999999999998e+01	2.143025588989257812e+01
2.731000000000000227e+02	1.714000000000000057e+01	1.896999999999999886e+01	1.891920000000000002e+01	2.319706916809082031e+01
2.731000000000000227e+02	1.851999999999999957e+01	2.014999999999999858e+01	2.000900000000000034e+01	2.376027870178222656e+01
2.731000000000000227e+02	2.005000000000000071e+01	2.119999999999999929e+01	2.118840000000000146e+01	2.404368400573730469e+01
2.731000000000000227e+02	2.146999999999999886e+01	2.233999999999999986e+01	2.224820000000000064e+01	2.326777839660644531e+01
2.731000000000000227e+02	2.276999999999999957e+01	2.323000000000000043e+01	2.318629999999999924e+01	2.620409774780273438e+01
2.731000000000000227e+02	2.450000000000000000e+01	2.453000000000000114e+01	2.438670000000000115e+01	2.533775329589843750e+01
2.731000000000000227e+02	2.607000000000000028e+01	2.551000000000000156e+01	2.543009999999999948e+01	2.687668800354003906e+01
2.731000000000000227e+02	2.798000000000000043e+01	2.669000000000000128e+01	2.664430000000000121e+01	2.741565322875976562e+01
2.731000000000000227e+02	3.000000000000000000e+01	2.794999999999999929e+01	2.786840000000000117e+01	2.756476020812988281e+01
2.731000000000000227e+02	3.256000000000000227e+01	2.928000000000000114e+01	2.934120000000000061e+01	2.869564819335937500e+01
2.731000000000000227e+02	3.539999999999999858e+01	3.107999999999999829e+01	3.088629999999999853e+01	2.963472557067871094e+01
2.731000000000000227e+02	3.865999999999999659e+01	3.275999999999999801e+01	3.256269999999999953e+01	2.914773941040039062e+01
2.731000000000000227e+02	4.052000000000000313e+01	3.367000000000000171e+01	3.347930000000000206e+01	3.300278091430664062e+01
2.731000000000000227e+02	4.418999999999999773e+01	3.554999999999999716e+01	3.521540000000000248e+01	3.512261199951171875e+01
2.731000000000000227e+02	4.699000000000000199e+01	3.657000000000000028e+01	3.648369999999999891e+01	3.464487838745117188e+01
2.731000000000000227e+02	5.010999999999999943e+01	3.829999999999999716e+01	3.784779999999999944e+01	3.634099197387695312e+01
2.731000000000000227e+02	5.527000000000000313e+01	3.996999999999999886e+01	4.000750000000000028e+01	3.850286102294921875e+01
2.731000000000000227e+02	6.021999999999999886e+01	4.209000000000000341e+01	4.198490000000000322e+01	3.749356460571289062e+01
2.731499999999999773e+02	6.523999999999999488e+01	4.415999999999999659e+01	4.390279999999999916e+01	4.811462020874023438e+01
2.731499999999999773e+02	7.023999999999999488e+01	4.621000000000000085e+01	4.575730000000000075e+01	4.824495697021484375e+01
2.731499999999999773e+02	7.529999999999999716e+01	4.806000000000000227e+01	4.757780000000000342e+01	4.762124252319335938e+01
2.731499999999999773e+02	8.056999999999999318e+01	4.985999999999999943e+01	4.942260000000000275e+01	4.959677124023437500e+01
2.731499999999999773e+02	8.056999999999999318e+01	4.975000000000000000e+01	4.942260000000000275e+01	4.941236114501953125e+01
2.731499999999999773e+02	8.525000000000000000e+01	5.182000000000000028e+01	5.102300000000000324e+01	5.353086090087890625e+01
2.731499999999999773e+02	9.026999999999999602e+01	5.372999999999999687e+01	5.270530000000000115e+01	5.419501113891601562e+01
2.731499999999999773e+02	9.506000000000000227e+01	5.600000000000000000e+01	5.428130000000000166e+01	4.697614669799804688e+01
2.731499999999999773e+02	1.005900000000000034e+02	5.707999999999999829e+01	5.606980000000000075e+01	4.950266265869140625e+01
2.731499999999999773e+02	1.099899999999999949e+02	6.071999999999999886e+01	5.904540000000000077e+01	3.374714660644531250e+01
2.731499999999999773e+02	1.200900000000000034e+02	6.339000000000000057e+01	6.216899999999999693e+01	5.539430236816406250e+01
2.731499999999999773e+02	1.298700000000000045e+02	6.757999999999999829e+01	6.513649999999999807e+01	6.433965301513671875e+01
2.731499999999999773e+02	1.403300000000000125e+02	7.081999999999999318e+01	6.826210000000000377e+01	5.476778793334960938e+01
2.731499999999999773e+02	1.501200000000000045e+02	7.443000000000000682e+01	7.115290000000000248e+01	7.539026641845703125e+01
2.731499999999999773e+02	1.609399999999999977e+02	7.779000000000000625e+01	7.431910000000000593e+01	8.098962402343750000e+01
2.731499999999999773e+02	1.805099999999999909e+02	8.396999999999999886e+01	7.999720000000000653e+01	7.666066741943359375e+01
2.981499999999999773e+02	4.990000000000000213e+00	1.200999999999999979e+01	1.201309999999999967e+01	1.868844223022460938e+01
3.231499999999999773e+02	4.719999999999999751e+00	1.275000000000000000e+01	1.265179999999999971e+01	9.071701049804687500e+00
3.481499999999999773e+02	4.740000000000000213e+00	1.344999999999999929e+01	1.335890000000000022e+01	9.586816787719726562e+00
3.731499999999999773e+02	4.940000000000000391e+00	1.414000000000000057e+01	1.408670000000000044e+01	1.082659149169921875e+01
2.981499999999999773e+02	5.219999999999999751e+00	1.231000000000000050e+01	1.207390000000000008e+01	1.591399955749511719e+01
2.981499999999999773e+02	7.469999999999999751e+00	1.326999999999999957e+01	1.275910000000000011e+01	2.013097953796386719e+01
2.981499999999999773e+02	9.539999999999999147e+00	1.403999999999999915e+01	1.353950000000000031e+01	2.096652793884277344e+01
2.981499999999999773e+02	1.222000000000000064e+01	1.524000000000000021e+01	1.475869999999999926e+01	2.344797706604003906e+01
2.981499999999999773e+02	1.516999999999999993e+01	1.691000000000000014e+01	1.632740000000000080e+01	2.530628776550292969e+01
2.981499999999999773e+02	1.767000000000000171e+01	1.835000000000000142e+01	1.777530000000000143e+01	2.707274436950683594e+01
2.981499999999999773e+02	2.048999999999999844e+01	2.014999999999999858e+01	1.945680000000000121e+01	2.712230110168457031e+01
2.981499999999999773e+02	2.505999999999999872e+01	2.298000000000000043e+01	2.213449999999999918e+01	2.920744514465332031e+01
2.981499999999999773e+02	3.046999999999999886e+01	2.607000000000000028e+01	2.509329999999999927e+01	3.412844467163085938e+01
2.981499999999999773e+02	3.400999999999999801e+01	2.798000000000000043e+01	2.689089999999999847e+01	3.398637008666992188e+01
2.981499999999999773e+02	4.024000000000000199e+01	3.121999999999999886e+01	2.981899999999999906e+01	3.637615585327148438e+01
2.981499999999999773e+02	5.045000000000000284e+01	3.567999999999999972e+01	3.411399999999999721e+01	4.161934661865234375e+01
2.981499999999999773e+02	5.995000000000000284e+01	3.985000000000000142e+01	3.771410000000000196e+01	4.183913040161132812e+01
2.981499999999999773e+02	6.992000000000000171e+01	4.410000000000000142e+01	4.120969999999999800e+01	4.111643600463867188e+01
2.981499999999999773e+02	8.101999999999999602e+01	4.800999999999999801e+01	4.485949999999999704e+01	4.192885971069335938e+01
2.981499999999999773e+02	9.206000000000000227e+01	5.182000000000000028e+01	4.830680000000000263e+01	4.584337615966796875e+01
2.981499999999999773e+02	1.031500000000000057e+02	5.560999999999999943e+01	5.163510000000000133e+01	2.202880096435546875e+01
2.981499999999999773e+02	1.243499999999999943e+02	6.288000000000000256e+01	5.773910000000000053e+01	5.628837966918945312e+01
2.981499999999999773e+02	1.501200000000000045e+02	7.123000000000000398e+01	6.487800000000000011e+01	6.844388580322265625e+01
2.981499999999999773e+02	1.758799999999999955e+02	7.876000000000000512e+01	7.185890000000000555e+01	7.089009857177734375e+01
3.000000000000000000e+02	2.751999999999999957e+01	2.307999999999999829e+01	2.335269999999999868e+01	2.185190391540527344e+01
3.000000000000000000e+02	2.460999999999999943e+01	2.162999999999999901e+01	2.173809999999999931e+01	2.031102943420410156e+01
3.000000000000000000e+02	2.198000000000000043e+01	2.010999999999999943e+01	2.022640000000000171e+01	1.902342987060546875e+01
3.000000000000000000e+02	1.985999999999999943e+01	1.889000000000000057e+01	1.898590000000000089e+01	1.891744804382324219e+01
3.000000000000000000e+02	1.758999999999999986e+01	1.760000000000000142e+01	1.766000000000000014e+01	1.799699783325195312e+01
3.000000000000000000e+02	1.422000000000000064e+01	1.617000000000000171e+01	1.577570000000000050e+01	1.602265548706054688e+01
3.000000000000000000e+02	1.066000000000000014e+01	1.409999999999999964e+01	1.403630000000000067e+01	1.329111862182617188e+01
3.000000000000000000e+02	8.589999999999999858e+00	1.342999999999999972e+01	1.319570000000000043e+01	1.245203495025634766e+01
3.000000000000000000e+02	6.580000000000000071e+00	1.257000000000000028e+01	1.251290000000000013e+01	1.061498737335205078e+01
2.500000000000000000e+02	3.310999999999999943e+01	3.390999999999999659e+01	3.394069999999999965e+01	2.633252906799316406e+01
2.500000000000000000e+02	3.021000000000000085e+01	3.211999999999999744e+01	3.217759999999999820e+01	2.459668922424316406e+01
2.500000000000000000e+02	2.626000000000000156e+01	2.955999999999999872e+01	2.955949999999999989e+01	2.476041221618652344e+01
2.500000000000000000e+02	2.342999999999999972e+01	2.744000000000000128e+01	2.748079999999999856e+01	2.422605514526367188e+01
2.500000000000000000e+02	1.991000000000000014e+01	2.455000000000000071e+01	2.456940000000000168e+01	2.133746528625488281e+01
2.500000000000000000e+02	1.564000000000000057e+01	2.032999999999999829e+01	2.038090000000000046e+01	2.036935234069824219e+01
2.500000000000000000e+02	1.422000000000000064e+01	1.930000000000000071e+01	1.881240000000000023e+01	1.968341636657714844e+01
2.500000000000000000e+02	1.283000000000000007e+01	1.723999999999999844e+01	1.722500000000000142e+01	1.903764533996582031e+01
2.500000000000000000e+02	1.149000000000000021e+01	1.586999999999999922e+01	1.570909999999999940e+01	1.783664321899414062e+01
2.500000000000000000e+02	1.009999999999999964e+01	1.456000000000000050e+01	1.424629999999999974e+01	1.491443634033203125e+01
2.500000000000000000e+02	8.689999999999999503e+00	1.311999999999999922e+01	1.296560000000000024e+01	1.653818511962890625e+01
2.500000000000000000e+02	7.250000000000000000e+00	1.231000000000000050e+01	1.190930000000000000e+01	1.563020992279052734e+01
2.500000000000000000e+02	5.799999999999999822e+00	1.135999999999999943e+01	1.108970000000000056e+01	1.395657157897949219e+01
2.000000000000000000e+02	2.607000000000000028e+01	4.554999999999999716e+01	4.526389999999999958e+01	3.200078582763671875e+01
2.000000000000000000e+02	2.278999999999999915e+01	4.325999999999999801e+01	4.279449999999999932e+01	3.057165908813476562e+01
2.000000000000000000e+02	1.714999999999999858e+01	3.846999999999999886e+01	3.797549999999999670e+01	2.878250694274902344e+01
2.000000000000000000e+02	1.349000000000000021e+01	3.449000000000000199e+01	3.419839999999999947e+01	2.692343902587890625e+01
2.000000000000000000e+02	1.075000000000000000e+01	3.117999999999999972e+01	3.069660000000000011e+01	2.487447166442871094e+01
2.000000000000000000e+02	8.980000000000000426e+00	2.810999999999999943e+01	2.777929999999999922e+01	2.416573333740234375e+01
2.000000000000000000e+02	7.929999999999999716e+00	2.603000000000000114e+01	2.550240000000000151e+01	2.397967529296875000e+01
2.000000000000000000e+02	7.099999999999999645e+00	2.325000000000000000e+01	2.302070000000000149e+01	2.282395744323730469e+01
2.000000000000000000e+02	6.089999999999999858e+00	1.773000000000000043e+01	1.714389999999999858e+01	2.105816078186035156e+01
2.000000000000000000e+02	5.719999999999999751e+00	1.397000000000000064e+01	1.367660000000000053e+01	2.430931091308593750e+01
2.000000000000000000e+02	5.339999999999999858e+00	1.227999999999999936e+01	1.153180000000000049e+01	2.027761077880859375e+01
2.000000000000000000e+02	5.059999999999999609e+00	1.143999999999999950e+01	1.066189999999999927e+01	2.273265838623046875e+01
2.000000000000000000e+02	4.690000000000000391e+00	1.071000000000000085e+01	9.922000000000000597e+00	2.450708580017089844e+01
2.731499999999999773e+02	6.059999999999999609e+00	1.159699999999999953e+01	1.169800000000000040e+01	2.497661209106445312e+01
2.731499999999999773e+02	1.011999999999999922e+01	1.330799999999999983e+01	1.369539999999999935e+01	2.778332138061523438e+01
2.731499999999999773e+02	1.416999999999999993e+01	1.638100000000000023e+01	1.655880000000000152e+01	3.203505325317382812e+01
2.731499999999999773e+02	2.023999999999999844e+01	2.103999999999999915e+01	2.132659999999999911e+01	3.410035324096679688e+01
2.731499999999999773e+02	3.032000000000000028e+01	2.766300000000000026e+01	2.804960000000000164e+01	3.998931884765625000e+01
2.731499999999999773e+02	4.047999999999999687e+01	3.308599999999999852e+01	3.345150000000000290e+01	4.537064743041992188e+01
2.731499999999999773e+02	5.057000000000000028e+01	3.767999999999999972e+01	3.803589999999999804e+01	4.781992340087890625e+01
2.231500000000000057e+02	8.099999999999999645e+00	1.376500000000000057e+01	1.405160000000000053e+01	2.528646659851074219e+01
2.231500000000000057e+02	1.011999999999999922e+01	1.817500000000000071e+01	1.848440000000000083e+01	2.379889297485351562e+01
2.231500000000000057e+02	1.416999999999999993e+01	2.484799999999999898e+01	2.535470000000000113e+01	2.771870231628417969e+01
2.231500000000000057e+02	2.023000000000000043e+01	3.120299999999999940e+01	3.181230000000000047e+01	2.837536048889160156e+01
2.231500000000000057e+02	3.033999999999999986e+01	3.856799999999999784e+01	3.938060000000000116e+01	3.397198486328125000e+01
2.231500000000000057e+02	4.047999999999999687e+01	4.458299999999999841e+01	4.541129999999999711e+01	3.598985290527343750e+01
2.231500000000000057e+02	5.057999999999999829e+01	4.987500000000000000e+01	5.063750000000000284e+01	3.946489334106445312e+01
1.981500000000000057e+02	6.080000000000000071e+00	1.950600000000000023e+01	1.990980000000000061e+01	3.049883651733398438e+01
1.981500000000000057e+02	7.099999999999999645e+00	2.436199999999999832e+01	2.462419999999999831e+01	3.327913284301757812e+01
1.981500000000000057e+02	1.010999999999999943e+01	3.067899999999999849e+01	3.076139999999999830e+01	3.164914321899414062e+01
1.981500000000000057e+02	1.408000000000000007e+01	3.574199999999999733e+01	3.575930000000000319e+01	3.551785278320312500e+01
1.981500000000000057e+02	2.023000000000000043e+01	4.111500000000000199e+01	4.156629999999999825e+01	3.703276062011718750e+01
1.981500000000000057e+02	3.033999999999999986e+01	4.850500000000000256e+01	4.908279999999999887e+01	4.318550491333007812e+01
1.981500000000000057e+02	4.046000000000000085e+01	5.477300000000000324e+01	5.537469999999999715e+01	4.460763549804687500e+01
1.981500000000000057e+02	5.020000000000000284e+01	6.075500000000000256e+01	6.075469999999999970e+01	4.915100479125976562e+01
2.775899999999999750e+02	1.024099999999999966e+02	1.243800000000000061e+01	5.562599999999999767e+01	1.493688011169433594e+01
2.775899999999999750e+02	1.024099999999999966e+02	1.245899999999999963e+01	5.562599999999999767e+01	1.493298816680908203e+01
2.775899999999999750e+02	1.024099999999999966e+02	1.244500000000000028e+01	5.562599999999999767e+01	1.493545722961425781e+01
3.109300000000000068e+02	9.234999999999999432e+01	1.282300000000000040e+01	4.628110000000000213e+01	2.246457672119140625e+01
3.109300000000000068e+02	9.234999999999999432e+01	1.283500000000000085e+01	4.628110000000000213e+01	2.246085739135742188e+01
3.109300000000000068e+02	1.500099999999999909e+02	1.428700000000000081e+01	6.211730000000000018e+01	2.449318122863769531e+01
3.109300000000000068e+02	1.500099999999999909e+02	1.424900000000000055e+01	6.211730000000000018e+01	2.450508499145507812e+01
3.109300000000000068e+02	1.500000000000000000e+02	1.432799999999999940e+01	6.211460000000000292e+01	3.566628265380859375e+01
3.109300000000000068e+02	1.969799999999999898e+02	1.553599999999999959e+01	7.434329999999999927e+01	1.939628982543945312e+01
3.109300000000000068e+02	1.969799999999999898e+02	1.553599999999999959e+01	7.434329999999999927e+01	1.939628982543945312e+01
3.109300000000000068e+02	1.969799999999999898e+02	1.563400000000000034e+01	7.434329999999999927e+01	1.936764907836914062e+01
3.109300000000000068e+02	1.969799999999999898e+02	1.564199999999999946e+01	7.434329999999999927e+01	1.936563301086425781e+01
3.775899999999999750e+02	1.036700000000000017e+02	1.463899999999999935e+01	4.127859999999999729e+01	2.424390792846679688e+01
3.775899999999999750e+02	1.036800000000000068e+02	1.465799999999999947e+01	4.128090000000000259e+01	1.672767066955566406e+01
3.775899999999999750e+02	1.036800000000000068e+02	1.465600000000000058e+01	4.128090000000000259e+01	1.672810363769531250e+01
4.442599999999999909e+02	1.027399999999999949e+02	1.637699999999999889e+01	3.651180000000000092e+01	1.901477622985839844e+01
4.442599999999999909e+02	1.027699999999999960e+02	1.635699999999999932e+01	3.651760000000000161e+01	1.901946258544921875e+01
4.442599999999999909e+02	1.028100000000000023e+02	1.635800000000000054e+01	3.652530000000000143e+01	2.009897613525390625e+01
4.775899999999999750e+02	1.040400000000000063e+02	1.724200000000000088e+01	3.529950000000000188e+01	1.712020874023437500e+01
4.775899999999999750e+02	1.040799999999999983e+02	1.725300000000000011e+01	3.530649999999999977e+01	1.711732482910156250e+01
4.775899999999999750e+02	1.041299999999999955e+02	1.721399999999999864e+01	3.531539999999999679e+01	2.038220405578613281e+01
2.275900000000000034e+02	6.080000000000000071e+00	1.087500000000000000e+01	1.103040000000000020e+01	1.320971965789794922e+01
2.275900000000000034e+02	8.109999999999999432e+00	1.352800000000000047e+01	1.346950000000000003e+01	1.729841804504394531e+01
2.275900000000000034e+02	1.216000000000000014e+01	2.164099999999999824e+01	2.088670000000000115e+01	1.830805778503417969e+01
2.275900000000000034e+02	1.418999999999999950e+01	2.501300000000000168e+01	2.391169999999999973e+01	1.912615585327148438e+01
2.414799999999999898e+02	6.080000000000000071e+00	1.111700000000000088e+01	1.110469999999999935e+01	1.012350940704345703e+01
2.414799999999999898e+02	8.109999999999999432e+00	1.239000000000000057e+01	1.265639999999999965e+01	1.457664012908935547e+01
2.414799999999999898e+02	1.013000000000000078e+01	1.414400000000000013e+01	1.489959999999999951e+01	1.395572090148925781e+01
2.414799999999999898e+02	1.418999999999999950e+01	1.869200000000000017e+01	2.028760000000000119e+01	1.807267570495605469e+01
2.414799999999999898e+02	1.621000000000000085e+01	2.086499999999999844e+01	2.268609999999999971e+01	1.965477943420410156e+01
2.553700000000000045e+02	4.940000000000000391e+00	1.126399999999999935e+01	1.083880000000000088e+01	1.144810581207275391e+01
2.553700000000000045e+02	7.009999999999999787e+00	1.200999999999999979e+01	1.180749999999999922e+01	1.229498195648193359e+01
2.553700000000000045e+02	9.890000000000000568e+00	1.345400000000000063e+01	1.383120000000000083e+01	1.252287197113037109e+01
2.553700000000000045e+02	1.334999999999999964e+01	1.579899999999999949e+01	1.718370000000000175e+01	1.658183860778808594e+01
2.553700000000000045e+02	1.689000000000000057e+01	1.848699999999999832e+01	2.079429999999999978e+01	1.857390594482421875e+01
2.692599999999999909e+02	5.549999999999999822e+00	1.212299999999999933e+01	1.141639999999999944e+01	1.060896205902099609e+01
2.692599999999999909e+02	7.980000000000000426e+00	1.292300000000000004e+01	1.247729999999999961e+01	1.214788818359375000e+01
2.692599999999999909e+02	1.150000000000000000e+01	1.438400000000000034e+01	1.468570000000000064e+01	1.449098587036132812e+01
2.692599999999999909e+02	1.593999999999999950e+01	1.673100000000000165e+01	1.827400000000000091e+01	1.758806228637695312e+01
2.692599999999999909e+02	1.776000000000000156e+01	1.770899999999999963e+01	1.979380000000000095e+01	1.907160949707031250e+01
2.970400000000000205e+02	5.559999999999999609e+00	1.350399999999999956e+01	1.213729999999999976e+01	1.006010437011718750e+01
2.970400000000000205e+02	8.140000000000000568e+00	1.411899999999999977e+01	1.297470000000000034e+01	1.158515453338623047e+01
2.970400000000000205e+02	1.211999999999999922e+01	1.522199999999999953e+01	1.471069999999999922e+01	1.415876293182373047e+01
2.970400000000000205e+02	1.467999999999999972e+01	1.606599999999999895e+01	1.607450000000000045e+01	1.589791584014892578e+01
2.970400000000000205e+02	1.764999999999999858e+01	1.710000000000000142e+01	1.780720000000000169e+01	1.797389030456542969e+01
3.387099999999999795e+02	5.679999999999999716e+00	1.561999999999999922e+01	1.328919999999999924e+01	1.060759067535400391e+01
3.387099999999999795e+02	8.509999999999999787e+00	1.605499999999999972e+01	1.397059999999999924e+01	1.304876899719238281e+01
3.387099999999999795e+02	1.272000000000000064e+01	1.683099999999999952e+01	1.524029999999999951e+01	1.591872596740722656e+01
3.387099999999999795e+02	1.577999999999999936e+01	1.749599999999999866e+01	1.632959999999999923e+01	1.781747055053710938e+01
3.387099999999999795e+02	1.723000000000000043e+01	1.782700000000000173e+01	1.688400000000000034e+01	1.969869232177734375e+01
