# Temperature (K)	Pressure (MPa)	Experimental(m3/kg)	NIST(m3/kg)	Model(m3/kg)
2.528329999999999984e+02	4.589699999999999669e+00	2.352697824479139943e-02	2.444059999999999983e-02	9.841763473577614524e-03
2.033990000000000009e+02	4.855900000000000105e+00	2.453817438141960017e-02	1.330970000000000070e-02	7.164438606518780915e-03
2.733799999999999955e+02	5.105800000000000338e+00	2.447363572696580059e-02	2.446169999999999942e-02	1.085443986670126676e-02
2.085740000000000123e+02	6.027000000000000135e+00	9.648704561066100832e-03	9.682480000000000253e-03	7.292202305002946743e-03
2.232340000000000089e+02	7.234600000000000364e+00	9.655129957856100134e-03	9.669540000000000773e-03	7.888495812421044209e-03
2.344399999999999977e+02	8.143299999999999983e+00	9.659917205236000573e-03	9.668740000000000320e-03	8.370964448227489682e-03
2.437330000000000041e+02	8.891299999999999315e+00	9.664559380367199193e-03	9.667989999999999570e-03	8.760333253878061291e-03
2.437729999999999961e+02	8.893900000000000361e+00	9.664559380367199193e-03	9.668909999999999311e-03	8.762102612748241814e-03
2.513760000000000048e+02	9.501799999999999358e+00	9.668306321181199467e-03	9.669409999999999811e-03	9.087647071426223355e-03
2.621899999999999977e+02	1.035050000000000026e+01	9.672956564710599378e-03	9.683419999999999875e-03	9.543608474435990793e-03
2.721549999999999727e+02	1.114780000000000015e+01	9.677611283723099728e-03	9.673460000000000045e-03	9.963593951874245847e-03
2.721850000000000023e+02	1.114939999999999998e+01	9.677611283723099728e-03	9.674260000000000498e-03	9.964979533153874025e-03
1.910320000000000107e+02	4.614499999999999602e+00	8.618092043360300533e-03	8.485799999999999940e-03	6.568524371329524485e-03
1.933249999999999886e+02	4.833599999999999675e+00	8.621071360538799452e-03	8.702980000000000785e-03	6.643098424796950278e-03
1.977369999999999948e+02	5.272199999999999775e+00	8.622502164592900711e-03	8.674730000000000288e-03	6.817683935097851311e-03
2.027529999999999859e+02	5.762699999999999712e+00	8.624768575897100512e-03	8.657579999999999790e-03	7.030322798268431699e-03
2.032239999999999895e+02	6.290899999999999714e+00	8.627036178960000717e-03	6.701050000000000062e-03	6.974421951105097203e-03
2.121649999999999920e+02	6.668899999999999828e+00	8.628468963776699321e-03	8.642459999999999379e-03	7.384418606145604427e-03
2.171359999999999957e+02	7.142100000000000115e+00	8.630738513306899368e-03	8.640099999999999517e-03	7.581069611021739457e-03
2.229259999999999877e+02	7.690900000000000070e+00	8.632889714454000663e-03	8.637459999999999583e-03	7.811072591452730175e-03
2.300500000000000114e+02	8.361399999999999721e+00	8.635879273447499838e-03	8.637680000000000011e-03	8.085873069023844298e-03
2.373360000000000127e+02	9.043200000000000571e+00	8.638870903719500158e-03	8.639020000000000726e-03	8.382137758205381733e-03
2.427090000000000032e+02	9.543400000000000105e+00	8.641145929322000679e-03	8.640800000000000564e-03	8.606514963624750311e-03
2.484439999999999884e+02	1.007569999999999943e+01	8.643422153485099194e-03	8.642449999999999438e-03	8.838142200025263934e-03
2.501939999999999884e+02	1.023760000000000048e+01	8.644141210275799528e-03	8.643150000000000485e-03	8.908755725452122826e-03
2.534449999999999932e+02	1.053780000000000072e+01	8.645579682832400456e-03	8.644580000000000666e-03	9.043689849487638807e-03
2.536419999999999959e+02	1.101720000000000077e+01	8.647858243754200439e-03	8.185619999999999355e-03	8.980065098752576178e-03
2.630500000000000114e+02	1.142290000000000028e+01	8.649417951258000711e-03	8.647449999999999234e-03	9.429952138776651754e-03
2.683009999999999877e+02	1.190489999999999959e+01	8.651578475301799701e-03	8.649070000000000022e-03	9.640390647454427295e-03
2.731709999999999923e+02	1.236040000000000028e+01	8.653860199726899280e-03	8.642830000000000651e-03	9.835284282109587120e-03
1.910320000000000107e+02	4.657899999999999707e+00	6.896170484809599661e-03	7.105710000000000325e-03	6.541478593148696702e-03
1.915509999999999877e+02	4.731799999999999784e+00	6.337718781221099960e-03	6.773580000000000399e-03	6.560439488329228991e-03
1.929379999999999882e+02	4.928200000000000358e+00	6.338105368922800423e-03	6.510540000000000424e-03	6.605762742826488086e-03
1.952429999999999950e+02	5.256300000000000416e+00	6.338943137423299831e-03	6.402309999999999598e-03	6.682369561598682992e-03
1.975620000000000118e+02	5.586999999999999744e+00	6.339329874510400177e-03	6.373979999999999577e-03	6.758855859050129020e-03
2.004110000000000014e+02	5.997700000000000031e+00	6.340103490269999656e-03	6.347359999999999808e-03	6.852397421790435567e-03
2.028290000000000077e+02	6.341700000000000337e+00	6.340941787110699647e-03	6.352759999999999831e-03	6.932428746816289393e-03
2.063700000000000045e+02	6.850299999999999834e+00	6.342167389026799607e-03	6.348290000000000356e-03	7.048203147263655544e-03
2.135029999999999859e+02	7.877100000000000435e+00	6.344168072745699945e-03	6.344289999999999825e-03	7.271395733577505974e-03
2.236469999999999914e+02	9.338900000000000645e+00	6.347397643135000399e-03	6.344400000000000039e-03	7.603376874886363240e-03
2.363979999999999961e+02	1.117670000000000030e+01	6.351406879813399631e-03	6.346700000000000258e-03	8.013613727281397592e-03
2.481469999999999914e+02	1.286739999999999995e+01	6.354643826280499848e-03	6.349719999999999670e-03	8.396961161255612691e-03
2.551630000000000109e+02	1.387490000000000023e+01	6.357041291602199759e-03	6.351769999999999639e-03	8.643722640675640528e-03
2.731669999999999732e+02	1.645039999999999836e+01	6.362296117039699904e-03	6.357650000000000280e-03	9.182953464614215799e-03
1.910320000000000107e+02	4.660700000000000287e+00	6.102777063820600048e-03	6.902509999999999722e-03	6.545906519760036867e-03
1.910399999999999920e+02	4.661800000000000388e+00	6.104509992447900053e-03	6.899169999999999608e-03	6.546170453570555707e-03
1.912290000000000134e+02	4.690000000000000391e+00	6.104509992447900053e-03	6.674470000000000056e-03	6.552205472539296936e-03
1.914279999999999973e+02	4.718799999999999883e+00	6.104509992447900053e-03	6.565510000000000096e-03	6.558712128648441254e-03
1.918199999999999932e+02	4.776200000000000223e+00	6.104509992447900053e-03	6.410240000000000209e-03	6.571390041818462625e-03
1.920759999999999934e+02	4.813100000000000378e+00	6.104509992447900053e-03	6.374109999999999672e-03	6.579756042063736148e-03
1.935219999999999914e+02	5.026299999999999990e+00	6.105287142033200345e-03	6.219739999999999644e-03	6.626160203774185756e-03
1.951579999999999870e+02	5.269999999999999574e+00	6.105645893199600042e-03	6.160370000000000082e-03	6.678604373421094705e-03
1.979259999999999877e+02	5.683600000000000207e+00	6.106423332047500319e-03	6.131550000000000368e-03	6.767029063960070673e-03
2.005749999999999886e+02	6.081400000000000361e+00	6.107141143653499644e-03	6.120819999999999907e-03	6.851444407184240255e-03
2.040370000000000061e+02	6.603600000000000136e+00	6.108278023893800104e-03	6.114080000000000036e-03	6.961396742497676093e-03
2.078549999999999898e+02	7.179899999999999949e+00	6.109355458844700423e-03	6.113999999999999643e-03	7.082094913000333905e-03
2.078549999999999898e+02	7.183300000000000018e+00	6.109355458844700423e-03	6.107569999999999666e-03	7.081594670695450650e-03
2.130440000000000111e+02	7.969100000000000072e+00	6.110852526991499868e-03	6.109769999999999611e-03	7.245817617028117719e-03
2.333859999999999957e+02	1.106879999999999953e+01	6.116848143764099834e-03	6.111720000000000173e-03	7.867611586332137405e-03
2.528870000000000005e+02	1.403870000000000040e+01	6.122434635602099981e-03	6.117189999999999780e-03	8.487478432805275683e-03
2.730160000000000196e+02	1.709250000000000114e+01	6.128453012501099834e-03	6.123110000000000185e-03	9.072808285151268831e-03
2.730579999999999927e+02	1.709669999999999845e+01	6.128453012501099834e-03	6.123840000000000186e-03	9.074421742999057294e-03
1.910320000000000107e+02	4.664299999999999891e+00	5.587293618224500359e-03	6.543949999999999767e-03	6.545681916862824620e-03
1.918480000000000132e+02	4.798300000000000232e+00	5.589247164848700107e-03	5.710670000000000156e-03	6.570007642522903042e-03
1.918729999999999905e+02	4.800900000000000389e+00	5.589247164848700107e-03	5.747290000000000385e-03	6.570973665006065757e-03
1.932479999999999905e+02	5.024799999999999933e+00	5.589547831739399841e-03	5.659830000000000243e-03	6.612150011588669059e-03
1.951100000000000136e+02	5.333999999999999631e+00	5.589848530979900365e-03	5.623040000000000156e-03	6.669326491927444686e-03
1.973000000000000114e+02	5.699200000000000266e+00	5.590600420645699953e-03	5.615829999999999607e-03	6.738453082593992560e-03
1.992160000000000082e+02	6.022800000000000153e+00	5.591101792806900221e-03	5.607159999999999922e-03	6.797797666427917579e-03
2.009010000000000105e+02	6.309199999999999697e+00	5.591402659271100042e-03	5.601779999999999780e-03	6.845284413355974540e-03
2.030639999999999930e+02	6.678200000000000358e+00	5.592054647705299933e-03	5.598460000000000415e-03	6.900190040581562906e-03
2.075639999999999930e+02	7.451600000000000001e+00	5.593308899075199667e-03	5.595140000000000183e-03	7.028379954301586068e-03
2.131970000000000027e+02	8.426600000000000534e+00	5.594864952380600338e-03	5.594580000000000039e-03	7.184433010410813322e-03
2.132040000000000077e+02	8.428200000000000358e+00	5.594864952380600338e-03	5.594189999999999753e-03	7.184522523171553432e-03
2.132119999999999891e+02	8.429299999999999571e+00	5.594864952380600338e-03	5.594479999999999766e-03	7.184742590668707560e-03
2.231839999999999975e+02	1.016600000000000037e+01	5.597678083131100123e-03	5.595720000000000208e-03	7.450262865432290965e-03
2.331610000000000014e+02	1.191220000000000034e+01	5.600192198596199745e-03	5.596740000000000222e-03	7.718678043066756408e-03
2.431370000000000005e+02	1.366009999999999991e+01	5.603010690387500055e-03	5.598670000000000035e-03	8.003095781509315595e-03
2.531529999999999916e+02	1.541230000000000011e+01	5.605529599337500356e-03	5.601720000000000137e-03	8.296419115519057183e-03
2.631240000000000236e+02	1.715540000000000020e+01	5.608353467509199705e-03	5.604429999999999655e-03	8.564129461515117975e-03
2.730919999999999845e+02	1.889770000000000039e+01	5.610877183666400023e-03	5.606380000000000217e-03	8.813689291369469769e-03
2.731499999999999773e+02	1.889270000000000138e+01	5.610877183666400023e-03	5.610150000000000380e-03	8.817507062740530255e-03
1.910320000000000107e+02	4.670099999999999696e+00	5.298398828112799858e-03	5.798049999999999905e-03	6.569862519409967391e-03
1.924979999999999905e+02	4.929499999999999993e+00	5.300245666386599851e-03	5.347700000000000370e-03	6.600186831548194091e-03
1.958400000000000034e+02	5.525599999999999845e+00	5.301056880191799825e-03	5.317020000000000426e-03	6.681817315429832912e-03
1.981819999999999879e+02	5.951100000000000279e+00	5.301642911277100294e-03	5.310490000000000176e-03	6.744671894418777583e-03
2.034339999999999975e+02	6.919200000000000017e+00	5.303040893042200270e-03	5.305200000000000367e-03	6.891886825756498615e-03
2.120339999999999918e+02	8.530799999999999272e+00	5.305297256548000343e-03	5.305319999999999654e-03	7.107201777301473677e-03
2.120349999999999966e+02	8.531000000000000583e+00	5.305297256548000343e-03	5.305309999999999714e-03	7.107224833609813650e-03
2.226320000000000050e+02	1.054069999999999929e+01	5.308097815333400089e-03	5.306769999999999717e-03	7.359632027906095469e-03
2.334019999999999868e+02	1.259559999999999924e+01	5.310629894873899678e-03	5.308430000000000266e-03	7.624193559607661888e-03
2.334029999999999916e+02	1.259730000000000061e+01	5.310629894873899678e-03	5.307820000000000420e-03	7.624007852840756702e-03
2.370329999999999870e+02	1.329219999999999935e+01	5.311761067638400002e-03	5.308150000000000195e-03	7.726534189956784857e-03
2.370339999999999918e+02	1.329199999999999982e+01	5.311761067638400002e-03	5.308290000000000231e-03	7.726633329649592458e-03
2.433779999999999859e+02	1.450530000000000008e+01	5.313481373442200013e-03	5.309649999999999960e-03	7.894972639204658055e-03
2.433810000000000002e+02	1.450500000000000078e+01	5.313481373442200013e-03	5.309939999999999972e-03	7.895144859068430748e-03
2.532839999999999918e+02	1.639870000000000161e+01	5.315701308021799840e-03	5.312260000000000072e-03	8.151423719153923567e-03
2.634490000000000123e+02	1.834019999999999939e+01	5.318558236723399703e-03	5.314850000000000303e-03	8.407532326181152080e-03
2.683000000000000114e+02	1.926829999999999998e+01	5.319692789869200425e-03	5.315489999999999972e-03	8.515432059917872609e-03
2.683000000000000114e+02	1.926780000000000115e+01	5.319692789869200425e-03	5.315600000000000186e-03	8.515505705470624229e-03
2.726940000000000168e+02	2.010500000000000043e+01	5.320827827163299856e-03	5.316780000000000117e-03	8.619571795077423521e-03
2.726949999999999932e+02	2.010490000000000066e+01	5.320827827163299856e-03	5.316839999999999761e-03	8.619639544197803260e-03
2.726979999999999791e+02	2.010460000000000136e+01	5.320827827163299856e-03	5.317020000000000426e-03	8.619842413690334548e-03
1.910320000000000107e+02	4.724700000000000344e+00	4.845085653846699716e-03	4.896710000000000299e-03	6.541018209165816617e-03
1.914540000000000077e+02	4.809700000000000308e+00	4.923097669767900406e-03	4.885709999999999706e-03	6.551259661893249660e-03
1.923969999999999914e+02	4.996900000000000119e+00	4.846780661655300179e-03	4.885620000000000240e-03	6.574847735338710912e-03
1.965049999999999955e+02	5.852100000000000080e+00	4.924303120008900053e-03	4.858249999999999721e-03	6.670149815097208695e-03
2.035730000000000075e+02	7.364200000000000301e+00	4.849344258091199678e-03	4.852839999999999758e-03	6.833128513248263279e-03
2.092949999999999875e+02	8.611000000000000654e+00	4.850778037632799689e-03	4.853109999999999889e-03	6.948541258829199312e-03
2.186220000000000141e+02	1.066820000000000057e+01	4.852892521941000112e-03	4.854070000000000260e-03	7.111524754967119347e-03
2.281030000000000086e+02	1.277549999999999919e+01	4.855235709458400294e-03	4.855540000000000203e-03	7.320371112452841306e-03
2.385500000000000114e+02	1.510929999999999929e+01	4.857619009285400226e-03	4.856769999999999837e-03	7.519460837562577833e-03
2.459199999999999875e+02	1.675459999999999994e+01	4.936429256407399643e-03	4.858620000000000126e-03	7.686621889525960087e-03
2.529720000000000084e+02	1.833470000000000155e+01	4.861141493245399632e-03	4.859310000000000365e-03	7.847279227414072356e-03
2.601080000000000041e+02	1.992999999999999972e+01	4.862809825661200056e-03	4.860660000000000154e-03	7.997896521022776137e-03
2.673120000000000118e+02	2.153729999999999833e+01	4.941554944862799892e-03	4.862290000000000015e-03	8.131831416195320350e-03
2.741510000000000105e+02	2.305760000000000076e+01	4.866111946773899952e-03	4.864310000000000161e-03	8.283339227989131720e-03
1.910749999999999886e+02	4.861500000000000377e+00	4.534218175732699675e-03	4.543239999999999605e-03	6.548987497762830123e-03
1.928919999999999959e+02	5.281699999999999839e+00	4.535273680636700035e-03	4.541139999999999934e-03	6.571934315423570705e-03
1.950480000000000018e+02	5.789299999999999891e+00	4.535009758343200303e-03	4.539539999999999895e-03	6.599470169322267654e-03
1.950649999999999977e+02	5.792799999999999727e+00	4.535009758343200303e-03	4.540040000000000395e-03	6.599872375476443023e-03
1.970999999999999943e+02	6.278699999999999726e+00	4.535438647670000240e-03	4.539070000000000084e-03	6.637901809256820281e-03
2.030099999999999909e+02	6.981200000000000294e+00	4.536065631861799577e-03	5.117100000000000294e-03	6.862986007830444365e-03
2.033220000000000027e+02	7.790399999999999991e+00	4.536890875216299628e-03	4.538819999999999834e-03	6.751600031114672433e-03
2.071970000000000027e+02	8.743900000000000006e+00	4.537683391381700307e-03	4.539989999999999824e-03	6.817621131897742999e-03
2.133230000000000075e+02	1.027059999999999995e+01	4.539137057028299997e-03	4.539719999999999693e-03	6.898171168707092384e-03
2.227920000000000016e+02	1.264320000000000022e+01	4.541186985626499695e-03	4.542000000000000030e-03	7.051227935183236595e-03
2.278460000000000036e+02	1.391740000000000066e+01	4.542245737892700377e-03	4.542710000000000151e-03	7.130852091553801023e-03
2.332719999999999914e+02	1.528839999999999932e+01	4.543470535784299713e-03	4.543479999999999915e-03	7.216605978641614863e-03
2.385060000000000002e+02	1.661090000000000089e+01	4.544695994377599864e-03	4.544570000000000380e-03	7.304964020202080188e-03
2.429850000000000136e+02	1.774289999999999878e+01	4.545756383678399570e-03	4.545549999999999764e-03	7.371615811535500024e-03
2.487659999999999911e+02	1.920260000000000034e+01	4.546983075819699578e-03	4.547029999999999648e-03	7.468516451756012503e-03
2.531109999999999900e+02	2.030049999999999955e+01	4.547812296724100187e-03	4.547960000000000197e-03	7.545452809307096401e-03
2.583140000000000214e+02	2.161449999999999960e+01	4.549040098860399756e-03	4.549069999999999676e-03	7.639813063699234762e-03
2.629320000000000164e+02	2.278109999999999857e+01	4.550069308475700181e-03	4.549880000000000070e-03	7.727160993222412580e-03
2.678190000000000168e+02	2.401170000000000115e+01	4.551796770795099936e-03	4.551069999999999942e-03	7.811369064692075780e-03
2.678860000000000241e+02	2.402659999999999840e+01	4.551796770795099936e-03	4.551310000000000251e-03	7.812856370716970977e-03
2.731530000000000200e+02	2.535510000000000019e+01	4.552361802632499954e-03	4.552119999999999778e-03	7.907325966225616648e-03
1.914530000000000030e+02	5.378599999999999604e+00	4.165161654922000002e-03	4.170430000000000144e-03	6.489346741187814252e-03
1.948040000000000020e+02	6.325599999999999667e+00	4.165857448857199913e-03	4.170730000000000097e-03	6.506864511585672486e-03
1.996109999999999900e+02	7.710399999999999920e+00	4.166887650608399815e-03	4.170639999999999764e-03	6.559043050761128452e-03
2.030540000000000020e+02	8.713499999999999801e+00	4.167584021369500138e-03	4.171039999999999991e-03	6.594563027050186210e-03
2.076270000000000095e+02	1.005739999999999945e+01	4.168447844430499954e-03	4.171479999999999980e-03	6.628725781266556899e-03
2.129350000000000023e+02	1.162650000000000006e+01	4.169507212947200052e-03	4.172409999999999661e-03	6.677907112162552970e-03
2.213600000000000136e+02	1.413100000000000023e+01	4.171236812759900221e-03	4.174029999999999581e-03	6.746573323196987035e-03
2.286370000000000005e+02	1.630160000000000053e+01	4.172800265777300288e-03	4.175510000000000332e-03	6.822553843680355910e-03
2.365989999999999895e+02	1.868009999999999948e+01	4.174364891253600288e-03	4.177100000000000431e-03	6.910256776838398333e-03
2.450860000000000127e+02	2.121399999999999864e+01	4.176686049218700063e-03	4.178939999999999912e-03	6.987261838653529254e-03
2.330680000000000121e+02	2.359680000000000177e+01	4.177861594965500205e-03	3.689140000000000041e-03	5.953389650203981705e-03
2.608360000000000127e+02	2.590360000000000085e+01	4.179430019030199762e-03	4.182499999999999586e-03	7.141351689892346151e-03
2.688240000000000123e+02	2.827159999999999940e+01	4.180999621151200267e-03	4.184410000000000386e-03	7.223174373347985081e-03
2.751539999999999964e+02	3.014720000000000155e+01	4.182402048185799963e-03	4.185590000000000317e-03	7.287272205315237922e-03
1.944190000000000111e+02	7.750899999999999679e+00	3.775229481099200146e-03	3.784720000000000098e-03	6.276873370142877807e-03
1.984199999999999875e+02	9.196300000000000807e+00	3.775938298389099838e-03	3.785750000000000053e-03	6.270537201114837964e-03
2.010440000000000111e+02	1.016380000000000017e+01	3.776510119143699964e-03	3.784549999999999807e-03	6.267313841179797743e-03
2.077700000000000102e+02	1.261730000000000018e+01	3.777837410521500076e-03	3.786630000000000031e-03	6.248994398188849851e-03
2.136659999999999968e+02	1.478819999999999979e+01	3.778936564321999821e-03	3.787239999999999877e-03	6.228101569256445577e-03
2.223930000000000007e+02	1.818240000000000123e+01	3.780655273152799811e-03	3.774749999999999894e-03	6.197793276065323431e-03
2.328120000000000118e+02	2.183500000000000085e+01	3.782513235543300077e-03	3.790990000000000158e-03	6.222184792924563210e-03
2.412949999999999875e+02	2.495779999999999887e+01	3.784074417062500105e-03	3.792209999999999852e-03	6.220066379871613121e-03
2.545310000000000059e+02	2.980270000000000152e+01	3.786510595383599936e-03	3.794660000000000047e-03	6.202598365904329544e-03
2.618260000000000218e+02	3.245940000000000225e+01	3.787936984365099843e-03	3.796059999999999972e-03	6.166328727912128577e-03
2.678829999999999814e+02	3.465840000000000032e+01	3.789088081080900158e-03	3.797179999999999826e-03	6.169546230007037432e-03
2.729809999999999945e+02	3.649969999999999715e+01	3.790101625056000161e-03	3.798290000000000173e-03	6.144944675128737044e-03
1.963839999999999861e+02	1.046010000000000062e+01	3.553081221375899851e-03	3.562259999999999819e-03	5.971658289497887816e-03
2.005370000000000061e+02	1.222439999999999927e+01	3.553445750048300072e-03	3.562340000000000211e-03	5.920223397661497980e-03
2.088220000000000027e+02	1.574259999999999948e+01	3.554823533654100001e-03	3.563549999999999964e-03	5.825520417453791851e-03
2.170440000000000111e+02	1.922759999999999891e+01	3.556344387513800040e-03	3.565350000000000116e-03	5.756890270242483523e-03
2.250219999999999914e+02	2.259710000000000107e+01	3.557744722850599960e-03	3.567380000000000204e-03	5.674237054669403063e-03
2.330790000000000077e+02	2.599630000000000152e+01	3.559268077807300080e-03	3.569049999999999827e-03	5.597148705231473620e-03
2.409960000000000093e+02	2.932229999999999848e+01	3.560650380992399795e-03	3.570719999999999884e-03	5.504423727918678066e-03
2.507350000000000136e+02	3.339209999999999923e+01	3.562420482321799857e-03	3.572779999999999793e-03	5.424832919818527860e-03
2.586460000000000150e+02	3.665979999999999706e+01	3.563825607700599977e-03	3.575109999999999833e-03	5.330816574875600622e-03
2.667500000000000000e+02	1.000919999999999987e+01	3.627443133734700124e-03	1.052119999999999965e-02	9.825270751848587392e-03
2.743029999999999973e+02	1.311359999999999992e+01	3.628900031482799882e-03	8.156590000000000021e-03	9.745174551389075568e-03
1.936299999999999955e+02	1.173029999999999973e+01	3.373819709660400012e-03	3.386430000000000169e-03	5.641745426523755644e-03
1.986670000000000016e+02	1.415579999999999927e+01	3.374732846023699960e-03	3.387240000000000129e-03	5.534991476104093172e-03
2.031560000000000059e+02	1.631609999999999872e+01	3.375518538719099806e-03	3.388069999999999971e-03	5.447015976539196225e-03
2.082139999999999986e+02	1.875110000000000099e+01	3.376322882132899890e-03	3.388889999999999871e-03	5.365992866525756515e-03
2.124240000000000066e+02	2.076940000000000097e+01	3.377127608967799965e-03	3.389810000000000045e-03	5.302529744633658823e-03
2.187580000000000098e+02	2.380489999999999995e+01	3.378152361724999931e-03	3.390950000000000214e-03	5.147703258640397295e-03
2.237419999999999902e+02	2.618669999999999831e+01	3.379067845207999864e-03	3.391840000000000133e-03	5.064219834729863368e-03
2.291349999999999909e+02	2.874849999999999994e+01	3.379965500556900149e-03	3.393059999999999826e-03	4.982124250554461828e-03
2.333950000000000102e+02	3.076829999999999998e+01	3.380661969854299818e-03	3.393909999999999982e-03	4.921089646811523631e-03
2.376069999999999993e+02	3.275959999999999894e+01	3.381340386863399862e-03	3.394750000000000198e-03	4.836490126004447040e-03
2.430550000000000068e+02	3.532520000000000238e+01	3.382367698247699950e-03	3.395850000000000170e-03	4.736098390290106874e-03
2.480389999999999873e+02	3.765870000000000317e+01	3.383175309499900085e-03	3.396979999999999965e-03	4.631947690213890356e-03
2.531260000000000048e+02	4.003479999999999706e+01	3.384093517826999940e-03	3.397999999999999979e-03	4.547134550533621714e-03
2.632830000000000155e+02	4.475249999999999773e+01	3.385802711659499815e-03	3.399969999999999989e-03	4.388761350193478086e-03
2.729270000000000209e+02	4.918399999999999750e+01	3.387403198686900034e-03	3.402089999999999975e-03	4.245424609708361302e-03
1.960889999999999986e+02	1.943100000000000094e+01	3.121592820456299978e-03	3.135690000000000005e-03	4.636315669757622854e-03
2.041810000000000116e+02	2.417849999999999966e+01	3.122968860090499961e-03	3.137379999999999943e-03	4.362177100544307323e-03
2.115250000000000057e+02	2.846290000000000120e+01	3.124126923679500147e-03	3.138810000000000124e-03	4.088666279111585755e-03
2.190629999999999882e+02	3.282529999999999859e+01	3.125395518802800195e-03	3.140379999999999908e-03	3.820473656158434456e-03
2.271049999999999898e+02	3.743410000000000082e+01	3.126665144606000177e-03	3.142230000000000197e-03	3.532881734596045320e-03
2.353000000000000114e+02	4.210009999999999764e+01	3.127935802345600206e-03	3.143920000000000135e-03	3.294988882089588435e-03
2.441740000000000066e+02	4.708910000000000196e+01	3.129411688127299845e-03	3.146060000000000002e-03	3.009281059316564616e-03
2.538280000000000030e+02	5.248590000000000089e+01	3.130983309103599864e-03	3.147959999999999994e-03	2.688662484750485061e-03
2.593430000000000177e+02	5.554410000000000025e+01	3.130983309103599864e-03	3.149040000000000086e-03	2.505508803119035725e-03
2.677330000000000041e+02	6.010529999999999973e+01	3.133233471751600049e-03	3.151530000000000043e-03	2.259450855533449293e-03
2.744889999999999759e+02	6.381250000000000000e+01	3.134304614214099803e-03	3.152559999999999998e-03	2.065453128930588508e-03
1.973149999999999977e+02	2.843870000000000076e+01	2.942732379748300067e-03	2.957809999999999953e-03	3.351354760217570283e-03
2.041690000000000111e+02	3.312689999999999912e+01	2.944052532825499821e-03	2.959079999999999783e-03	2.978862268095755321e-03
2.126440000000000055e+02	3.885759999999999792e+01	2.945081683548600102e-03	2.960819999999999858e-03	2.541275666384885598e-03
2.284300000000000068e+02	4.934640000000000271e+01	2.947588029392200163e-03	2.964290000000000067e-03	1.801820560519005326e-03
2.357779999999999916e+02	5.415500000000000114e+01	2.952907224568600102e-03	2.965890000000000106e-03	1.447692719118131785e-03
2.473600000000000136e+02	6.165200000000000102e+01	2.950461642800699964e-03	2.968279999999999790e-03	9.095299471027148974e-04
2.529919999999999902e+02	6.523109999999999786e+01	2.951746814837799982e-03	2.969719999999999912e-03	6.583163711243863667e-04
1.967909999999999968e+02	3.963920000000000243e+01	2.786056327461500053e-03	2.800149999999999948e-03	1.521669062310715415e-03
2.043660000000000139e+02	4.559190000000000254e+01	2.787214698334300206e-03	2.801769999999999868e-03	1.050797691709836126e-03
2.112549999999999955e+02	5.094030000000000058e+01	2.788224387108600121e-03	2.803270000000000067e-03	5.848596530035020391e-04
2.182930000000000064e+02	5.635159999999999769e+01	2.789234807682300192e-03	2.804720000000000130e-03	2.205356547685614205e-04
2.282849999999999966e+02	6.240749999999999886e+01	2.794235295870400176e-03	2.820560000000000168e-03	-1.217430933644954999e-04
2.344199999999999875e+02	6.850320000000000675e+01	2.791645306857800171e-03	2.808269999999999864e-03	-7.335350165434354613e-04
3.981600000000000250e+02	4.867600000000000371e+00	4.156275976724849858e-02	4.156030000000000141e-02	1.744760573394980863e-02
2.981419999999999959e+02	4.580400000000000027e+00	3.117206982543639995e-02	3.117069999999999910e-02	1.227734277100782020e-02
3.031429999999999723e+02	4.675300000000000011e+00	3.117206982543639995e-02	3.116949999999999929e-02	1.251704888307009211e-02
3.231399999999999864e+02	5.052999999999999936e+00	3.117206982543639995e-02	3.116999999999999979e-02	1.354625720009040163e-02
3.481429999999999723e+02	5.522199999999999775e+00	3.117206982543639995e-02	3.117670000000000163e-02	1.479267743078227157e-02
3.731499999999999773e+02	5.991999999999999993e+00	3.117206982543639995e-02	3.116999999999999979e-02	1.609885911096299929e-02
3.981600000000000250e+02	6.458199999999999719e+00	3.117206982543639995e-02	3.117520000000000013e-02	1.737323088664939272e-02
2.731499999999999773e+02	5.013899999999999579e+00	2.493765586034910053e-02	2.493650000000000033e-02	1.090036809263755443e-02
2.981419999999999959e+02	5.626299999999999635e+00	2.493765586034910053e-02	2.493760000000000074e-02	1.216037506616351148e-02
3.031429999999999723e+02	5.748499999999999943e+00	2.493765586034910053e-02	2.493679999999999855e-02	1.240617975667449545e-02
3.231399999999999864e+02	5.234300000000000175e+00	2.493765586034910053e-02	3.002919999999999895e-02	1.355076779182499275e-02
3.481429999999999723e+02	6.839000000000000412e+00	2.493765586034910053e-02	2.494069999999999968e-02	1.467784028262546225e-02
3.731499999999999773e+02	7.442400000000000126e+00	2.493765586034910053e-02	2.493770000000000014e-02	1.595992317222143589e-02
3.981600000000000250e+02	8.041100000000000136e+00	2.493765586034910053e-02	2.494340000000000099e-02	1.725012928028282072e-02
2.731499999999999773e+02	5.884199999999999875e+00	2.078137988362420072e-02	2.078280000000000058e-02	1.078142529444220052e-02
2.981419999999999959e+02	6.641499999999999737e+00	2.078137988362420072e-02	2.078249999999999889e-02	1.203667531356833638e-02
3.031429999999999723e+02	6.793999999999999595e+00	2.078137988362420072e-02	2.077659999999999924e-02	1.227778078024050964e-02
3.231399999999999864e+02	7.392599999999999838e+00	2.078137988362420072e-02	2.078340000000000048e-02	1.323195863740299696e-02
3.481429999999999723e+02	8.139099999999999113e+00	2.078137988362420072e-02	2.078469999999999970e-02	1.451193836209020531e-02
3.731499999999999773e+02	8.883499999999999730e+00	2.078137988362420072e-02	2.078239999999999948e-02	1.573578259925121139e-02
3.981600000000000250e+02	9.622899999999999565e+00	2.078137988362420072e-02	2.078510000000000080e-02	1.699625158708119657e-02
2.731499999999999773e+02	6.722199999999999953e+00	1.781261132882079948e-02	1.781220000000000026e-02	1.067792696044154305e-02
2.981419999999999959e+02	7.630700000000000038e+00	1.781261132882079948e-02	1.781450000000000047e-02	1.188971320151235161e-02
3.031429999999999723e+02	7.614600000000000257e+00	1.781261132882079948e-02	1.832469999999999932e-02	1.213362586455605380e-02
3.231399999999999864e+02	8.532400000000000873e+00	1.781261132882079948e-02	1.781459999999999988e-02	1.308478519328898533e-02
3.481429999999999723e+02	9.427899999999999281e+00	1.781261132882079948e-02	1.781579999999999969e-02	1.432593876564559020e-02
3.731499999999999773e+02	1.032000000000000028e+01	1.781261132882079948e-02	1.781469999999999929e-02	1.553169590343228545e-02
3.981600000000000250e+02	1.120700000000000074e+01	1.781261132882079948e-02	1.781610000000000138e-02	1.675395131816968461e-02
2.731499999999999773e+02	7.530700000000000394e+00	1.558603491271819998e-02	1.558640000000000025e-02	1.055638188378379277e-02
2.981419999999999959e+02	8.599199999999999733e+00	1.558603491271819998e-02	1.558709999999999957e-02	1.174363502088883807e-02
3.031429999999999723e+02	8.814199999999999591e+00	1.558603491271819998e-02	1.558250000000000086e-02	1.198842635237293980e-02
3.231399999999999864e+02	9.658500000000000085e+00	1.558603491271819998e-02	1.558769999999999947e-02	1.292520158556199547e-02
3.481429999999999723e+02	1.070940000000000047e+01	1.558603491271819998e-02	1.559040000000000079e-02	1.412697078454624305e-02
3.731499999999999773e+02	1.175769999999999982e+01	1.558603491271819998e-02	1.558840000000000052e-02	1.529181563624035234e-02
3.981600000000000250e+02	1.279930000000000057e+01	1.558603491271819998e-02	1.558939999999999979e-02	1.650761268622354810e-02
2.731499999999999773e+02	6.315599999999999881e+00	1.385425325574950010e-02	1.915319999999999870e-02	1.072825992828130640e-02
2.981419999999999959e+02	9.551099999999999923e+00	1.385425325574950010e-02	1.385499999999999926e-02	1.159233487324755167e-02
3.031429999999999723e+02	9.600199999999999179e+00	1.385425325574950010e-02	1.417110000000000071e-02	1.184811272274667940e-02
3.231399999999999864e+02	1.077790000000000070e+01	1.385425325574950010e-02	1.385280000000000018e-02	1.274604598012196548e-02
3.481429999999999723e+02	1.199200000000000088e+01	1.385425325574950010e-02	1.385650000000000076e-02	1.391051124914565590e-02
3.731499999999999773e+02	1.320129999999999981e+01	1.385425325574950010e-02	1.385740000000000062e-02	1.509198719109224388e-02
3.981600000000000250e+02	1.440830000000000055e+01	1.385425325574950010e-02	1.385499999999999926e-02	1.629052703966176949e-02
2.731499999999999773e+02	9.080199999999999605e+00	1.246882793017449996e-02	1.246970000000000023e-02	1.032490418209027622e-02
2.981419999999999959e+02	1.049109999999999943e+01	1.246882793017449996e-02	1.246970000000000023e-02	1.144981028465951942e-02
3.031429999999999723e+02	1.077449999999999974e+01	1.246882793017449996e-02	1.246629999999999960e-02	1.167448288774332495e-02
3.231399999999999864e+02	1.189119999999999955e+01	1.246882793017449996e-02	1.246809999999999932e-02	1.258089576576992830e-02
3.481429999999999723e+02	1.327810000000000024e+01	1.246882793017449996e-02	1.247039999999999954e-02	1.372683807973941808e-02
3.731499999999999773e+02	1.465830000000000055e+01	1.246882793017449996e-02	1.247129999999999940e-02	1.488491815034309607e-02
3.981600000000000250e+02	1.603460000000000107e+01	1.246882793017449996e-02	1.247000000000000018e-02	1.605470218130521445e-02
2.731499999999999773e+02	9.831500000000000128e+00	1.133529811834049945e-02	1.133490000000000018e-02	1.019158526637847784e-02
2.981419999999999959e+02	1.142609999999999992e+01	1.133529811834049945e-02	1.133450000000000082e-02	1.128814599775417732e-02
3.031429999999999723e+02	1.174489999999999945e+01	1.133529811834049945e-02	1.133280000000000051e-02	1.150819756578830982e-02
3.231399999999999864e+02	1.300300000000000011e+01	1.133529811834049945e-02	1.133789999999999971e-02	1.238013717111189314e-02
3.481429999999999723e+02	1.457460000000000022e+01	1.133529811834049945e-02	1.133600000000000059e-02	1.349939485176094786e-02
3.731499999999999773e+02	1.613210000000000122e+01	1.133529811834049945e-02	1.133830000000000081e-02	1.462208226792455906e-02
3.931600000000000250e+02	1.768870000000000076e+01	1.133529811834049945e-02	1.114399999999999939e-02	1.551336553719192234e-02
2.731499999999999773e+02	1.056600000000000072e+01	1.039068994181210036e-02	1.039750000000000049e-02	1.007691528728286989e-02
2.981419999999999959e+02	1.235849999999999937e+01	1.039068994181210036e-02	1.038969999999999998e-02	1.114572882154254985e-02
3.031429999999999723e+02	1.271599999999999930e+01	1.039068994181210036e-02	1.038780000000000085e-02	1.136083250995569699e-02
3.231399999999999864e+02	1.412609999999999921e+01	1.039068994181210036e-02	1.039230000000000015e-02	1.223618059878042383e-02
3.431429999999999723e+02	1.588959999999999972e+01	1.039068994181210036e-02	1.015809999999999977e-02	1.305595587263905233e-02
3.731499999999999773e+02	1.763080000000000069e+01	1.039068994181210036e-02	1.039379999999999991e-02	1.444197907488081051e-02
3.981600000000000250e+02	1.937010000000000076e+01	1.039068994181210036e-02	1.039400000000000046e-02	1.552708192060882689e-02
2.731499999999999773e+02	1.130569999999999986e+01	9.591406100134199780e-03	9.593110000000000179e-03	9.951299079075243137e-03
2.981419999999999959e+02	1.329410000000000025e+01	9.591406100134199780e-03	9.590869999999999604e-03	1.100610830812110731e-02
3.031429999999999723e+02	1.369209999999999994e+01	9.591406100134199780e-03	9.588899999999999160e-03	1.121497839394229590e-02
3.231399999999999864e+02	1.526919999999999966e+01	9.591406100134199780e-03	9.587840000000000251e-03	1.206219812640609533e-02
3.481429999999999723e+02	1.721950000000000003e+01	9.591406100134199780e-03	9.592230000000000201e-03	1.311127220704714352e-02
3.731499999999999773e+02	1.915850000000000009e+01	9.591406100134199780e-03	9.595619999999999150e-03	1.415361888309092306e-02
3.931600000000000250e+02	2.110150000000000148e+01	9.591406100134199780e-03	9.429049999999999584e-03	1.495444732937925569e-02
2.731499999999999773e+02	1.204940000000000033e+01	8.906305664410399739e-03	8.900889999999999844e-03	9.839637918921813678e-03
2.981419999999999959e+02	1.424109999999999943e+01	8.906305664410399739e-03	8.904850000000000612e-03	1.087450685781804309e-02
3.031429999999999723e+02	1.468089999999999939e+01	8.906305664410399739e-03	8.903269999999999587e-03	1.108146852783436012e-02
3.231399999999999864e+02	1.642079999999999984e+01	8.906305664410399739e-03	8.904890000000000375e-03	1.189830308223299889e-02
3.481429999999999723e+02	1.858650000000000091e+01	8.906305664410399739e-03	8.904969999999999899e-03	1.292643766694016177e-02
3.731499999999999773e+02	2.073470000000000013e+01	8.906305664410399739e-03	8.907200000000000534e-03	1.394169782016933465e-02
3.981600000000000250e+02	2.287059999999999960e+01	8.906305664410399739e-03	8.909419999999999493e-03	1.495903051840478254e-02
2.731499999999999773e+02	1.278539999999999921e+01	8.312551953449700756e-03	8.311759999999999635e-03	9.734811003153034589e-03
2.981419999999999959e+02	1.520400000000000063e+01	8.312551953449700756e-03	8.310200000000000226e-03	1.073008375355056186e-02
3.031429999999999723e+02	1.567830000000000013e+01	8.312551953449700756e-03	8.314039999999999972e-03	1.092141361860614855e-02
3.231399999999999864e+02	1.759659999999999869e+01	8.312551953449700756e-03	8.313380000000000422e-03	1.172986381461306113e-02
3.431429999999999723e+02	1.998069999999999879e+01	8.312551953449700756e-03	8.126619999999999330e-03	1.248915783083757308e-02
3.731499999999999773e+02	2.234400000000000119e+01	8.312551953449700756e-03	8.315460000000000212e-03	1.367611402130838871e-02
3.981600000000000250e+02	2.470530000000000115e+01	8.312551953449700756e-03	8.314280000000000281e-03	1.466842277785889576e-02
2.731499999999999773e+02	1.354100000000000037e+01	7.793017456359099988e-03	7.790290000000000062e-03	9.624934499872138394e-03
2.981419999999999959e+02	1.618730000000000047e+01	7.793017456359099988e-03	7.790749999999999932e-03	1.057028747422959075e-02
3.031429999999999723e+02	1.671349999999999980e+01	7.793017456359099988e-03	7.791329999999999957e-03	1.075505804214175846e-02
3.231399999999999864e+02	1.881419999999999959e+01	7.793017456359099988e-03	7.791840000000000398e-03	1.151699654384328447e-02
3.481429999999999723e+02	2.142180000000000106e+01	7.793017456359099988e-03	7.793790000000000093e-03	1.249619049307919630e-02
3.731499999999999773e+02	2.400779999999999959e+01	7.793017456359099988e-03	7.797270000000000242e-03	1.351141812740761471e-02
3.981600000000000250e+02	2.660229999999999961e+01	7.793017456359099988e-03	7.794409999999999880e-03	1.447888430425278532e-02
2.731600000000000250e+02	1.430899999999999928e+01	7.793017456359099988e-03	7.333819999999999575e-03	9.513192418092803609e-03
2.931419999999999959e+02	1.719790000000000063e+01	7.334604664808499694e-03	7.089960000000000186e-03	1.016207250788521421e-02
3.031429999999999723e+02	1.777359999999999829e+01	7.334604664808499694e-03	7.333039999999999871e-03	1.060147342941892765e-02
3.231399999999999864e+02	2.006729999999999947e+01	7.334604664808499694e-03	7.333570000000000193e-03	1.131533300015805446e-02
3.481429999999999723e+02	2.291929999999999978e+01	1.781261132882079948e-02	7.334199999999999921e-03	1.222145866605848369e-02
3.731499999999999773e+02	2.574269999999999925e+01	7.334604664808499694e-03	7.337810000000000166e-03	1.319077025855034356e-02
3.981600000000000250e+02	2.857580000000000098e+01	7.334604664808499694e-03	7.335290000000000386e-03	1.413852194310945797e-02
2.731499999999999773e+02	1.510950000000000060e+01	6.927126627874699745e-03	6.922580000000000226e-03	9.409710792590312775e-03
2.981419999999999959e+02	1.824699999999999989e+01	6.927126627874699745e-03	6.925159999999999649e-03	1.028653940402309355e-02
3.031429999999999723e+02	1.887330000000000041e+01	6.927126627874699745e-03	6.925309999999999626e-03	1.040938269440724179e-02
3.231399999999999864e+02	2.137590000000000146e+01	6.927126627874699745e-03	6.924149999999999576e-03	1.116220308899842743e-02
3.481429999999999723e+02	2.447660000000000124e+01	6.927126627874699745e-03	6.926060000000000376e-03	1.202247910767862554e-02
3.731499999999999773e+02	2.754339999999999833e+01	6.927126627874699745e-03	6.930959999999999899e-03	1.292299911360070795e-02
3.981600000000000250e+02	3.062089999999999890e+01	6.927126627874699745e-03	6.929699999999999575e-03	1.381722445804040543e-02
2.731499999999999773e+02	1.593069999999999986e+01	6.562541015881299608e-03	6.559989999999999918e-03	9.272086010452620236e-03
2.981419999999999959e+02	1.934230000000000160e+01	6.562541015881299608e-03	6.559699999999999906e-03	1.008681613777724986e-02
3.031429999999999723e+02	2.001160000000000139e+01	6.562541015881299608e-03	6.562969999999999568e-03	1.024749978727549846e-02
3.231399999999999864e+02	2.273659999999999926e+01	6.562541015881299608e-03	6.559470000000000404e-03	1.091951348203217334e-02
3.481429999999999723e+02	2.610239999999999938e+01	6.562541015881299608e-03	6.561380000000000337e-03	1.177039064166877924e-02
3.731499999999999773e+02	2.944780000000000086e+01	6.562541015881299608e-03	6.563079999999999782e-03	1.262461953252033524e-02
3.981600000000000250e+02	3.278649999999999665e+01	6.562541015881299608e-03	6.562560000000000268e-03	1.345726963135102962e-02
2.731499999999999773e+02	1.679789999999999850e+01	6.234413965087199673e-03	6.230849999999999583e-03	9.153473844842583557e-03
2.981419999999999959e+02	2.048250000000000171e+01	6.234413965087199673e-03	6.233110000000000039e-03	9.936122241710374295e-03
3.031429999999999723e+02	2.121000000000000085e+01	6.234413965087199673e-03	6.235369999999999628e-03	1.009417897312333591e-02
3.231399999999999864e+02	2.415340000000000131e+01	6.234413965087199673e-03	6.233640000000000361e-03	1.072768670282463026e-02
3.481429999999999723e+02	2.780480000000000018e+01	6.234413965087199673e-03	6.233950000000000255e-03	1.153653179165914366e-02
3.731499999999999773e+02	3.142500000000000071e+01	6.234413965087199673e-03	6.235830000000000366e-03	1.235833935412511755e-02
3.981600000000000250e+02	3.504939999999999856e+01	6.234413965087199673e-03	6.233960000000000196e-03	1.317182001056309455e-02
2.731499999999999773e+02	1.770019999999999882e+01	5.937537109606899621e-03	5.936989999999999629e-03	9.018292839061654159e-03
2.981419999999999959e+02	2.169379999999999953e+01	5.937537109606899621e-03	5.935430000000000220e-03	9.760871284326209235e-03
3.031429999999999723e+02	2.248049999999999926e+01	5.937537109606899621e-03	5.937440000000000426e-03	9.911771961482584298e-03
3.231399999999999864e+02	2.565719999999999956e+01	5.937537109606899621e-03	5.936720000000000365e-03	1.051904024130571880e-02
3.481429999999999723e+02	2.960140000000000171e+01	5.937537109606899621e-03	5.937289999999999582e-03	1.126164390090369713e-02
3.731499999999999773e+02	3.351010000000000133e+01	5.937537109606899621e-03	5.939410000000000002e-03	1.202294246984753415e-02
3.981600000000000250e+02	3.743010000000000304e+01	5.937537109606899621e-03	5.937089999999999902e-03	1.281107113235166808e-02
2.731499999999999773e+02	1.867800000000000082e+01	5.667649059170200287e-03	5.664480000000000383e-03	8.857130560169819769e-03
2.981419999999999959e+02	2.296880000000000166e+01	5.667649059170200287e-03	5.666820000000000364e-03	9.566644826590932002e-03
3.031429999999999723e+02	2.382920000000000016e+01	5.667649059170200287e-03	5.666420000000000137e-03	9.708563490931632067e-03
3.231399999999999864e+02	2.725390000000000157e+01	5.667649059170200287e-03	5.666219999999999590e-03	1.025094362491144745e-02
3.481429999999999723e+02	3.150309999999999988e+01	5.667649059170200287e-03	5.667509999999999735e-03	1.096635038958770902e-02
3.731499999999999773e+02	3.572970000000000113e+01	5.667649059170200287e-03	5.668180000000000093e-03	1.167954230473868850e-02
3.981600000000000250e+02	3.995230000000000103e+01	5.667649059170200287e-03	5.666560000000000173e-03	1.241560217751423029e-02
2.731499999999999773e+02	1.970510000000000161e+01	5.421229534858500003e-03	5.420119999999999626e-03	8.705168691281781057e-03
2.981419999999999959e+02	2.434509999999999863e+01	5.421229534858500003e-03	5.418580000000000098e-03	9.339184394724640501e-03
3.031429999999999723e+02	2.525069999999999837e+01	5.421229534858500003e-03	5.421640000000000140e-03	9.475605892649695272e-03
3.231399999999999864e+02	2.895420000000000016e+01	5.421229534858500003e-03	5.419140000000000242e-03	1.000229728623122996e-02
3.481429999999999723e+02	3.351039999999999708e+01	5.421229534858500003e-03	5.422620000000000391e-03	1.066578334085504197e-02
3.731499999999999773e+02	3.808659999999999712e+01	5.421229534858500003e-03	5.420490000000000030e-03	1.133472390442056069e-02
2.731499999999999773e+02	2.082110000000000127e+01	5.195344970905999872e-03	5.193820000000000034e-03	8.544635571198024721e-03
2.981419999999999959e+02	2.579500000000000171e+01	5.195344970905999872e-03	5.194820000000000167e-03	9.104677370094974020e-03
3.031429999999999723e+02	2.678829999999999956e+01	5.195344970905999872e-03	5.194909999999999632e-03	9.229083787054837007e-03
3.231399999999999864e+02	3.075550000000000139e+01	5.195344970905999872e-03	5.194500000000000332e-03	9.726495247004260727e-03
3.431429999999999723e+02	3.566510000000000247e+01	5.195344970905999872e-03	5.100999999999999632e-03	1.007674064575608298e-02
3.731499999999999773e+02	4.059320000000000306e+01	5.195344970905999872e-03	5.193739999999999642e-03	1.097359750538541914e-02
2.731499999999999773e+02	2.202749999999999986e+01	4.987531172069800157e-03	4.985869999999999885e-03	8.358644971250201935e-03
2.931419999999999959e+02	2.737879999999999825e+01	4.987531172069800157e-03	4.856290000000000086e-03	8.597894550491518711e-03
3.031429999999999723e+02	2.842520000000000024e+01	4.987531172069800157e-03	4.988379999999999724e-03	8.989962848639539497e-03
3.231399999999999864e+02	3.269740000000000180e+01	4.987531172069800157e-03	4.986670000000000338e-03	9.420940099949192195e-03
3.481429999999999723e+02	3.799929999999999808e+01	4.987531172069800157e-03	4.985950000000000278e-03	1.002761777565280843e-02
2.030840000000000032e+02	5.066200000000000259e+00	1.233731218231109983e-02	1.211959999999999947e-02	7.166224640006307184e-03
2.232489999999999952e+02	5.066200000000000259e+00	1.692065128263610038e-02	1.685319999999999874e-02	8.184638360578731092e-03
2.731499999999999773e+02	5.066200000000000259e+00	2.462735123479069949e-02	2.464620000000000005e-02	1.085477143652681387e-02
3.731499999999999773e+02	5.066200000000000259e+00	3.743718227999320164e-02	3.703279999999999766e-02	1.614508672815002932e-02
4.231700000000000159e+02	5.066200000000000259e+00	4.271024159133569864e-02	4.273099999999999815e-02	1.865363127226346562e-02
4.731929999999999836e+02	5.066200000000000259e+00	4.825771317506989677e-02	4.827959999999999890e-02	2.097445829645630533e-02
2.030840000000000032e+02	6.079500000000000348e+00	7.820585018549399553e-03	7.433740000000000313e-03	6.995990041610347654e-03
2.232489999999999952e+02	6.079500000000000348e+00	1.289727541961410012e-02	1.286789999999999982e-02	8.044268345481483951e-03
2.481750000000000114e+02	6.079500000000000348e+00	1.682839086859199904e-02	1.680109999999999937e-02	9.402742279434444725e-03
2.731499999999999773e+02	6.079500000000000348e+00	2.000710492310020169e-02	2.001599999999999907e-02	1.077526761015176054e-02
2.981419999999999959e+02	6.079500000000000348e+00	2.293413024237520026e-02	2.290870000000000059e-02	1.213253725326586194e-02
3.231399999999999864e+02	6.079500000000000348e+00	2.560334277243229983e-02	2.561640000000000097e-02	1.351160018126917536e-02
4.231700000000000159e+02	6.079500000000000348e+00	3.556019829504489943e-02	3.554829999999999796e-02	1.874868376931989461e-02
4.731929999999999836e+02	6.079500000000000348e+00	4.020905491833130091e-02	4.023850000000000343e-02	2.131223740338278327e-02
2.030840000000000032e+02	6.586100000000000065e+00	6.245280753598500198e-03	5.799079999999999860e-03	6.883376044277442034e-03
2.030840000000000032e+02	7.092699999999999783e+00	5.243585961754199977e-03	5.008740000000000241e-03	6.815165542616934656e-03
2.232489999999999952e+02	7.092699999999999783e+00	1.007826376509420030e-02	1.000589999999999986e-02	7.874322335129545214e-03
2.030840000000000032e+02	8.105999999999999872e+00	4.453948180094500185e-03	4.370119999999999907e-03	6.692844901046907102e-03
2.232489999999999952e+02	8.105999999999999872e+00	8.022666278583499497e-03	7.933249999999999330e-03	7.734852243457334547e-03
2.481750000000000114e+02	8.105999999999999872e+00	1.158963799209420005e-02	1.154829999999999919e-02	9.125423530770400415e-03
2.731499999999999773e+02	8.105999999999999872e+00	1.428731773097269980e-02	1.428229999999999951e-02	1.053360827103017733e-02
2.981419999999999959e+02	8.105999999999999872e+00	1.667446030941520038e-02	1.665250000000000064e-02	1.191503148694430039e-02
3.231399999999999864e+02	8.105999999999999872e+00	1.882996757705539953e-02	1.882500000000000145e-02	1.322967083572824422e-02
2.232489999999999952e+02	9.119199999999999307e+00	6.607751950277900022e-03	6.517740000000000165e-03	7.570553741840567973e-03
2.030840000000000032e+02	1.013250000000000028e+01	3.914466342525800384e-03	3.889409999999999829e-03	6.402512726412470066e-03
2.232489999999999952e+02	1.013250000000000028e+01	5.698837241162799799e-03	5.626090000000000257e-03	7.419680542015577931e-03
4.231700000000000159e+02	3.039750000000000085e+01	7.543606951524299900e-03	7.531109999999999714e-03	1.550338156609634699e-02
4.731929999999999836e+02	3.039750000000000085e+01	8.614757651877500561e-03	8.617889999999999578e-03	1.835093528382054223e-02
2.030840000000000032e+02	4.053000000000000114e+01	2.852560666691299901e-03	2.846759999999999829e-03	1.787978841102955477e-03
2.232489999999999952e+02	4.053000000000000114e+01	3.049463158477999907e-03	3.043709999999999818e-03	2.892081457832976731e-03
2.481750000000000114e+02	4.053000000000000114e+01	3.332111514683099972e-03	3.324290000000000144e-03	4.227505066588595206e-03
2.731499999999999773e+02	4.053000000000000114e+01	3.648202917132200174e-03	3.646389999999999788e-03	5.542652224605534167e-03
2.961419999999999959e+02	4.053000000000000114e+01	4.007516947628800112e-03	3.974669999999999592e-03	6.821350040517527163e-03
3.231399999999999864e+02	4.053000000000000114e+01	4.394021852419699621e-03	4.389030000000000362e-03	8.313792150898361918e-03
3.731499999999999773e+02	4.053000000000000114e+01	5.202889160188299729e-03	5.199050000000000199e-03	1.112388512513739873e-02
4.231700000000000159e+02	4.053000000000000114e+01	6.018064544705099654e-03	6.019299999999999998e-03	1.391208231719412783e-02
4.731929999999999836e+02	4.053000000000000114e+01	6.825950867242499935e-03	6.825959999999999840e-03	1.672328431873647617e-02
2.030840000000000032e+02	5.066250000000000142e+01	2.750994583577700148e-03	2.742880000000000058e-03	2.325377587370563645e-04
2.232489999999999952e+02	5.066250000000000142e+01	2.908805604975099948e-03	2.903530000000000087e-03	1.355052713043607485e-03
2.481750000000000114e+02	5.066250000000000142e+01	3.128500870686800207e-03	3.124860000000000138e-03	2.690021132543385027e-03
2.731499999999999773e+02	5.066250000000000142e+01	3.369680277321900150e-03	3.371470000000000109e-03	3.977894294384019813e-03
2.981419999999999959e+02	5.066250000000000142e+01	3.642341579813199951e-03	3.640659999999999990e-03	5.302705586262182469e-03
3.231399999999999864e+02	5.066250000000000142e+01	3.983116620189799777e-03	3.928179999999999866e-03	6.714385964422890304e-03
3.731499999999999773e+02	5.066250000000000142e+01	4.538145820354899836e-03	4.538770000000000131e-03	9.449773464005162271e-03
4.231700000000000159e+02	5.066250000000000142e+01	5.169668948461999571e-03	5.169660000000000401e-03	1.214669428219646713e-02
4.731929999999999836e+02	5.066250000000000142e+01	5.800048344562900270e-03	5.801100000000000007e-03	1.491505480002156513e-02
2.030840000000000032e+02	6.079500000000000171e+01	2.668887294768399789e-03	2.662480000000000055e-03	-1.319447301028139549e-03
2.232489999999999952e+02	6.079500000000000171e+01	2.804580404818499996e-03	2.799670000000000197e-03	-1.909520009959553635e-04
2.481750000000000114e+02	6.079500000000000171e+01	2.988363682377899802e-03	2.984600000000000013e-03	1.080365723125550556e-03
2.731499999999999773e+02	6.079500000000000171e+01	3.185146149921400192e-03	3.186480000000000215e-03	2.409379458929839998e-03
2.981419999999999959e+02	6.079500000000000171e+01	3.405871632779900078e-03	3.403649999999999818e-03	3.784571408387884736e-03
3.231399999999999864e+02	6.079500000000000171e+01	3.636817246660200165e-03	3.633739999999999887e-03	5.126891022041940062e-03
3.731499999999999773e+02	6.079500000000000171e+01	4.119148716295300411e-03	4.121689999999999902e-03	7.924229755426804092e-03
4.231700000000000159e+02	6.079500000000000171e+01	4.631705062359100372e-03	4.629860000000000399e-03	1.070037339947875477e-02
4.731929999999999836e+02	6.079500000000000171e+01	5.141911936037400245e-03	5.143939999999999624e-03	1.358829698436888125e-02
2.030840000000000032e+02	7.092749999999999488e+01	2.602074327857599803e-03	2.597110000000000130e-03	-2.908651672478195470e-03
2.232489999999999952e+02	7.092749999999999488e+01	2.720562563585599784e-03	2.717729999999999799e-03	-1.771485691452093225e-03
2.481750000000000114e+02	7.092749999999999488e+01	2.880887759621799868e-03	2.877820000000000118e-03	-4.545468020781297247e-04
2.030840000000000032e+02	8.106000000000000227e+01	2.549528881736199803e-03	2.542169999999999846e-03	-4.489757993656749366e-03
2.232489999999999952e+02	8.106000000000000227e+01	2.656695401625800042e-03	2.650350000000000102e-03	-3.308316956247704665e-03
2.481750000000000114e+02	8.106000000000000227e+01	2.796090023764399943e-03	2.792300000000000164e-03	-2.021036507462875900e-03
2.731499999999999773e+02	8.106000000000000227e+01	2.943857909540300091e-03	2.943279999999999941e-03	-6.330001074130436195e-04
2.981419999999999959e+02	8.106000000000000227e+01	3.101914543842399820e-03	3.102399999999999949e-03	7.539066818348597737e-04
3.231399999999999864e+02	8.106000000000000227e+01	3.272675428788199888e-03	3.268609999999999918e-03	2.030995598773617343e-03
3.731499999999999773e+02	8.106000000000000227e+01	3.614739763606399960e-03	3.617679999999999854e-03	4.849000552140227648e-03
4.231700000000000159e+02	8.106000000000000227e+01	3.977881261740000285e-03	3.981430000000000212e-03	7.549668411796774461e-03
4.731929999999999836e+02	8.106000000000000227e+01	4.347478061886600118e-03	4.352469999999999777e-03	1.029624902193208499e-02
2.030840000000000032e+02	9.119249999999999545e+01	2.502142759995299934e-03	2.494849999999999846e-03	-6.077855443728758661e-03
2.232489999999999952e+02	9.119249999999999545e+01	2.601585703949299902e-03	2.593330000000000028e-03	-4.903450966017437219e-03
2.481750000000000114e+02	9.119249999999999545e+01	2.727203277801599959e-03	2.721379999999999806e-03	-3.597665907121888780e-03
2.030840000000000032e+02	1.013250000000000028e+02	2.461315601149299988e-03	2.453359999999999916e-03	-7.730413879566977627e-03
2.232489999999999952e+02	1.013250000000000028e+02	2.549278678538699928e-03	2.544010000000000195e-03	-6.584817174896890994e-03
2.461750000000000114e+02	1.013250000000000028e+02	2.664006240850099860e-03	2.651440000000000134e-03	-5.282623936067939487e-03
2.731499999999999773e+02	1.013250000000000028e+02	2.788074757429100103e-03	2.783509999999999891e-03	-3.763049666980854309e-03
2.981419999999999959e+02	1.013250000000000028e+02	2.912433764557500072e-03	2.910890000000000179e-03	-2.483077894155072234e-03
3.231399999999999864e+02	1.013250000000000028e+02	3.045277527347599929e-03	3.042570000000000083e-03	-1.145450644504417831e-03
3.731499999999999773e+02	1.013250000000000028e+02	3.347390274789500183e-03	3.316400000000000164e-03	1.557424463766604941e-03
4.231700000000000159e+02	1.013250000000000028e+02	3.596203278180899830e-03	3.600159999999999819e-03	4.312132410851146277e-03
4.731929999999999836e+02	1.013250000000000028e+02	3.883934490267300192e-03	3.889720000000000157e-03	7.187106305074275267e-03
1.928700000000000045e+02	3.339999999999999858e+01	2.826065694677899840e-03	2.836850000000000135e-03	2.267203483776424923e-03
1.928700000000000045e+02	5.289999999999999858e+01	2.645635655185100098e-03	2.650700000000000191e-03	-6.267585035895075971e-04
1.928700000000000045e+02	7.140000000000000568e+01	2.529923249111199878e-03	2.536570000000000144e-03	-3.575259367477731307e-03
1.928700000000000045e+02	9.790000000000000568e+01	2.416458253586099836e-03	2.421159999999999892e-03	-7.799345098465727821e-03
2.120000000000000000e+02	4.010000000000000142e+01	2.935167871173400157e-03	2.936590000000000207e-03	2.323914157907155074e-03
2.120000000000000000e+02	5.860000000000000142e+01	2.737525836631899811e-03	2.739530000000000003e-03	-5.241737433857394240e-04
2.120000000000000000e+02	7.459999999999999432e+01	2.625934101217300073e-03	2.626449999999999792e-03	-3.073896434921893212e-03
2.120000000000000000e+02	9.503000000000000114e+01	2.519331764783899925e-03	2.520160000000000022e-03	-6.282330771853373783e-03
2.250699999999999932e+02	4.279999999999999716e+01	2.995859685963600180e-03	3.025980000000000163e-03	2.643229387646442267e-03
2.250699999999999932e+02	6.250000000000000000e+01	2.801744554436799966e-03	2.797220000000000002e-03	-3.098522849937467016e-04
2.250699999999999932e+02	8.229999999999999716e+01	2.655235784565899808e-03	2.652820000000000178e-03	-3.556020016730757419e-03
2.250699999999999932e+02	1.087000000000000028e+02	2.521818292723099989e-03	2.519829999999999813e-03	-7.684109850509391812e-03
2.375699999999999932e+02	3.019999999999999929e+01	3.474430560635300043e-03	3.479219999999999882e-03	5.229477720312990414e-03
2.375699999999999932e+02	6.060000000000000142e+01	2.904617991728899919e-03	2.905920000000000204e-03	7.148114666488594032e-04
2.375699999999999932e+02	9.420000000000000284e+01	2.644019951859099844e-03	2.648740000000000122e-03	-4.434291118771116133e-03
2.494300000000000068e+02	4.110000000000000142e+01	3.314837600271799880e-03	3.325670000000000189e-03	4.227200141546201377e-03
2.494300000000000068e+02	5.810000000000000142e+01	3.026179503090599930e-03	3.028149999999999852e-03	1.642588478602742021e-03
2.494300000000000068e+02	7.440000000000000568e+01	2.852247455193399929e-03	2.854530000000000088e-03	-7.805692721014109020e-04
2.494300000000000068e+02	9.420000000000000284e+01	2.707601089694599856e-03	2.708930000000000018e-03	-3.916618005542433882e-03
2.615500000000000114e+02	4.070000000000000284e+01	3.480054907471099787e-03	3.486949999999999945e-03	4.898817531896030447e-03
2.615500000000000114e+02	5.329999999999999716e+01	3.202620881451899958e-03	3.206130000000000178e-03	3.037540677277577802e-03
2.615500000000000114e+02	6.800000000000000000e+01	3.004363104344399786e-03	3.000769999999999826e-03	8.039513957381633907e-04
2.615500000000000114e+02	8.259999999999999432e+01	2.864711326248099970e-03	2.859099999999999836e-03	-1.445524493954577008e-03
2.615500000000000114e+02	1.000999999999999943e+02	2.739402312601199856e-03	2.733530000000000074e-03	-4.174945343344876186e-03
2.787099999999999795e+02	3.479999999999999716e+01	3.951984713596599745e-03	3.972919999999999577e-03	6.754887076958990613e-03
2.787099999999999795e+02	5.000000000000000000e+01	3.430176264958399897e-03	3.445020000000000027e-03	4.421314047053761902e-03
2.787099999999999795e+02	6.239999999999999858e+01	3.194514226832899980e-03	3.208009999999999855e-03	2.559118893387652034e-03
2.787099999999999795e+02	7.740000000000000568e+01	3.008727319055100151e-03	3.015550000000000088e-03	2.590897152626118333e-04
2.787099999999999795e+02	9.590000000000000568e+01	2.817584994254599805e-03	2.850469999999999914e-03	-2.553466085773647629e-03
2.934100000000000250e+02	4.650000000000000000e+01	3.711778168457999932e-03	3.710610000000000037e-03	5.781180861902622536e-03
2.934100000000000250e+02	6.400000000000000000e+01	3.307978078320299945e-03	3.304420000000000187e-03	3.120293922453375515e-03
2.934100000000000250e+02	9.470000000000000284e+01	2.939527257465999847e-03	2.939670000000000130e-03	-1.619896598579487201e-03
3.032900000000000205e+02	3.689999999999999858e+01	4.383425063516199933e-03	4.278820000000000019e-03	7.748942692994754446e-03
3.032900000000000205e+02	5.160000000000000142e+01	3.740035013310100045e-03	3.671310000000000111e-03	5.512568927111046596e-03
3.092900000000000205e+02	6.670000000000000284e+01	3.204201040801300110e-03	3.389230000000000020e-03	3.553712263166513424e-03
3.092900000000000205e+02	8.470000000000000284e+01	3.128422376764299941e-03	3.132250000000000052e-03	7.575940589059446811e-04
3.032900000000000205e+02	1.057999999999999972e+02	2.930793840329399928e-03	2.902669999999999990e-03	-2.788306669943699419e-03
2.403000000000000114e+02	4.621900000000000119e+00	2.100897713593009863e-02	2.219909999999999939e-02	9.165837848749996963e-03
2.500000000000000000e+02	5.120300000000000296e+00	2.104088412111800033e-02	2.105339999999999989e-02	9.626127008304291230e-03
2.600000000000000000e+02	5.416000000000000369e+00	2.107288816997560099e-02	2.108470000000000136e-02	1.014692505655037484e-02
2.700000000000000000e+02	5.708899999999999864e+00	2.110498972609090029e-02	2.111680000000000154e-02	1.065848578740517458e-02
2.800000000000000000e+02	5.999600000000000044e+00	2.113718923575949940e-02	2.114809999999999954e-02	1.117455754603298608e-02
2.900000000000000000e+02	6.287200000000000344e+00	2.116948714800430051e-02	2.118300000000000044e-02	1.167335939320620665e-02
3.000000000000000000e+02	6.574799999999999756e+00	2.120404722497539959e-02	2.121030000000000137e-02	1.217232510636386510e-02
2.080000000000000000e+02	4.634900000000000020e+00	1.573194873725619961e-02	1.574709999999999999e-02	7.467391913368447154e-03
2.120000000000000000e+02	4.812400000000000233e+00	1.574187951996579987e-02	1.575649999999999967e-02	7.633487175511296033e-03
2.160000000000000000e+02	4.988500000000000156e+00	1.575182284819540146e-02	1.576630000000000045e-02	7.805952563726179134e-03
2.200000000000000000e+02	5.163199999999999790e+00	1.576177874573310086e-02	1.577680000000000055e-02	7.986952271847985382e-03
2.250000000000000000e+02	5.379999999999999893e+00	1.577454067376969984e-02	1.578979999999999967e-02	8.207969651556830046e-03
2.300000000000000000e+02	5.594899999999999984e+00	1.578732328459679993e-02	1.580379999999999979e-02	8.450053146440015400e-03
2.400000000000000000e+02	6.020400000000000418e+00	1.581254968698420083e-02	1.583120000000000013e-02	8.947917643109318947e-03
2.500000000000000000e+02	6.440699999999999648e+00	1.583825919032410059e-02	1.585819999999999938e-02	9.442712703279471792e-03
2.600000000000000000e+02	6.856799999999999784e+00	1.586364876612540026e-02	1.588399999999999881e-02	9.933854743509605220e-03
2.700000000000000000e+02	7.268200000000000216e+00	1.588992982053590020e-02	1.591129999999999975e-02	1.043645749721324942e-02
2.800000000000000000e+02	7.675600000000000200e+00	1.591629809825699862e-02	1.593899999999999831e-02	1.092490619369408666e-02
2.900000000000000000e+02	8.080500000000000682e+00	1.594316173559549854e-02	1.596440000000000012e-02	1.141141038996274643e-02
3.000000000000000000e+02	8.481899999999999551e+00	1.597093443254240033e-02	1.599050000000000124e-02	1.189414620710455353e-02
2.000000000000000000e+02	4.764100000000000001e+00	1.267105801611169945e-02	1.273029999999999995e-02	7.053792454963233455e-03
2.043000000000000114e+02	5.003599999999999604e+00	1.267956225485009948e-02	1.281110000000000061e-02	7.223803175803835894e-03
2.080000000000000000e+02	5.240899999999999892e+00	1.268833614549150050e-02	1.271480000000000006e-02	7.366442094630914171e-03
2.120000000000000000e+02	5.474400000000000155e+00	1.269686360043839959e-02	1.271770000000000019e-02	7.550067000427785995e-03
2.160000000000000000e+02	5.705199999999999605e+00	1.270540252519359974e-02	1.272460000000000084e-02	7.716424705011284101e-03
2.200000000000000000e+02	5.932999999999999829e+00	1.271421222613900066e-02	1.273619999999999960e-02	7.884784848156498743e-03
2.250000000000000000e+02	6.217800000000000438e+00	1.272485195143739992e-02	1.274319999999999967e-02	8.086305182445140821e-03
2.303000000000000114e+02	6.499500000000000277e+00	1.273576966229619974e-02	1.280270000000000019e-02	8.349570909666006319e-03
2.400000000000000000e+02	7.056300000000000239e+00	1.275766138390609962e-02	1.277559999999999980e-02	8.796558510610247988e-03
2.500000000000000000e+02	7.605999999999999872e+00	1.277962849517720080e-02	1.279800000000000035e-02	9.272257112039394150e-03
2.600000000000000000e+02	8.149100000000000676e+00	1.280193425960960037e-02	1.282110000000000020e-02	9.737953975975337587e-03
2.700000000000000000e+02	8.686700000000000088e+00	1.282431802585110026e-02	1.284380000000000070e-02	1.021057089429061940e-02
2.600000000000000000e+02	9.218999999999999417e+00	1.284730967314540000e-02	1.097279999999999957e-02	9.594428659621330110e-03
2.900000000000000000e+02	9.746900000000000119e+00	1.287038390810749978e-02	1.288899999999999942e-02	1.116800095402391453e-02
3.000000000000000000e+02	1.026989999999999981e+01	1.289354117652940016e-02	1.291199999999999987e-02	1.160065050407960673e-02
1.960000000000000000e+02	4.849300000000000388e+00	1.048946574423700005e-02	1.053229999999999965e-02	6.818829877048925014e-03
2.000000000000000000e+02	5.156500000000000306e+00	1.049706015134570063e-02	1.052759999999999981e-02	6.992389143520444557e-03
2.040000000000000000e+02	5.458000000000000185e+00	1.050448856796500074e-02	1.053229999999999965e-02	7.146212225964342600e-03
2.080000000000000000e+02	5.757699999999999818e+00	1.051210475169419949e-02	1.053100000000000043e-02	7.298059406347111311e-03
2.120000000000000000e+02	6.353799999999999670e+00	1.051973198752569928e-02	9.543249999999999650e-03	7.409668942230396467e-03
2.160000000000000000e+02	6.347100000000000186e+00	1.052719253839329988e-02	1.054019999999999957e-02	7.627592701090523189e-03
2.200000000000000000e+02	6.637599999999999945e+00	1.053484169230169999e-02	1.054820000000000063e-02	7.782365432367826727e-03
2.300000000000000000e+02	7.356499999999999595e+00	1.055392396581670070e-02	1.056630000000000069e-02	8.216105715540562154e-03
2.400000000000000000e+02	8.064099999999999824e+00	1.094428853697399992e-02	1.058740000000000028e-02	8.648529310419365845e-03
2.530000000000000000e+02	8.763099999999999667e+00	1.059247662145069990e-02	1.094599999999999913e-02	9.248993592514324555e-03
2.600000000000000000e+02	9.454200000000000159e+00	1.061194908013289931e-02	1.062830000000000025e-02	9.563135082077293264e-03
2.700000000000000000e+02	1.013840000000000074e+01	1.063167456529199965e-02	1.064820000000000003e-02	1.002886135477460382e-02
2.600000000000000000e+02	1.081559999999999988e+01	1.065147351845559948e-02	8.971919999999999548e-03	9.357390731398688294e-03
2.900000000000000000e+02	1.146729999999999983e+01	1.067134635083919966e-02	1.070920000000000032e-02	1.091328721457164586e-02
3.000000000000000000e+02	1.215339999999999954e+01	1.069147682310199986e-02	1.070740000000000060e-02	1.133469355546160538e-02
1.920000000000000000e+02	4.684499999999999886e+00	8.929522422709399235e-03	8.930030000000000259e-03	6.628267049299757172e-03
1.960000000000000000e+02	5.066099999999999604e+00	8.936306120672600148e-03	8.954880000000000131e-03	6.801034338969611133e-03
2.000000000000000000e+02	5.440599999999999881e+00	8.943100133531200688e-03	8.963060000000000124e-03	6.966579541793237532e-03
2.040000000000000000e+02	5.810999999999999943e+00	8.949904484829299817e-03	8.964120000000000768e-03	7.110469546286094823e-03
2.080000000000000000e+02	6.177399999999999558e+00	8.956590522630300533e-03	8.966800000000000465e-03	7.246724763674806079e-03
2.120000000000000000e+02	6.541000000000000369e+00	8.963286557526100803e-03	8.969539999999999805e-03	7.384617795217823452e-03
2.160000000000000000e+02	6.901299999999999990e+00	8.970121672883199851e-03	8.975089999999999804e-03	7.540450339792453480e-03
2.230000000000000000e+02	7.259100000000000108e+00	8.976837962688600375e-03	9.569529999999999703e-03	7.850069095267921473e-03
2.250000000000000000e+02	7.703199999999999825e+00	8.985376981850600603e-03	8.990190000000000334e-03	7.886457502770932021e-03
2.300000000000000000e+02	8.143700000000000827e+00	8.994062012330699546e-03	9.000160000000000105e-03	8.091646464043337691e-03
2.400000000000000000e+02	9.315799999999999415e+00	9.011091788927300811e-03	8.607619999999999855e-03	8.464270428447686484e-03
2.500000000000000000e+02	9.878899999999999793e+00	9.028447663515300203e-03	9.039629999999999888e-03	8.933598776525129848e-03
2.600000000000000000e+02	1.073220000000000063e+01	9.045870523922300635e-03	9.058959999999999582e-03	9.377493446956262566e-03
2.700000000000000000e+02	1.157910000000000039e+01	9.337707763063899172e-03	9.076010000000000674e-03	9.820382274413955864e-03
2.800000000000000000e+02	1.241740000000000066e+01	9.081051032128599834e-03	9.093709999999999641e-03	1.021563611085432761e-02
2.900000000000000000e+02	1.324890000000000079e+01	9.372098983910700024e-03	9.110810000000000436e-03	1.064041589510704433e-02
3.000000000000000000e+02	1.407370000000000054e+01	9.118773077106899147e-03	9.127619999999999484e-03	1.102779279912926604e-02
1.920000000000000000e+02	4.752799999999999692e+00	7.814507351575900387e-03	7.817299999999999249e-03	6.626782532729165801e-03
1.960000000000000000e+02	5.201100000000000279e+00	7.819800272291699619e-03	7.840569999999999831e-03	6.787896417000460064e-03
2.300000000000000000e+02	5.641600000000000392e+00	7.825886178307900343e-03	1.562260000000000038e-02	8.485968501680195633e-03
2.040000000000000000e+02	6.078100000000000058e+00	7.832079955135299448e-03	7.855130000000000098e-03	7.066309019368419847e-03
2.080000000000000000e+02	6.511999999999999567e+00	7.838184997406599797e-03	7.855910000000000670e-03	7.193476316238026948e-03
2.120000000000000000e+02	6.944200000000000372e+00	7.844398264994799364e-03	7.855350000000000527e-03	7.324562562308182395e-03
2.180000000000000000e+02	7.373000000000000220e+00	7.850621390814200781e-03	8.306859999999999244e-03	7.574104738167830586e-03
2.230000000000000000e+02	7.799500000000000099e+00	7.856854398345599483e-03	8.440559999999999730e-03	7.775398947885364155e-03
2.250000000000000000e+02	8.329200000000000159e+00	7.864684392889299477e-03	7.871599999999999431e-03	7.804058578715624903e-03
2.300000000000000000e+02	8.856500000000000483e+00	7.872530009454500530e-03	7.878970000000000765e-03	7.989825241588140864e-03
2.400000000000000000e+02	9.901199999999999335e+00	7.888268296033699653e-03	7.896449999999999303e-03	8.384687468944451022e-03
2.500000000000000000e+02	1.093800000000000061e+01	7.924162343137999137e-03	7.911500000000000130e-03	8.787351892230040387e-03
2.600000000000000000e+02	1.196100000000000030e+01	7.919934405202399413e-03	7.930120000000000571e-03	9.206208374484457779e-03
2.700000000000000000e+02	1.297789999999999999e+01	7.935761974882200517e-03	7.945799999999999391e-03	9.603983984320402928e-03
2.800000000000000000e+02	1.398579999999999934e+01	7.951551514683000491e-03	7.961479999999999946e-03	9.976724521712884014e-03
2.900000000000000000e+02	1.496529999999999916e+01	7.967200374547600203e-03	7.988179999999999240e-03	1.035231497074062118e-02
3.000000000000000000e+02	1.597690000000000055e+01	7.982604308690400413e-03	7.992130000000000067e-03	1.072307515294329550e-02
1.920000000000000000e+02	4.789100000000000357e+00	6.859295813716800166e-03	6.861469999999999722e-03	6.628986209758261881e-03
1.960000000000000000e+02	5.308200000000000252e+00	6.864809413531900058e-03	6.872020000000000385e-03	6.769355690024753819e-03
2.000000000000000000e+02	5.823699999999999655e+00	6.870407596274399897e-03	6.882450000000000026e-03	6.901068759261167612e-03
2.040000000000000000e+02	6.336400000000000254e+00	6.874498522519000010e-03	6.893439999999999811e-03	7.017485656492114532e-03
2.080000000000000000e+02	6.650199999999999889e+00	6.881631398076300254e-03	7.440150000000000409e-03	7.166021638656048902e-03
2.120000000000000000e+02	7.361500000000000377e+00	6.887333147467099986e-03	6.897010000000000293e-03	7.271376034188805834e-03
2.160000000000000000e+02	7.871100000000000207e+00	6.893044353018100076e-03	6.901570000000000100e-03	7.407757086527632338e-03
2.200000000000000000e+02	8.359999999999999432e+00	6.898841378224000037e-03	6.934420000000000167e-03	7.535438535520595955e-03
2.250000000000000000e+02	9.012900000000000134e+00	6.906024885169999988e-03	6.912510000000000182e-03	7.704906573994347793e-03
2.300000000000000000e+02	9.643900000000000361e+00	6.914833590380699627e-03	6.919319999999999637e-03	7.869342919985422569e-03
2.400000000000000000e+02	1.069699999999999918e+01	6.927896394140700340e-03	7.105730000000000206e-03	8.265425696289893653e-03
2.500000000000000000e+02	1.213979999999999926e+01	6.942477216386499714e-03	6.950590000000000414e-03	8.608855091646343619e-03
2.600000000000000000e+02	1.337270000000000003e+01	8.955689897272500408e-03	6.965879999999999815e-03	8.998396523198205765e-03
2.700000000000000000e+02	1.459699999999999953e+01	6.971356008774800064e-03	6.980150000000000070e-03	9.361795383713346699e-03
2.600000000000000000e+02	1.581140000000000079e+01	6.985416043975000225e-03	5.860780000000000330e-03	8.633050341982466402e-03
2.900000000000000000e+02	1.701699999999999946e+01	6.999297158576499832e-03	7.007860000000000304e-03	1.002842015289962668e-02
3.000000000000000000e+02	1.821490000000000009e+01	7.012839105834899750e-03	7.020649999999999807e-03	1.038931274310657057e-02
1.920000000000000000e+02	4.810399999999999565e+00	6.089484240171199811e-03	6.068439999999999598e-03	6.631708347111566967e-03
1.960000000000000000e+02	5.402000000000000135e+00	6.094484598701099820e-03	6.101399999999999879e-03	6.759243550978356538e-03
2.000000000000000000e+02	5.998300000000000409e+00	6.099612528213700126e-03	6.109680000000000145e-03	6.885457865086033399e-03
2.040000000000000000e+02	6.597699999999999676e+00	6.104808872719399981e-03	6.114900000000000370e-03	6.987177439597215198e-03
2.080000000000000000e+02	7.198999999999999844e+00	6.110073960001199782e-03	6.119320000000000141e-03	7.092888740875007494e-03
2.120000000000000000e+02	7.801199999999999690e+00	6.115348136862500117e-03	6.123629999999999698e-03	7.198877862618484683e-03
2.160000000000000000e+02	8.403499999999999304e+00	6.132733247838100324e-03	6.128149999999999743e-03	7.321557562778737045e-03
2.200000000000000000e+02	9.006000000000000227e+00	6.126044242438499592e-03	6.132280000000000370e-03	7.441772978647134829e-03
2.250000000000000000e+02	9.756800000000000139e+00	6.132793575540499906e-03	6.139020000000000241e-03	7.594595793594984857e-03
2.300000000000000000e+02	1.050660000000000061e+01	6.139557797121699724e-03	6.145349999999999945e-03	7.742194211305671731e-03
2.400000000000000000e+02	1.199849999999999994e+01	6.153191832892999924e-03	6.159399999999999771e-03	8.075944857031313803e-03
2.500000000000000000e+02	1.348090000000000011e+01	6.166581567840999888e-03	6.173389999999999954e-03	8.417276965257656368e-03
2.600000000000000000e+02	1.495439999999999969e+01	6.179907183726800375e-03	6.186579999999999684e-03	8.768867222103187906e-03
2.700000000000000000e+02	1.641649999999999920e+01	6.192859875323799765e-03	6.199869999999999687e-03	9.074313318027623851e-03
2.800000000000000000e+02	1.767000000000000171e+01	6.205496352086500161e-03	6.277109999999999808e-03	9.397779283349103063e-03
2.900000000000000000e+02	1.931330000000000169e+01	6.217626373877799782e-03	6.224069999999999950e-03	9.716250172669898405e-03
3.000000000000000000e+02	2.074739999999999895e+01	6.230613290979699834e-03	6.235400000000000317e-03	1.000174155912534127e-02
1.920000000000000000e+02	4.832200000000000273e+00	5.610877183666400023e-03	5.509810000000000402e-03	6.626137065352429023e-03
1.960000000000000000e+02	5.485500000000000043e+00	5.615627924127599736e-03	5.602329999999999983e-03	6.741852420950116345e-03
2.000000000000000000e+02	6.151299999999999990e+00	5.620488054855399609e-03	5.616699999999999644e-03	6.867067583134288389e-03
2.040000000000000000e+02	6.324900000000000411e+00	5.625458123245900312e-03	6.932790000000000306e-03	7.019480669094315360e-03
2.080000000000000000e+02	7.501699999999999591e+00	5.630538690528100014e-03	5.629170000000000181e-03	7.037329789913396132e-03
2.120000000000000000e+02	8.177300000000000679e+00	5.635628443016699879e-03	5.639670000000000273e-03	7.142298525141509320e-03
2.160000000000000000e+02	8.860900000000000887e+00	5.640829479010900371e-03	5.642140000000000349e-03	7.252131686889957442e-03
2.200000000000000000e+02	9.541499999999999204e+00	5.645988992308799588e-03	5.647970000000000421e-03	7.362154353088565424e-03
2.250000000000000000e+02	1.039129999999999932e+01	5.652541357723199662e-03	5.655359999999999901e-03	7.494617256067524248e-03
2.300000000000000000e+02	1.124019999999999975e+01	5.659057580842900143e-03	5.662359999999999963e-03	7.633582197619051199e-03
2.400000000000000000e+02	1.293410000000000082e+01	5.672083597255300411e-03	5.675330000000000132e-03	7.945603835727357844e-03
2.500000000000000000e+02	1.461700000000000088e+01	5.684858676800900144e-03	5.688880000000000325e-03	8.252843320041834338e-03
2.600000000000000000e+02	1.629090000000000060e+01	5.697274888590900081e-03	5.701509999999999911e-03	8.563638506502916151e-03
2.700000000000000000e+02	1.795479999999999876e+01	5.709274863172599662e-03	5.713460000000000066e-03	8.839733920920070029e-03
2.800000000000000000e+02	1.960699999999999932e+01	5.720800496510500092e-03	5.725159999999999971e-03	9.162065962854499743e-03
2.900000000000000000e+02	2.124970000000000070e+01	5.731793033940900221e-03	5.736029999999999601e-03	9.425759715349891002e-03
3.300000000000000000e+02	2.288279999999999959e+01	5.742298945461199629e-03	6.751290000000000069e-03	1.131515031209875954e-02
1.920000000000000000e+02	4.868500000000000050e+00	5.165342937344900333e-03	5.128459999999999616e-03	6.593667828384219831e-03
1.960000000000000000e+02	5.603299999999999947e+00	5.169883295674799865e-03	5.164270000000000319e-03	6.707675777179060439e-03
2.000000000000000000e+02	6.357400000000000162e+00	5.174603435468799750e-03	5.173679999999999946e-03	6.823728100818514386e-03
2.040000000000000000e+02	7.121599999999999930e+00	5.179375230611600080e-03	5.180350000000000232e-03	6.904005081065007522e-03
2.080000000000000000e+02	7.891300000000000203e+00	5.184285162559199890e-03	5.187259999999999961e-03	6.981451245593077622e-03
2.120000000000000000e+02	8.665399999999999991e+00	5.189204412351399766e-03	5.193040000000000329e-03	7.065315723915110112e-03
2.160000000000000000e+02	9.442800000000000082e+00	5.194219556668699771e-03	5.197730000000000232e-03	7.161596274171252649e-03
2.200000000000000000e+02	1.022010000000000041e+01	5.199157686542800298e-03	5.202970000000000338e-03	7.259581978671658664e-03
2.250000000000000000e+02	1.119120000000000026e+01	5.205452223974199599e-03	5.209639999999999757e-03	7.378892960395632555e-03
2.300000000000000000e+02	1.216169999999999973e+01	5.211674885547399640e-03	5.216020000000000031e-03	7.491971403935830144e-03
2.400000000000000000e+02	1.409849999999999959e+01	5.223989848575700222e-03	5.228189999999999747e-03	7.756702043907930978e-03
2.500000000000000000e+02	1.602550000000000097e+01	5.236011325534299654e-03	5.240230000000000235e-03	8.033508045587511165e-03
2.600000000000000000e+02	1.794249999999999901e+01	5.247469837963100216e-03	5.251640000000000127e-03	8.304549805262002524e-03
2.700000000000000000e+02	1.984900000000000020e+01	5.258357623089400350e-03	5.262349999999999840e-03	8.532253556091492358e-03
2.800000000000000000e+02	2.174419999999999931e+01	5.268667256897800223e-03	5.272510000000000217e-03	8.787082809730362501e-03
2.900000000000000000e+02	2.362930000000000064e+01	5.278391666458300338e-03	5.281909999999999904e-03	9.044403943888112973e-03
3.000000000000000000e+02	2.550309999999999988e+01	5.287613832279300201e-03	5.290829999999999839e-03	9.300364294891774394e-03
1.920000000000000000e+02	4.945500000000000007e+00	4.802537430256300158e-03	4.796500000000000416e-03	6.571829800575156033e-03
1.960000000000000000e+02	5.778999999999999915e+00	4.806980966951099679e-03	4.807310000000000402e-03	6.674962672678306716e-03
2.000000000000000000e+02	6.632799999999999585e+00	4.811618403247099919e-03	4.814340000000000286e-03	6.774749046857828430e-03
2.040000000000000000e+02	7.499299999999999855e+00	4.816376419622099905e-03	4.819640000000000035e-03	6.848317562475929147e-03
2.080000000000000000e+02	8.372600000000000264e+00	4.821181138081400384e-03	4.824990000000000355e-03	6.910716127626060669e-03
2.120000000000000000e+02	9.249900000000000233e+00	4.825995452290700143e-03	4.830240000000000401e-03	6.975215993886093105e-03
2.160000000000000000e+02	1.013039999999999985e+01	4.830894256690800199e-03	4.834899999999999615e-03	7.055839052978983561e-03
2.200000000000000000e+02	1.101159999999999961e+01	4.835765507386000084e-03	4.839640000000000088e-03	7.140748191197629491e-03
2.250000000000000000e+02	1.211149999999999949e+01	4.841849601266899616e-03	4.846060000000000124e-03	7.251533518488857862e-03
2.300000000000000000e+02	1.321149999999999913e+01	4.847911325884300335e-03	4.851989999999999602e-03	7.333685338444363190e-03
2.400000000000000000e+02	1.540569999999999951e+01	4.859777345218700001e-03	4.863580000000000160e-03	7.544814406419138308e-03
2.500000000000000000e+02	1.758999999999999986e+01	4.871092575153299596e-03	4.874660000000000278e-03	7.784456997968456499e-03
2.600000000000000000e+02	1.976379999999999981e+01	4.881772453634200017e-03	4.884989999999999645e-03	8.017709076862335540e-03
2.700000000000000000e+02	2.192610000000000170e+01	4.891731502328199727e-03	4.894619999999999700e-03	8.229182431423252841e-03
2.800000000000000000e+02	2.407529999999999859e+01	4.901076188111500205e-03	4.903770000000000004e-03	8.446423301482833268e-03
2.900000000000000000e+02	2.621300000000000097e+01	4.909760564724499794e-03	4.912240000000000009e-03	8.665278201428230215e-03
3.000000000000000000e+02	2.833869999999999933e+01	4.918010180163000407e-03	4.920149999999999871e-03	8.872434851375685452e-03
1.920000000000000000e+02	5.205199999999999605e+00	4.380068264590300173e-03	4.392390000000000357e-03	6.560248488748712803e-03
1.960000000000000000e+02	6.220900000000000318e+00	4.384627370162899780e-03	4.388020000000000288e-03	6.634634880565199247e-03
2.000000000000000000e+02	7.245099999999999874e+00	4.389257779669700037e-03	4.392270000000000202e-03	6.693231807579609095e-03
2.040000000000000000e+02	8.278499999999999304e+00	4.394579367210799982e-03	4.397120000000000022e-03	6.732296612433885316e-03
2.080000000000000000e+02	9.317700000000000315e+00	4.398703170812199789e-03	4.401999999999999663e-03	6.770317322968646273e-03
2.120000000000000000e+02	1.036079999999999934e+01	4.403456678264699650e-03	4.406629999999999922e-03	6.807511400437547301e-03
2.160000000000000000e+02	1.140399999999999991e+01	4.408220470693199715e-03	4.411599999999999897e-03	6.859347108558658604e-03
2.200000000000000000e+02	1.244780000000000086e+01	4.412963344602499963e-03	4.416380000000000132e-03	6.927704692179029178e-03
2.250000000000000000e+02	1.375159999999999982e+01	4.418812347674700054e-03	4.422259999999999906e-03	7.007981555678088545e-03
2.330000000000000000e+02	1.505339999999999989e+01	4.424519867917100190e-03	4.576560000000000350e-03	7.216398981054521211e-03
2.400000000000000000e+02	1.755059999999999931e+01	4.435505855337799896e-03	4.453930000000000042e-03	7.228448086372001730e-03
2.500000000000000000e+02	2.023519999999999897e+01	4.445753827620599861e-03	4.448699999999999877e-03	7.384671904369623230e-03
2.600000000000000000e+02	2.280620000000000047e+01	4.455093980296600219e-03	4.457929999999999705e-03	7.566699908160135282e-03
2.700000000000000000e+02	2.536349999999999838e+01	4.463706309264899724e-03	4.466379999999999829e-03	7.736463347444938118e-03
2.800000000000000000e+02	2.790690000000000026e+01	4.471646283621000077e-03	4.474129999999999774e-03	7.877221610478287936e-03
2.900000000000000000e+02	3.043329999999999913e+01	4.479067436660100210e-03	4.481510000000000181e-03	8.028551496697077655e-03
3.000000000000000000e+02	3.294830000000000325e+01	4.486093576466600175e-03	4.488119999999999957e-03	8.172036231878537782e-03
1.940000000000000000e+02	6.378700000000000259e+00	4.058308411667200383e-03	4.063510000000000212e-03	6.503753529156343881e-03
1.980000000000000000e+02	7.586100000000000065e+00	4.062989732467399591e-03	4.066629999999999898e-03	6.539492033052615380e-03
2.020000000000000000e+02	8.801199999999999690e+00	4.067681865690100408e-03	4.070400000000000060e-03	6.552654711368153390e-03
2.060000000000000000e+02	1.002009999999999934e+01	4.072438052027099915e-03	4.074549999999999700e-03	6.565300433883277005e-03
2.100000000000000000e+02	1.123780000000000001e+01	4.077152046018399714e-03	4.079379999999999638e-03	6.577946317906914649e-03
2.150000000000000000e+02	1.275960000000000072e+01	4.082999741366400044e-03	4.085400000000000316e-03	6.601656786673132903e-03
2.200000000000000000e+02	1.427919999999999945e+01	4.088730154571299825e-03	4.091349999999999675e-03	6.651983285595979359e-03
2.300000000000000000e+02	1.731250000000000000e+01	4.099673156017400247e-03	4.102230000000000112e-03	6.738500285252499271e-03
2.400000000000000000e+02	2.032870000000000132e+01	4.109672292923099816e-03	4.112440000000000193e-03	6.786456052896218394e-03
2.500000000000000000e+02	2.333129999999999882e+01	4.118686101571100364e-03	4.121429999999999712e-03	6.922438128597738737e-03
2.600000000000000000e+02	2.631779999999999831e+01	4.126865184178899956e-03	4.129510000000000298e-03	7.015835609345905111e-03
2.700000000000000000e+02	2.928610000000000113e+01	4.134309014825999877e-03	4.136909999999999719e-03	7.115512481792070701e-03
2.800000000000000000e+02	3.223960000000000292e+01	4.141202001439600253e-03	4.143499999999999614e-03	7.202801757920162390e-03
2.900000000000000000e+02	3.516770000000000351e+01	4.147621273667100039e-03	4.150009999999999984e-03	7.300899294978988735e-03
1.940000000000000000e+02	7.266000000000000014e+00	3.840154461457600133e-03	3.843280000000000134e-03	6.355710882837517159e-03
1.980000000000000000e+02	8.636300000000000310e+00	3.844819930242300045e-03	3.847510000000000166e-03	6.373805863610311484e-03
2.020000000000000000e+02	1.000479999999999947e+01	3.849520518352400004e-03	3.852649999999999998e-03	6.383714502859368263e-03
2.060000000000000000e+02	1.137509999999999977e+01	3.854232614192599961e-03	3.857580000000000210e-03	6.373224598232764791e-03
2.100000000000000000e+02	1.274540000000000006e+01	3.858836833591599864e-03	3.862340000000000131e-03	6.363388849946694827e-03
2.150000000000000000e+02	1.444040000000000035e+01	3.864433926588800063e-03	3.869759999999999867e-03	6.353712090823024523e-03
2.200000000000000000e+02	1.616069999999999851e+01	3.869951188150800008e-03	3.873859999999999804e-03	6.372569494972160284e-03
2.300000000000000000e+02	1.956259999999999977e+01	3.880091092743300028e-03	3.883999999999999866e-03	6.408004148707891617e-03
2.400000000000000000e+02	2.294379999999999953e+01	3.889167923723499832e-03	3.893220000000000187e-03	6.407023991517617548e-03
2.500000000000000000e+02	2.631139999999999901e+01	3.897215098416099803e-03	3.901040000000000150e-03	6.439223051840386146e-03
2.600000000000000000e+02	2.965390000000000015e+01	3.904415168896500140e-03	3.908349999999999672e-03	6.498086941506340045e-03
2.700000000000000000e+02	3.297570000000000334e+01	3.910979351781100101e-03	3.914940000000000433e-03	6.534729495713416034e-03
1.940000000000000000e+02	8.634600000000000719e+00	3.620575609537600090e-03	3.644909999999999903e-03	6.146010336864536627e-03
1.980000000000000000e+02	1.040799999999999947e+01	3.625228358572099834e-03	3.627659999999999999e-03	6.089376461518502745e-03
2.020000000000000000e+02	1.197739999999999938e+01	3.629850812841200168e-03	3.632540000000000074e-03	6.068088214285300569e-03
2.060000000000000000e+02	1.354620000000000068e+01	3.634400320094700182e-03	3.637120000000000197e-03	6.050951632123172108e-03
2.100000000000000000e+02	1.510800000000000054e+01	3.638812570455500061e-03	3.641820000000000040e-03	6.012903952276170243e-03
2.150000000000000000e+02	1.706019999999999825e+01	3.644066052399500162e-03	3.647060000000000145e-03	5.966906666035567963e-03
2.200000000000000000e+02	1.903300000000000125e+01	3.649099764168800119e-03	3.650309999999999926e-03	5.953861630460469817e-03
2.300000000000000000e+02	2.267229999999999990e+01	3.658178405087999813e-03	3.672710000000000037e-03	5.946654428784733416e-03
2.400000000000000000e+02	2.671859999999999857e+01	3.666094677686900036e-03	3.669519999999999900e-03	5.857102095745525538e-03
2.500000000000000000e+02	3.054420000000000002e+01	3.673114495930099831e-03	3.676430000000000062e-03	5.792314120158132372e-03
2.600000000000000000e+02	3.433570000000000277e+01	3.679401068860100026e-03	3.682949999999999939e-03	5.766630370522100001e-03
1.920000000000000000e+02	1.050890000000000057e+01	3.410324361406499947e-03	3.413250000000000051e-03	5.751043524961007777e-03
1.960000000000000000e+02	1.232269999999999932e+01	3.414994503224800127e-03	3.418089999999999930e-03	5.699447238229902665e-03
2.000000000000000000e+02	1.413109999999999999e+01	3.419489888705099911e-03	3.422750000000000011e-03	5.641794271607858055e-03
2.050000000000000000e+02	1.638599999999999923e+01	3.424937628460800187e-03	3.428159999999999975e-03	5.575178034568513061e-03
2.100000000000000000e+02	1.863119999999999976e+01	3.430214011052100213e-03	3.433279999999999926e-03	5.509803380108271864e-03
2.150000000000000000e+02	2.086870000000000047e+01	3.434938823739500015e-03	3.438029999999999906e-03	5.423115207604461453e-03
2.200000000000000000e+02	2.310020000000000095e+01	3.439297161740600094e-03	3.442349999999999837e-03	5.354251740883201119e-03
2.250000000000000000e+02	2.532369999999999877e+01	3.443286184186000048e-03	3.446369999999999816e-03	5.292532180857107901e-03
2.300000000000000000e+02	2.753930000000000078e+01	3.448237812548199995e-03	3.450110000000000156e-03	5.239816823497948223e-03
2.350000000000000000e+02	2.974790000000000134e+01	3.450527985990200185e-03	3.453560000000000050e-03	5.173263738884657445e-03
2.400000000000000000e+02	3.194879999999999853e+01	3.453586286886300115e-03	3.456780000000000009e-03	5.096674908144541161e-03
2.450000000000000000e+02	3.414020000000000010e+01	3.456650013909500201e-03	3.459840000000000051e-03	5.019617944401724013e-03
1.940000000000000000e+02	1.529129999999999967e+01	3.224919286719999875e-03	3.230880000000000210e-03	5.132301552252294813e-03
1.980000000000000000e+02	1.736680000000000135e+01	3.229095128755000120e-03	3.235239999999999904e-03	5.029813057771226337e-03
2.020000000000000000e+02	1.943489999999999895e+01	3.233114123884900208e-03	3.239329999999999900e-03	4.928484782847932649e-03
2.050000000000000000e+02	2.098379999999999868e+01	3.235966970355599968e-03	3.242140000000000126e-03	4.852861921662971617e-03
2.100000000000000000e+02	2.355760000000000076e+01	3.240339898693999927e-03	3.246499999999999820e-03	4.720578415092966523e-03
2.150000000000000000e+02	2.612059999999999960e+01	3.245400294162999796e-03	3.250519999999999798e-03	4.593951678587284218e-03
2.200000000000000000e+02	2.867620000000000147e+01	3.247936423593199892e-03	3.254149999999999925e-03	4.480804780612848356e-03
2.250000000000000000e+02	3.122139999999999915e+01	3.251324101740399840e-03	3.257509999999999920e-03	4.370840934400915118e-03
2.300000000000000000e+02	3.375419999999999732e+01	3.254379059919200196e-03	3.260690000000000116e-03	4.276837792531466148e-03
1.920000000000000000e+02	1.867760000000000176e+01	3.085427083582700184e-03	3.088609999999999880e-03	4.461471955991704041e-03
1.960000000000000000e+02	2.100840000000000174e+01	3.089708576215299905e-03	3.092479999999999882e-03	4.317025085422293747e-03
2.000000000000000000e+02	2.333210000000000051e+01	3.093234415820999856e-03	3.096030000000000049e-03	4.174225823143379137e-03
2.040000000000000000e+02	2.564939999999999998e+01	3.096460695881199984e-03	3.099300000000000145e-03	4.048028617704014197e-03
2.080000000000000000e+02	2.795990000000000109e+01	3.099385515827599892e-03	3.102300000000000110e-03	3.917471542828790225e-03
2.120000000000000000e+02	3.026289999999999836e+01	3.102161499272100206e-03	3.105099999999999961e-03	3.789960193981888915e-03
2.160000000000000000e+02	3.255689999999999884e+01	3.104787831218700118e-03	3.107720000000000014e-03	3.675911674306612739e-03
2.200000000000000000e+02	3.484340000000000259e+01	3.107108878687799957e-03	3.110180000000000149e-03	3.562041299143454964e-03
1.940000000000000000e+02	2.600260000000000105e+01	2.957501880971099856e-03	2.959929999999999940e-03	3.438226246545137560e-03
1.980000000000000000e+02	2.861179999999999879e+01	2.960451096959599866e-03	2.962999999999999922e-03	3.266149484642018666e-03
2.060000000000000000e+02	3.121399999999999864e+01	2.963124508121299950e-03	3.012309999999999814e-03	3.320780255779227398e-03
2.060000000000000000e+02	3.380429999999999779e+01	2.965661671147899921e-03	2.968409999999999885e-03	2.934645429402674491e-03
1.920000000000000000e+02	3.070149999999999935e+01	2.861004068233299977e-03	2.863600000000000000e-03	2.621269065859153057e-03
1.960000000000000000e+02	3.355749999999999744e+01	2.863500810714300106e-03	2.866290000000000070e-03	2.407526281209253910e-03
