# Temperature (K)	Pressure (MPa)	Experimental(kg/m3)	NIST(kg/m3)	Model(kg/m3)
2.528329999999999984e+02	4.589699999999999669e+00	4.250439599999999984e+01	4.091550000000000153e+01	4.730167996833331046e+01
2.033990000000000009e+02	4.855900000000000105e+00	4.075282800000000094e+01	7.513330000000000553e+01	8.056549546000000817e+01
2.733799999999999955e+02	5.105800000000000338e+00	4.086029599999999817e+01	4.088020000000000209e+01	4.276350415500002100e+01
2.085740000000000123e+02	6.027000000000000135e+00	1.036408559999999994e+02	1.032789999999999964e+02	1.050287230149999971e+02
2.232340000000000089e+02	7.234600000000000364e+00	1.035718839999999830e+02	1.034180000000000064e+02	1.078977156099998496e+02
2.344399999999999977e+02	8.143299999999999983e+00	1.035205559999999849e+02	1.034260000000000019e+02	1.054028045533333682e+02
2.437330000000000041e+02	8.891299999999999315e+00	1.034708320000000015e+02	1.034339999999999975e+02	1.038750540350000051e+02
2.437729999999999961e+02	8.893900000000000361e+00	1.034708320000000015e+02	1.034240000000000066e+02	1.039376935766666747e+02
2.513760000000000048e+02	9.501799999999999358e+00	1.034307319999999777e+02	1.034189999999999969e+02	1.049144106133333167e+02
2.621899999999999977e+02	1.035050000000000026e+01	1.033810079999999800e+02	1.032690000000000055e+02	1.332667847883334673e+02
2.721549999999999727e+02	1.114780000000000015e+01	1.033312839999999966e+02	1.033760000000000048e+02	1.063509784100000388e+02
2.721850000000000023e+02	1.114939999999999998e+01	1.033312839999999966e+02	1.033670000000000044e+02	1.062371465400000545e+02
1.910320000000000107e+02	4.614499999999999602e+00	1.160349640000000022e+02	1.178439999999999941e+02	1.927755617283335710e+02
1.933249999999999886e+02	4.833599999999999675e+00	1.159948640000000069e+02	1.149030000000000058e+02	1.721812035599997728e+02
1.977369999999999948e+02	5.272199999999999775e+00	1.159756160000000023e+02	1.152770000000000010e+02	1.317439719166666521e+02
2.027529999999999859e+02	5.762699999999999712e+00	1.159451399999999950e+02	1.155060000000000002e+02	1.212817823349999742e+02
2.032239999999999895e+02	6.290899999999999714e+00	1.159146640000000019e+02	1.492299999999999898e+02	1.563052132283331161e+02
2.121649999999999920e+02	6.668899999999999828e+00	1.158954159999999831e+02	1.157079999999999984e+02	1.182492191666667054e+02
2.171359999999999957e+02	7.142100000000000115e+00	1.158649400000000043e+02	1.157390000000000043e+02	1.191333399566667026e+02
2.229259999999999877e+02	7.690900000000000070e+00	1.158360679999999974e+02	1.157750000000000057e+02	1.206316991799998561e+02
2.300500000000000114e+02	8.361399999999999721e+00	1.157959680000000020e+02	1.157720000000000056e+02	1.199286098400000924e+02
2.373360000000000127e+02	9.043200000000000571e+00	1.157558680000000066e+02	1.157540000000000049e+02	1.177182784583334296e+02
2.427090000000000032e+02	9.543400000000000105e+00	1.157253919999999994e+02	1.157300000000000040e+02	1.161263104633333541e+02
2.484439999999999884e+02	1.007569999999999943e+01	1.156949160000000063e+02	1.157079999999999984e+02	1.327747952150000685e+02
2.501939999999999884e+02	1.023760000000000048e+01	1.156852920000000040e+02	1.156989999999999981e+02	1.287436063750000415e+02
2.534449999999999932e+02	1.053780000000000072e+01	1.156660439999999994e+02	1.156790000000000020e+02	1.204767180266667737e+02
2.536419999999999959e+02	1.101720000000000077e+01	1.156355680000000064e+02	1.221650000000000063e+02	1.213689664183334571e+02
2.630500000000000114e+02	1.142290000000000028e+01	1.156147160000000014e+02	1.156410000000000053e+02	1.307072144866667145e+02
2.683009999999999877e+02	1.190489999999999959e+01	1.155858439999999945e+02	1.156189999999999998e+02	1.366586346000000844e+02
2.731709999999999923e+02	1.236040000000000028e+01	1.155553680000000014e+02	1.157030000000000030e+02	1.207100098016667999e+02
1.910320000000000107e+02	4.657899999999999707e+00	1.450080159999999978e+02	1.407319999999999993e+02	1.927755617283335710e+02
1.915509999999999877e+02	4.731799999999999784e+00	1.577854799999999784e+02	1.476320000000000050e+02	1.800906465233334757e+02
1.929379999999999882e+02	4.928200000000000358e+00	1.577758559999999761e+02	1.535970000000000084e+02	1.937162616133334154e+02
1.952429999999999950e+02	5.256300000000000416e+00	1.577550040000000138e+02	1.561939999999999884e+02	1.637461010583332666e+02
1.975620000000000118e+02	5.586999999999999744e+00	1.577453799999999831e+02	1.568880000000000052e+02	1.734393617783335060e+02
2.004110000000000014e+02	5.997700000000000031e+00	1.577261319999999785e+02	1.575459999999999923e+02	1.595017018550000500e+02
2.028290000000000077e+02	6.341700000000000337e+00	1.577052800000000161e+02	1.574120000000000061e+02	1.620240119049998100e+02
2.063700000000000045e+02	6.850299999999999834e+00	1.576748039999999662e+02	1.575229999999999961e+02	1.591446948966666355e+02
2.135029999999999859e+02	7.877100000000000435e+00	1.576250799999999685e+02	1.576220000000000141e+02	1.599256263566667826e+02
2.236469999999999914e+02	9.338900000000000645e+00	1.575448799999999778e+02	1.576189999999999998e+02	1.574593954883333424e+02
2.363979999999999961e+02	1.117670000000000030e+01	1.574454319999999825e+02	1.575620000000000118e+02	1.584105621416667304e+02
2.481469999999999914e+02	1.286739999999999995e+01	1.573652319999999918e+02	1.574869999999999948e+02	1.584236728366667251e+02
2.551630000000000109e+02	1.387490000000000023e+01	1.573058839999999918e+02	1.574360000000000070e+02	1.524833189866666601e+02
2.731669999999999732e+02	1.645039999999999836e+01	1.571759599999999750e+02	1.572909999999999968e+02	1.587247610133334206e+02
1.910320000000000107e+02	4.660700000000000287e+00	1.638598279999999932e+02	1.448750000000000000e+02	1.932108211633335770e+02
1.910399999999999920e+02	4.661800000000000388e+00	1.638133119999999963e+02	1.449449999999999932e+02	1.932108211633335770e+02
1.912290000000000134e+02	4.690000000000000391e+00	1.638133119999999963e+02	1.498249999999999886e+02	1.874988328033335279e+02
1.914279999999999973e+02	4.718799999999999883e+00	1.638133119999999963e+02	1.523110000000000070e+02	1.897522068566669020e+02
1.918199999999999932e+02	4.776200000000000223e+00	1.638133119999999963e+02	1.560000000000000000e+02	1.602298049066665158e+02
1.920759999999999934e+02	4.813100000000000378e+00	1.638133119999999963e+02	1.568849999999999909e+02	1.636051502266663817e+02
1.935219999999999914e+02	5.026299999999999990e+00	1.637924599999999771e+02	1.607779999999999916e+02	1.902093060883334203e+02
1.951579999999999870e+02	5.269999999999999574e+00	1.637828359999999464e+02	1.623280000000000030e+02	1.686007300316665294e+02
1.979259999999999877e+02	5.683600000000000207e+00	1.637619840000000124e+02	1.630910000000000082e+02	1.770451190250001048e+02
2.005749999999999886e+02	6.081400000000000361e+00	1.637427359999999794e+02	1.633770000000000095e+02	1.627142050850000032e+02
2.040370000000000061e+02	6.603600000000000136e+00	1.637122599999999863e+02	1.635569999999999879e+02	1.647117992833332494e+02
2.078549999999999898e+02	7.179899999999999949e+00	1.636833880000000079e+02	1.635589999999999975e+02	1.648034190949998674e+02
2.078549999999999898e+02	7.183300000000000018e+00	1.636833880000000079e+02	1.637309999999999945e+02	1.651421925833332409e+02
2.130440000000000111e+02	7.969100000000000072e+00	1.636432879999999841e+02	1.636719999999999970e+02	1.642531414983333491e+02
2.333859999999999957e+02	1.106879999999999953e+01	1.634828880000000026e+02	1.636200000000000045e+02	1.652506303350000110e+02
2.528870000000000005e+02	1.403870000000000040e+01	1.633337159999999812e+02	1.634739999999999895e+02	1.613555101516666639e+02
2.730160000000000196e+02	1.709250000000000114e+01	1.631733159999999714e+02	1.633160000000000025e+02	1.635130057733333615e+02
2.730579999999999927e+02	1.709669999999999845e+01	1.631733159999999714e+02	1.632959999999999923e+02	1.635646786333333580e+02
1.910320000000000107e+02	4.664299999999999891e+00	1.789775280000000066e+02	1.528129999999999882e+02	1.939590390433335472e+02
1.918480000000000132e+02	4.798300000000000232e+00	1.789149719999999775e+02	1.751109999999999900e+02	1.660373823099997708e+02
1.918729999999999905e+02	4.800900000000000389e+00	1.789149719999999775e+02	1.739950000000000045e+02	1.661693514099997913e+02
1.932479999999999905e+02	5.024799999999999933e+00	1.789053480000000036e+02	1.766839999999999975e+02	1.956009997083334611e+02
1.951100000000000136e+02	5.333999999999999631e+00	1.788957239999999729e+02	1.778400000000000034e+02	1.773818654583333512e+02
1.973000000000000114e+02	5.699200000000000266e+00	1.788716639999999813e+02	1.780680000000000121e+02	1.888273892450001199e+02
1.992160000000000082e+02	6.022800000000000153e+00	1.788556239999999775e+02	1.783429999999999893e+02	1.758117446116667395e+02
2.009010000000000105e+02	6.309199999999999697e+00	1.788460000000000036e+02	1.785149999999999864e+02	1.808103733533332047e+02
2.030639999999999930e+02	6.678200000000000358e+00	1.788251479999999844e+02	1.786200000000000045e+02	1.755282108783332546e+02
2.075639999999999930e+02	7.451600000000000001e+00	1.787850479999999891e+02	1.787259999999999991e+02	1.776097985366665739e+02
2.131970000000000027e+02	8.426600000000000534e+00	1.787353239999999914e+02	1.787450000000000045e+02	1.791893001100003175e+02
2.132040000000000077e+02	8.428200000000000358e+00	1.787353239999999914e+02	1.787570000000000050e+02	1.792846913266670299e+02
2.132119999999999891e+02	8.429299999999999571e+00	1.787353239999999914e+02	1.787479999999999905e+02	1.791441247866667936e+02
2.231839999999999975e+02	1.016600000000000037e+01	1.786454999999999984e+02	1.787079999999999984e+02	1.755123430410000935e+02
2.331610000000000014e+02	1.191220000000000034e+01	1.785652999999999793e+02	1.786750000000000114e+02	1.789104928299999528e+02
2.431370000000000005e+02	1.366009999999999991e+01	1.784754759999999578e+02	1.786140000000000043e+02	1.789726378050000051e+02
2.531529999999999916e+02	1.541230000000000011e+01	1.783952759999999955e+02	1.785169999999999959e+02	1.767941832500000601e+02
2.631240000000000236e+02	1.715540000000000020e+01	1.783054520000000025e+02	1.784300000000000068e+02	1.753956402783331328e+02
2.730919999999999845e+02	1.889770000000000039e+01	1.782252519999999834e+02	1.783679999999999950e+02	1.784904312950000076e+02
2.731499999999999773e+02	1.889270000000000138e+01	1.782252519999999834e+02	1.782479999999999905e+02	1.785639606600000207e+02
1.910320000000000107e+02	4.670099999999999696e+00	1.887362640000000056e+02	1.724720000000000084e+02	1.629003291262316964e+02
1.924979999999999905e+02	4.929499999999999993e+00	1.886705000000000041e+02	1.869960000000000093e+02	1.802631058345237136e+02
1.958400000000000034e+02	5.525599999999999845e+00	1.886416279999999972e+02	1.880749999999999886e+02	1.816597668749998888e+02
1.981819999999999879e+02	5.951100000000000279e+00	1.886207759999999496e+02	1.883069999999999879e+02	1.752928606366666031e+02
2.034339999999999975e+02	6.919200000000000017e+00	1.885710520000000088e+02	1.884939999999999998e+02	1.819998442816665545e+02
2.120339999999999918e+02	8.530799999999999272e+00	1.884908519999999896e+02	1.884900000000000091e+02	1.868843611216668705e+02
2.120349999999999966e+02	8.531000000000000583e+00	1.884908519999999896e+02	1.884900000000000091e+02	1.868843611216668705e+02
2.226320000000000050e+02	1.054069999999999929e+01	1.883914039999999943e+02	1.884389999999999930e+02	1.844889325509999480e+02
2.334019999999999868e+02	1.259559999999999924e+01	1.883015800000000013e+02	1.883799999999999955e+02	1.908551700550000305e+02
2.334029999999999916e+02	1.259730000000000061e+01	1.883015800000000013e+02	1.884010000000000105e+02	1.908551700550000305e+02
2.370329999999999870e+02	1.329219999999999935e+01	1.882614800000000059e+02	1.883899999999999864e+02	1.866240920716667517e+02
2.370339999999999918e+02	1.329199999999999982e+01	1.882614800000000059e+02	1.883839999999999861e+02	1.866240920716667517e+02
2.433779999999999859e+02	1.450530000000000008e+01	1.882005279999999914e+02	1.883360000000000127e+02	1.898042613350000920e+02
2.433810000000000002e+02	1.450500000000000078e+01	1.882005279999999914e+02	1.883259999999999934e+02	1.898042613350000920e+02
2.532839999999999918e+02	1.639870000000000161e+01	1.881219319999999868e+02	1.882439999999999998e+02	1.855280247366667368e+02
2.634490000000000123e+02	1.834019999999999939e+01	1.880208800000000053e+02	1.881519999999999868e+02	1.895630879049998612e+02
2.683000000000000114e+02	1.926829999999999998e+01	1.879807800000000100e+02	1.881289999999999907e+02	1.879883134533333475e+02
2.683000000000000114e+02	1.926780000000000115e+01	1.879807800000000100e+02	1.881260000000000048e+02	1.879883134533333475e+02
2.726940000000000168e+02	2.010500000000000043e+01	1.879406799999999862e+02	1.880840000000000032e+02	1.883391704083331888e+02
2.726949999999999932e+02	2.010490000000000066e+01	1.879406799999999862e+02	1.880809999999999889e+02	1.883391704083331888e+02
2.726979999999999791e+02	2.010460000000000136e+01	1.879406799999999862e+02	1.880749999999999886e+02	1.883391704083331888e+02
1.910320000000000107e+02	4.724700000000000344e+00	2.063947000000000003e+02	2.042189999999999941e+02	1.604531159502317621e+02
1.914540000000000077e+02	4.809700000000000308e+00	2.031241440000000011e+02	2.046779999999999973e+02	1.719795379560154913e+02
1.923969999999999914e+02	4.996900000000000119e+00	2.063225199999999973e+02	2.046819999999999879e+02	1.890425591616665031e+02
1.965049999999999955e+02	5.852100000000000080e+00	2.030744200000000035e+02	2.058350000000000080e+02	1.946866441866669959e+02
2.035730000000000075e+02	7.364200000000000301e+00	2.062134479999999996e+02	2.060649999999999977e+02	2.041720351950000349e+02
2.092949999999999875e+02	8.611000000000000654e+00	2.061524960000000135e+02	2.060529999999999973e+02	2.072706403900001817e+02
2.186220000000000141e+02	1.066820000000000057e+01	2.060626719999999921e+02	2.060130000000000052e+02	2.042778815509999504e+02
2.281030000000000086e+02	1.277549999999999919e+01	2.059632239999999967e+02	2.059499999999999886e+02	2.078510838799998339e+02
2.385500000000000114e+02	1.510929999999999929e+01	2.058621719999999868e+02	2.058979999999999961e+02	2.076047408916667791e+02
2.459199999999999875e+02	1.675459999999999994e+01	2.025755760000000123e+02	2.058199999999999932e+02	2.075314220516668229e+02
2.529720000000000084e+02	1.833470000000000155e+01	2.057129999999999939e+02	2.057909999999999968e+02	2.066054923333333022e+02
2.601080000000000041e+02	1.992999999999999972e+01	2.056424240000000054e+02	2.057340000000000089e+02	2.056818489833331398e+02
2.673120000000000118e+02	2.153729999999999833e+01	2.023654520000000048e+02	2.056639999999999873e+02	2.052864957316667187e+02
2.741510000000000105e+02	2.305760000000000076e+01	2.055028759999999863e+02	2.055790000000000077e+02	2.058693458900001758e+02
1.910749999999999886e+02	4.861500000000000377e+00	2.205451879999999960e+02	2.201069999999999993e+02	1.850190590178390551e+02
1.928919999999999959e+02	5.281699999999999839e+00	2.204938600000000122e+02	2.202090000000000032e+02	1.916869182399999545e+02
1.950480000000000018e+02	5.789299999999999891e+00	2.205066919999999868e+02	2.202870000000000061e+02	2.029945608500002265e+02
1.950649999999999977e+02	5.792799999999999727e+00	2.205066919999999868e+02	2.202620000000000005e+02	2.027736619800002131e+02
1.970999999999999943e+02	6.278699999999999726e+00	2.204858399999999961e+02	2.203100000000000023e+02	2.117090868350000505e+02
2.030099999999999909e+02	6.981200000000000294e+00	2.204553640000000030e+02	1.954230000000000018e+02	1.866107989216665999e+02
2.033220000000000027e+02	7.790399999999999991e+00	2.204152640000000076e+02	2.203220000000000027e+02	2.138896994383334231e+02
2.071970000000000027e+02	8.743900000000000006e+00	2.203767679999999984e+02	2.202649999999999864e+02	2.187338556283334299e+02
2.133230000000000075e+02	1.027059999999999995e+01	2.203061920000000100e+02	2.202779999999999916e+02	2.200283571449998306e+02
2.227920000000000016e+02	1.264320000000000022e+01	2.202067439999999863e+02	2.201670000000000016e+02	2.185359160133331216e+02
2.278460000000000036e+02	1.391740000000000066e+01	2.201554160000000024e+02	2.201330000000000098e+02	2.196343164999999544e+02
2.332719999999999914e+02	1.528839999999999932e+01	2.200960680000000025e+02	2.200949999999999989e+02	2.233136251666667249e+02
2.385060000000000002e+02	1.661090000000000089e+01	2.200367200000000025e+02	2.200430000000000064e+02	2.216907768299999191e+02
2.429850000000000136e+02	1.774289999999999878e+01	2.199853919999999903e+02	2.199950000000000045e+02	2.210516369649999717e+02
2.487659999999999911e+02	1.920260000000000034e+01	2.199260439999999903e+02	2.199240000000000066e+02	2.183480501866666827e+02
2.531109999999999900e+02	2.030049999999999955e+01	2.198859439999999950e+02	2.198789999999999907e+02	2.190743761399997993e+02
2.583140000000000214e+02	2.161449999999999960e+01	2.198265959999999950e+02	2.198249999999999886e+02	2.177272393633332115e+02
2.629320000000000164e+02	2.278109999999999857e+01	2.197768719999999973e+02	2.197860000000000014e+02	2.219537873833332924e+02
2.678190000000000168e+02	2.401170000000000115e+01	2.196934640000000059e+02	2.197290000000000134e+02	2.191499526100000708e+02
2.678860000000000241e+02	2.402659999999999840e+01	2.196934640000000059e+02	2.197170000000000130e+02	2.192806324950000771e+02
2.731530000000000200e+02	2.535510000000000019e+01	2.196661960000000136e+02	2.196779999999999973e+02	2.226047694466665519e+02
1.914530000000000030e+02	5.378599999999999604e+00	2.400867200000000139e+02	2.397829999999999870e+02	2.084133333316667631e+02
1.948040000000000020e+02	6.325599999999999667e+00	2.400466199999999901e+02	2.397659999999999911e+02	2.344582846683334481e+02
1.996109999999999900e+02	7.710399999999999920e+00	2.399872719999999902e+02	2.397709999999999866e+02	2.341137967963335313e+02
2.030540000000000020e+02	8.713499999999999801e+00	2.399471719999999948e+02	2.397479999999999905e+02	2.378389452433332849e+02
2.076270000000000095e+02	1.005739999999999945e+01	2.398974479999999971e+02	2.397230000000000132e+02	2.400443877666665742e+02
2.129350000000000023e+02	1.162650000000000006e+01	2.398364960000000110e+02	2.396699999999999875e+02	2.373629649266666775e+02
2.213600000000000136e+02	1.413100000000000023e+01	2.397370479999999873e+02	2.395769999999999982e+02	2.372185534650001841e+02
2.286370000000000005e+02	1.630160000000000053e+01	2.396472239999999942e+02	2.394919999999999902e+02	2.403732318266668528e+02
2.365989999999999895e+02	1.868009999999999948e+01	2.395574000000000012e+02	2.394010000000000105e+02	2.392686198499998511e+02
2.450860000000000127e+02	2.121399999999999864e+01	2.394242680000000121e+02	2.392949999999999875e+02	2.365339809683330543e+02
2.330680000000000121e+02	2.359680000000000177e+01	2.393568999999999960e+02	2.710659999999999741e+02	2.706055641766666895e+02
2.608360000000000127e+02	2.590360000000000085e+01	2.392670760000000030e+02	2.390920000000000130e+02	2.384994029366669679e+02
2.688240000000000123e+02	2.827159999999999940e+01	2.391772520000000100e+02	2.389819999999999993e+02	2.386712093816668130e+02
2.751539999999999964e+02	3.014720000000000155e+01	2.390970519999999908e+02	2.389149999999999920e+02	2.420057288916666209e+02
1.944190000000000111e+02	7.750899999999999679e+00	2.648845600000000218e+02	2.642200000000000273e+02	2.562116531366667118e+02
1.984199999999999875e+02	9.196300000000000807e+00	2.648348359999999388e+02	2.641480000000000246e+02	2.614820923766669125e+02
2.010440000000000111e+02	1.016380000000000017e+01	2.647947360000000572e+02	2.642320000000000277e+02	2.632412292516668231e+02
2.077700000000000102e+02	1.261730000000000018e+01	2.647017040000000065e+02	2.640869999999999891e+02	2.623649526900000524e+02
2.136659999999999968e+02	1.478819999999999979e+01	2.646247119999999882e+02	2.640450000000000159e+02	2.630878320483333255e+02
2.223930000000000007e+02	1.818240000000000123e+01	2.645044120000000021e+02	2.649180000000000064e+02	2.621918576983333082e+02
2.328120000000000118e+02	2.183500000000000085e+01	2.643744879999999853e+02	2.637839999999999918e+02	2.617860837933332618e+02
2.412949999999999875e+02	2.495779999999999887e+01	2.642654160000000161e+02	2.636990000000000123e+02	2.616463820766666686e+02
2.545310000000000059e+02	2.980270000000000152e+01	2.640953920000000039e+02	2.635280000000000200e+02	2.633659115133334581e+02
2.618260000000000218e+02	3.245940000000000225e+01	2.639959440000000086e+02	2.634309999999999832e+02	2.625422454833334314e+02
2.678829999999999814e+02	3.465840000000000032e+01	2.639157440000000179e+02	2.633530000000000086e+02	2.620925754450000227e+02
2.729809999999999945e+02	3.649969999999999715e+01	2.638451680000000010e+02	2.632760000000000105e+02	2.606445931833333702e+02
1.963839999999999861e+02	1.046010000000000062e+01	2.814458599999999819e+02	2.807210000000000036e+02	2.802079796833333489e+02
2.005370000000000061e+02	1.222439999999999927e+01	2.814169880000000035e+02	2.807149999999999750e+02	2.804832387816667278e+02
2.088220000000000027e+02	1.574259999999999948e+01	2.813079159999999774e+02	2.806190000000000282e+02	2.800103949533329342e+02
2.170440000000000111e+02	1.922759999999999891e+01	2.811876159999999913e+02	2.804780000000000086e+02	2.803725868416663616e+02
2.250219999999999914e+02	2.259710000000000107e+01	2.810769399999999223e+02	2.803179999999999836e+02	2.794683993433333171e+02
2.330790000000000077e+02	2.599630000000000152e+01	2.809566399999999362e+02	2.801859999999999786e+02	2.815176309799998648e+02
2.409960000000000093e+02	2.932229999999999848e+01	2.808475680000000239e+02	2.800550000000000068e+02	2.796306071849999739e+02
2.507350000000000136e+02	3.339209999999999923e+01	2.807080199999999195e+02	2.798940000000000055e+02	2.790220522583337583e+02
2.586460000000000150e+02	3.665979999999999706e+01	2.805973440000000210e+02	2.797110000000000127e+02	2.740533534883333573e+02
2.667500000000000000e+02	1.000919999999999987e+01	2.756762719999999831e+02	9.504609999999999559e+01	9.448073079499988580e+01
2.743029999999999973e+02	1.311359999999999992e+01	2.755655960000000277e+02	1.225999999999999943e+02	1.214960312883333842e+02
1.936299999999999955e+02	1.173029999999999973e+01	2.963999519999999848e+02	2.952959999999999923e+02	2.884168506833333936e+02
1.986670000000000016e+02	1.415579999999999927e+01	2.963197519999999940e+02	2.952250000000000227e+02	2.943272618633333764e+02
2.031560000000000059e+02	1.631609999999999872e+01	2.962507800000000202e+02	2.951530000000000200e+02	2.939365742466664528e+02
2.082139999999999986e+02	1.875110000000000099e+01	2.961802039999999465e+02	2.950819999999999936e+02	2.963815581299997461e+02
2.124240000000000066e+02	2.076940000000000097e+01	2.961096279999999865e+02	2.950009999999999764e+02	2.957524746766664521e+02
2.187580000000000098e+02	2.380489999999999995e+01	2.960198040000000219e+02	2.949019999999999868e+02	2.940475850816667389e+02
2.237419999999999902e+02	2.618669999999999831e+01	2.959396039999999743e+02	2.948249999999999886e+02	2.961431729866667411e+02
2.291349999999999909e+02	2.874849999999999994e+01	2.958610080000000266e+02	2.947200000000000273e+02	2.960761371483332596e+02
2.333950000000000102e+02	3.076829999999999998e+01	2.958000559999999837e+02	2.946449999999999818e+02	2.934452215950000777e+02
2.376069999999999993e+02	3.275959999999999894e+01	2.957407079999999837e+02	2.945720000000000027e+02	2.910587783650000802e+02
2.430550000000000068e+02	3.532520000000000238e+01	2.956508840000000191e+02	2.944769999999999754e+02	2.908790020450002203e+02
2.480389999999999873e+02	3.765870000000000317e+01	2.955803080000000023e+02	2.943799999999999955e+02	2.926936186066667460e+02
2.531260000000000048e+02	4.003479999999999706e+01	2.955001080000000115e+02	2.942909999999999968e+02	2.922633095166665385e+02
2.632830000000000155e+02	4.475249999999999773e+01	2.953509359999999333e+02	2.941200000000000045e+02	2.915507385316665818e+02
2.729270000000000209e+02	4.918399999999999750e+01	2.952113879999999426e+02	2.939370000000000118e+02	2.940980495949999636e+02
1.960889999999999986e+02	1.943100000000000094e+01	3.203492760000000317e+02	3.189089999999999918e+02	3.178197680000000105e+02
2.041810000000000116e+02	2.417849999999999966e+01	3.202081239999999980e+02	3.187370000000000232e+02	3.180302729499997554e+02
2.115250000000000057e+02	2.846290000000000120e+01	3.200894279999999412e+02	3.185919999999999845e+02	3.186126993850000986e+02
2.190629999999999882e+02	3.282529999999999859e+01	3.199595039999999813e+02	3.184329999999999927e+02	3.184869471216667307e+02
2.271049999999999898e+02	3.743410000000000082e+01	3.198295800000000213e+02	3.182450000000000045e+02	3.157496409216669235e+02
2.353000000000000114e+02	4.210009999999999764e+01	3.196996560000000045e+02	3.180740000000000123e+02	3.127351441400001022e+02
2.441740000000000066e+02	4.708910000000000196e+01	3.195488799999999969e+02	3.178580000000000041e+02	3.133294568833332505e+02
2.538280000000000030e+02	5.248590000000000089e+01	3.193884800000000155e+02	3.176659999999999968e+02	3.171297960383333816e+02
2.593430000000000177e+02	5.554410000000000025e+01	3.193884800000000155e+02	3.175570000000000164e+02	3.173852009583334279e+02
2.677330000000000041e+02	6.010529999999999973e+01	3.191591079999999465e+02	3.173059999999999832e+02	3.170481785033329061e+02
2.744889999999999759e+02	6.381250000000000000e+01	3.190500359999999205e+02	3.172029999999999745e+02	3.157549281066661138e+02
1.973149999999999977e+02	2.843870000000000076e+01	3.398202319999999759e+02	3.380880000000000223e+02	3.381564001266668242e+02
2.041690000000000111e+02	3.312689999999999912e+01	3.396678519999999821e+02	3.379429999999999836e+02	3.389674500283337011e+02
2.126440000000000055e+02	3.885759999999999792e+01	3.395491559999999822e+02	3.377450000000000045e+02	3.338095166849998350e+02
2.284300000000000068e+02	4.934640000000000271e+01	3.392604360000000270e+02	3.373489999999999895e+02	3.363969411150000610e+02
2.357779999999999916e+02	5.415500000000000114e+01	3.386493119999999521e+02	3.371669999999999732e+02	3.353689916499998844e+02
2.473600000000000136e+02	6.165200000000000102e+01	3.389300119999999197e+02	3.368960000000000150e+02	3.353458044933337305e+02
2.529919999999999902e+02	6.523109999999999786e+01	3.387824439999999413e+02	3.367320000000000277e+02	3.348480164600002240e+02
1.967909999999999968e+02	3.963920000000000243e+01	3.589302879999999050e+02	3.571229999999999905e+02	3.505412376750001613e+02
2.043660000000000139e+02	4.559190000000000254e+01	3.587811159999999404e+02	3.569169999999999732e+02	3.533449374449999709e+02
2.112549999999999955e+02	5.094030000000000058e+01	3.586511919999999236e+02	3.567259999999999991e+02	3.557491563366669425e+02
2.182930000000000064e+02	5.635159999999999769e+01	3.585212680000000205e+02	3.565419999999999732e+02	3.557143709233334903e+02
2.282849999999999966e+02	6.240749999999999886e+01	3.578796679999999242e+02	3.545400000000000205e+02	3.546602461833330153e+02
2.344199999999999875e+02	6.850320000000000675e+01	3.582116960000000176e+02	3.560919999999999845e+02	3.560936260299996547e+02
3.981600000000000250e+02	4.867600000000000371e+00	2.405999999999999872e+01	2.406139999999999901e+01	2.742136311833335327e+01
2.981419999999999959e+02	4.580400000000000027e+00	3.207999999999999829e+01	3.208140000000000214e+01	4.016088917666663605e+01
3.031429999999999723e+02	4.675300000000000011e+00	3.207999999999999829e+01	3.208270000000000266e+01	3.959953462333331231e+01
3.231399999999999864e+02	5.052999999999999936e+00	3.207999999999999829e+01	3.208220000000000027e+01	3.768889727500000930e+01
3.481429999999999723e+02	5.522199999999999775e+00	3.207999999999999829e+01	3.207520000000000238e+01	3.501273956499999684e+01
3.731499999999999773e+02	5.991999999999999993e+00	3.207999999999999829e+01	3.208220000000000027e+01	3.227580027999995593e+01
3.981600000000000250e+02	6.458199999999999719e+00	3.207999999999999829e+01	3.207679999999999865e+01	3.355997404166667053e+01
2.731499999999999773e+02	5.013899999999999579e+00	4.010000000000000142e+01	4.010179999999999723e+01	4.166463316166660746e+01
2.981419999999999959e+02	5.626299999999999635e+00	4.010000000000000142e+01	4.010009999999999764e+01	4.152732207333328773e+01
3.031429999999999723e+02	5.748499999999999943e+00	4.010000000000000142e+01	4.010150000000000148e+01	4.034304075333329109e+01
3.231399999999999864e+02	5.234300000000000175e+00	4.010000000000000142e+01	3.330089999999999861e+01	3.417396318666662580e+01
3.481429999999999723e+02	6.839000000000000412e+00	4.010000000000000142e+01	4.009510000000000218e+01	4.318448665333328762e+01
3.731499999999999773e+02	7.442400000000000126e+00	4.010000000000000142e+01	4.010000000000000142e+01	4.541053923999996300e+01
3.981600000000000250e+02	8.041100000000000136e+00	4.010000000000000142e+01	4.009080000000000155e+01	4.654912661000000895e+01
2.731499999999999773e+02	5.884199999999999875e+00	4.811999999999999744e+01	4.811659999999999826e+01	4.843827236333334696e+01
2.981419999999999959e+02	6.641499999999999737e+00	4.811999999999999744e+01	4.811740000000000350e+01	4.898102185333328862e+01
3.031429999999999723e+02	6.793999999999999595e+00	4.811999999999999744e+01	4.813100000000000023e+01	5.051407091833327456e+01
3.231399999999999864e+02	7.392599999999999838e+00	4.811999999999999744e+01	4.811520000000000152e+01	5.176467964333335914e+01
3.481429999999999723e+02	8.139099999999999113e+00	4.811999999999999744e+01	4.811229999999999762e+01	5.261059582666670309e+01
3.731499999999999773e+02	8.883499999999999730e+00	4.811999999999999744e+01	4.811769999999999925e+01	6.023291878000008381e+01
3.981600000000000250e+02	9.622899999999999565e+00	4.811999999999999744e+01	4.811129999999999995e+01	6.625371189333336019e+01
2.731499999999999773e+02	6.722199999999999953e+00	5.613999999999999346e+01	5.614119999999999777e+01	5.759052259666664497e+01
2.981419999999999959e+02	7.630700000000000038e+00	5.613999999999999346e+01	5.613419999999999987e+01	5.948040619000007467e+01
3.031429999999999723e+02	7.614600000000000257e+00	5.613999999999999346e+01	5.457119999999999749e+01	5.832608825833338528e+01
3.231399999999999864e+02	8.532400000000000873e+00	5.613999999999999346e+01	5.613369999999999749e+01	6.139162899833348064e+01
3.481429999999999723e+02	9.427899999999999281e+00	5.613999999999999346e+01	5.613009999999999877e+01	7.051103332166670157e+01
3.731499999999999773e+02	1.032000000000000028e+01	5.613999999999999346e+01	5.613340000000000174e+01	7.217128626999996754e+01
3.981600000000000250e+02	1.120700000000000074e+01	5.613999999999999346e+01	5.612910000000000110e+01	7.738610614166658763e+01
2.731499999999999773e+02	7.530700000000000394e+00	6.415999999999999659e+01	6.415840000000000032e+01	6.654684022000002130e+01
2.981419999999999959e+02	8.599199999999999733e+00	6.415999999999999659e+01	6.415550000000000352e+01	6.695359791166677610e+01
3.031429999999999723e+02	8.814199999999999591e+00	6.415999999999999659e+01	6.417449999999999477e+01	6.939372501666674964e+01
3.231399999999999864e+02	9.658500000000000085e+00	6.415999999999999659e+01	6.415300000000000580e+01	7.653430929333335087e+01
3.481429999999999723e+02	1.070940000000000047e+01	6.415999999999999659e+01	6.414209999999999923e+01	8.083232620666665014e+01
3.731499999999999773e+02	1.175769999999999982e+01	6.415999999999999659e+01	6.415019999999999811e+01	8.588707890833327951e+01
3.981600000000000250e+02	1.279930000000000057e+01	6.415999999999999659e+01	6.414619999999999322e+01	9.682361272666661023e+01
2.981419999999999959e+02	9.551099999999999923e+00	7.217999999999999261e+01	7.217610000000000525e+01	7.956924237166663261e+01
3.031429999999999723e+02	9.600199999999999179e+00	7.217999999999999261e+01	7.056600000000000250e+01	7.947527002666666363e+01
3.231399999999999864e+02	1.077790000000000070e+01	7.217999999999999261e+01	7.218760000000000332e+01	8.495819916666665961e+01
3.481429999999999723e+02	1.199200000000000088e+01	7.217999999999999261e+01	7.216830000000000211e+01	9.099579551666668920e+01
3.731499999999999773e+02	1.320129999999999981e+01	7.217999999999999261e+01	7.216379999999999484e+01	1.049380288449999199e+02
3.981600000000000250e+02	1.440830000000000055e+01	7.217999999999999261e+01	7.217640000000000100e+01	1.032665251733332497e+02
2.731499999999999773e+02	9.080199999999999605e+00	8.019999999999998863e+01	8.019440000000000168e+01	8.700073477166667146e+01
2.981419999999999959e+02	1.049109999999999943e+01	8.019999999999998863e+01	8.019429999999999836e+01	8.581355823166666141e+01
3.031429999999999723e+02	1.077449999999999974e+01	8.019999999999998863e+01	8.021659999999999968e+01	8.654672724999996092e+01
3.231399999999999864e+02	1.189119999999999955e+01	8.019999999999998863e+01	8.020499999999999829e+01	9.464502316833336693e+01
3.481429999999999723e+02	1.327810000000000024e+01	8.019999999999998863e+01	8.018980000000000530e+01	1.044827849066666232e+02
3.731499999999999773e+02	1.465830000000000055e+01	8.019999999999998863e+01	8.018399999999999750e+01	1.083951888583331993e+02
3.981600000000000250e+02	1.603460000000000107e+01	8.019999999999998863e+01	8.019240000000000634e+01	1.133260345650000289e+02
2.731499999999999773e+02	9.831500000000000128e+00	8.821999999999999886e+01	8.822289999999999566e+01	1.214688662116666933e+02
2.981419999999999959e+02	1.142609999999999992e+01	8.821999999999999886e+01	8.822660000000000480e+01	9.229884702166654620e+01
3.031429999999999723e+02	1.174489999999999945e+01	8.821999999999999886e+01	8.823969999999999914e+01	9.377873284333331583e+01
3.231399999999999864e+02	1.300300000000000011e+01	8.821999999999999886e+01	8.819989999999999952e+01	1.140063758433331884e+02
3.481429999999999723e+02	1.457460000000000022e+01	8.821999999999999886e+01	8.821420000000000528e+01	1.098238796783332276e+02
3.731499999999999773e+02	1.613210000000000122e+01	8.821999999999999886e+01	8.819660000000000366e+01	1.154998248216666639e+02
3.931600000000000250e+02	1.768870000000000076e+01	8.821999999999999886e+01	8.973460000000000036e+01	1.189799601299999665e+02
2.731499999999999773e+02	1.056600000000000072e+01	9.623999999999999488e+01	9.617690000000000339e+01	1.092021819766667079e+02
2.981419999999999959e+02	1.235849999999999937e+01	9.623999999999999488e+01	9.624920000000000186e+01	1.000391301399999975e+02
3.031429999999999723e+02	1.271599999999999930e+01	9.623999999999999488e+01	9.626640000000000441e+01	1.071544935216665948e+02
3.231399999999999864e+02	1.412609999999999921e+01	9.623999999999999488e+01	9.622480000000000189e+01	1.140639327099998610e+02
3.431429999999999723e+02	1.588959999999999972e+01	9.623999999999999488e+01	9.844339999999999691e+01	1.196094653016666740e+02
3.731499999999999773e+02	1.763080000000000069e+01	9.623999999999999488e+01	9.621120000000000516e+01	1.203195774883332660e+02
3.981600000000000250e+02	1.937010000000000076e+01	9.623999999999999488e+01	9.620910000000000650e+01	1.208202948266666255e+02
2.731499999999999773e+02	1.130569999999999986e+01	1.042600000000000051e+02	1.042409999999999997e+02	1.065769365633333621e+02
2.981419999999999959e+02	1.329410000000000025e+01	1.042600000000000051e+02	1.042660000000000053e+02	1.111361976249999088e+02
3.031429999999999723e+02	1.369209999999999994e+01	1.042600000000000051e+02	1.042870000000000061e+02	1.112760042699999161e+02
3.231399999999999864e+02	1.526919999999999966e+01	1.042600000000000051e+02	1.042990000000000066e+02	1.219603211183332689e+02
3.481429999999999723e+02	1.721950000000000003e+01	1.042600000000000051e+02	1.042510000000000048e+02	1.206003236033332229e+02
3.731499999999999773e+02	1.915850000000000009e+01	1.042600000000000051e+02	1.042139999999999986e+02	1.203140557183332504e+02
3.931600000000000250e+02	2.110150000000000148e+01	1.042600000000000051e+02	1.060550000000000068e+02	1.196311700949999022e+02
2.731499999999999773e+02	1.204940000000000033e+01	1.122800000000000011e+02	1.123479999999999990e+02	1.162868234116666883e+02
2.981419999999999959e+02	1.424109999999999943e+01	1.122800000000000011e+02	1.122980000000000018e+02	1.141106572299998732e+02
3.031429999999999723e+02	1.468089999999999939e+01	1.122800000000000011e+02	1.123179999999999978e+02	1.180034689899999165e+02
3.231399999999999864e+02	1.642079999999999984e+01	1.122800000000000011e+02	1.122980000000000018e+02	1.291041795599999773e+02
3.481429999999999723e+02	1.858650000000000091e+01	1.122800000000000011e+02	1.122969999999999970e+02	1.191546130066665086e+02
3.731499999999999773e+02	2.073470000000000013e+01	1.122800000000000011e+02	1.122690000000000055e+02	1.198509702249998554e+02
3.981600000000000250e+02	2.287059999999999960e+01	1.122800000000000011e+02	1.122409999999999997e+02	1.173809158216665480e+02
2.731499999999999773e+02	1.278539999999999921e+01	1.202999999999999972e+02	1.203110000000000070e+02	1.433287730283335577e+02
2.981419999999999959e+02	1.520400000000000063e+01	1.202999999999999972e+02	1.203340000000000032e+02	1.208184067849999508e+02
3.031429999999999723e+02	1.567830000000000013e+01	1.202999999999999972e+02	1.202780000000000058e+02	1.237027817400000345e+02
3.231399999999999864e+02	1.759659999999999869e+01	1.202999999999999972e+02	1.202879999999999967e+02	1.338266081899999449e+02
3.431429999999999723e+02	1.998069999999999879e+01	1.202999999999999972e+02	1.230520000000000067e+02	1.258331944899998547e+02
3.731499999999999773e+02	2.234400000000000119e+01	1.202999999999999972e+02	1.202579999999999956e+02	1.163017499683331835e+02
3.981600000000000250e+02	2.470530000000000115e+01	1.202999999999999972e+02	1.202750000000000057e+02	1.226320622833333829e+02
2.731499999999999773e+02	1.354100000000000037e+01	1.283199999999999932e+02	1.283650000000000091e+02	1.567758949983333991e+02
2.981419999999999959e+02	1.618730000000000047e+01	1.283199999999999932e+02	1.283569999999999993e+02	1.281262628650000863e+02
3.031429999999999723e+02	1.671349999999999980e+01	1.283199999999999932e+02	1.283480000000000132e+02	1.295699818283334253e+02
3.231399999999999864e+02	1.881419999999999959e+01	1.283199999999999932e+02	1.283389999999999986e+02	1.280388548900000671e+02
3.481429999999999723e+02	2.142180000000000106e+01	1.283199999999999932e+02	1.283069999999999879e+02	1.266255751683333415e+02
3.731499999999999773e+02	2.400779999999999959e+01	1.283199999999999932e+02	1.282500000000000000e+02	1.291206011783333736e+02
3.981600000000000250e+02	2.660229999999999961e+01	1.283199999999999932e+02	1.282969999999999970e+02	1.311601593583334591e+02
2.731600000000000250e+02	1.430899999999999928e+01	1.283199999999999932e+02	1.363549999999999898e+02	1.510228542633333575e+02
2.931419999999999959e+02	1.719790000000000063e+01	1.363399999999999466e+02	1.410440000000000111e+02	1.404565704283334924e+02
3.031429999999999723e+02	1.777359999999999829e+01	1.363399999999999466e+02	1.363689999999999998e+02	1.364198083566667492e+02
3.231399999999999864e+02	2.006729999999999947e+01	1.363399999999999466e+02	1.363590000000000089e+02	1.371585679833333131e+02
3.481429999999999723e+02	2.291929999999999978e+01	5.613999999999999346e+01	1.363480000000000132e+02	1.384566731533333552e+02
3.731499999999999773e+02	2.574269999999999925e+01	1.363399999999999466e+02	1.362800000000000011e+02	1.356605756750000467e+02
3.981600000000000250e+02	2.857580000000000098e+01	1.363399999999999466e+02	1.363269999999999982e+02	1.384732511616668944e+02
2.731499999999999773e+02	1.510950000000000060e+01	1.443600000000000136e+02	1.444550000000000125e+02	1.514052004116666410e+02
2.981419999999999959e+02	1.824699999999999989e+01	1.443600000000000136e+02	1.444010000000000105e+02	1.444947954816668698e+02
3.031429999999999723e+02	1.887330000000000041e+01	1.443600000000000136e+02	1.443979999999999961e+02	1.442851754050001603e+02
3.231399999999999864e+02	2.137590000000000146e+01	1.443600000000000136e+02	1.444219999999999970e+02	1.449078575616667024e+02
3.481429999999999723e+02	2.447660000000000124e+01	1.443600000000000136e+02	1.443820000000000050e+02	1.462645020483333838e+02
3.731499999999999773e+02	2.754339999999999833e+01	1.443600000000000136e+02	1.442800000000000011e+02	1.444152471066668397e+02
3.981600000000000250e+02	3.062089999999999890e+01	1.443600000000000136e+02	1.443060000000000116e+02	1.420055579066669225e+02
2.731499999999999773e+02	1.593069999999999986e+01	1.523799999999999955e+02	1.524389999999999930e+02	1.558000401116665046e+02
2.981419999999999959e+02	1.934230000000000160e+01	1.523799999999999955e+02	1.524459999999999980e+02	1.524390011350002112e+02
3.031429999999999723e+02	2.001160000000000139e+01	1.523799999999999955e+02	1.523700000000000045e+02	1.528755136950001372e+02
3.231399999999999864e+02	2.273659999999999926e+01	1.523799999999999955e+02	1.524509999999999934e+02	1.567745957583333336e+02
3.481429999999999723e+02	2.610239999999999938e+01	1.523799999999999955e+02	1.524070000000000107e+02	1.550397688400000789e+02
3.731499999999999773e+02	2.944780000000000086e+01	1.523799999999999955e+02	1.523669999999999902e+02	1.551516926183335556e+02
3.981600000000000250e+02	3.278649999999999665e+01	1.523799999999999955e+02	1.523799999999999955e+02	1.532120756683334832e+02
2.731499999999999773e+02	1.679789999999999850e+01	1.603999999999999773e+02	1.604919999999999902e+02	1.620479903683332168e+02
2.981419999999999959e+02	2.048250000000000171e+01	1.603999999999999773e+02	1.604339999999999975e+02	1.613089052633335143e+02
3.031429999999999723e+02	2.121000000000000085e+01	1.603999999999999773e+02	1.603750000000000000e+02	1.618300348383335177e+02
3.231399999999999864e+02	2.415340000000000131e+01	1.603999999999999773e+02	1.604199999999999875e+02	1.665652413333332902e+02
3.481429999999999723e+02	2.780480000000000018e+01	1.603999999999999773e+02	1.604120000000000061e+02	1.622302809583334806e+02
3.731499999999999773e+02	3.142500000000000071e+01	1.603999999999999773e+02	1.603640000000000043e+02	1.624913987916668816e+02
3.981600000000000250e+02	3.504939999999999856e+01	1.603999999999999773e+02	1.604120000000000061e+02	1.640506926383334303e+02
2.731499999999999773e+02	1.770019999999999882e+01	1.684199999999999875e+02	1.684350000000000023e+02	1.692022581016666720e+02
2.981419999999999959e+02	2.169379999999999953e+01	1.684199999999999875e+02	1.684799999999999898e+02	1.715370371600001533e+02
3.031429999999999723e+02	2.248049999999999926e+01	1.684199999999999875e+02	1.684230000000000018e+02	1.743677529683334058e+02
3.231399999999999864e+02	2.565719999999999956e+01	1.684199999999999875e+02	1.684430000000000121e+02	1.746232815299998720e+02
3.481429999999999723e+02	2.960140000000000171e+01	1.684199999999999875e+02	1.684269999999999925e+02	1.727687774983334350e+02
3.731499999999999773e+02	3.351010000000000133e+01	1.684199999999999875e+02	1.683669999999999902e+02	1.714556014116668052e+02
3.981600000000000250e+02	3.743010000000000304e+01	1.684199999999999875e+02	1.684329999999999927e+02	1.735256997516666502e+02
2.731499999999999773e+02	1.867800000000000082e+01	1.764399999999999977e+02	1.765389999999999873e+02	1.766570325616667390e+02
2.981419999999999959e+02	2.296880000000000166e+01	1.764399999999999977e+02	1.764660000000000082e+02	1.815113848450000660e+02
3.031429999999999723e+02	2.382920000000000016e+01	1.764399999999999977e+02	1.764780000000000086e+02	1.829840179133333322e+02
3.231399999999999864e+02	2.725390000000000157e+01	1.764399999999999977e+02	1.764840000000000089e+02	1.845399413549999110e+02
3.481429999999999723e+02	3.150309999999999988e+01	1.764399999999999977e+02	1.764439999999999884e+02	1.780671751266667115e+02
3.731499999999999773e+02	3.572970000000000113e+01	1.764399999999999977e+02	1.764230000000000018e+02	1.811974472916666059e+02
3.981600000000000250e+02	3.995230000000000103e+01	1.764399999999999977e+02	1.764739999999999895e+02	1.825984724533332439e+02
2.731499999999999773e+02	1.970510000000000161e+01	1.844600000000000080e+02	1.844979999999999905e+02	1.835545072466664465e+02
2.981419999999999959e+02	2.434509999999999863e+01	1.844600000000000080e+02	1.845500000000000114e+02	1.899353248433332908e+02
3.031429999999999723e+02	2.525069999999999837e+01	1.844600000000000080e+02	1.844459999999999980e+02	1.898822798949998401e+02
3.231399999999999864e+02	2.895420000000000016e+01	1.844600000000000080e+02	1.845310000000000059e+02	1.923362648916666160e+02
3.481429999999999723e+02	3.351039999999999708e+01	1.844600000000000080e+02	1.844130000000000109e+02	1.876336122449999380e+02
3.731499999999999773e+02	3.808659999999999712e+01	1.844600000000000080e+02	1.844850000000000136e+02	1.877377425883331910e+02
2.731499999999999773e+02	2.082110000000000127e+01	1.924799999999999898e+02	1.925370000000000061e+02	1.918617361949998212e+02
2.981419999999999959e+02	2.579500000000000171e+01	1.924799999999999898e+02	1.924989999999999952e+02	1.969408356116665288e+02
3.031429999999999723e+02	2.678829999999999956e+01	1.924799999999999898e+02	1.924960000000000093e+02	1.969334812716665795e+02
3.231399999999999864e+02	3.075550000000000139e+01	1.924799999999999898e+02	1.925109999999999957e+02	1.999441337999998609e+02
3.431429999999999723e+02	3.566510000000000247e+01	1.924799999999999898e+02	1.960399999999999920e+02	2.022856416383332316e+02
3.731499999999999773e+02	4.059320000000000306e+01	1.924799999999999898e+02	1.925399999999999920e+02	1.963464774216663784e+02
2.731499999999999773e+02	2.202749999999999986e+01	2.005000000000000000e+02	2.005670000000000073e+02	2.010838459749999743e+02
2.931419999999999959e+02	2.737879999999999825e+01	2.005000000000000000e+02	2.059190000000000111e+02	2.071270175616665483e+02
3.031429999999999723e+02	2.842520000000000024e+01	2.005000000000000000e+02	2.004660000000000082e+02	2.027840532266666287e+02
3.231399999999999864e+02	3.269740000000000180e+01	2.005000000000000000e+02	2.005349999999999966e+02	2.070967975333331594e+02
3.481429999999999723e+02	3.799929999999999808e+01	2.005000000000000000e+02	2.005639999999999930e+02	2.032898752949997743e+02
2.030840000000000032e+02	5.066200000000000259e+00	8.105493199999999376e+01	8.251109999999999900e+01	7.754402595666665832e+01
2.232489999999999952e+02	5.066200000000000259e+00	5.909937999999999647e+01	5.933599999999999852e+01	6.563727464333331341e+01
2.731499999999999773e+02	5.066200000000000259e+00	4.060526000000000124e+01	4.057419999999999760e+01	4.101628165833329831e+01
3.731499999999999773e+02	5.066200000000000259e+00	2.671141199999999927e+01	2.700309999999999988e+01	2.953500136999998560e+01
4.231700000000000159e+02	5.066200000000000259e+00	2.341358800000000073e+01	2.340220000000000056e+01	2.690797818999999436e+01
4.731929999999999836e+02	5.066200000000000259e+00	2.072207600000000127e+01	2.071270000000000167e+01	2.631619575666666222e+01
2.030840000000000032e+02	6.079500000000000348e+00	1.278676719999999847e+02	1.345219999999999914e+02	1.292114093214445631e+02
2.232489999999999952e+02	6.079500000000000348e+00	7.753575599999999213e+01	7.771290000000000475e+01	8.213664353499987669e+01
2.481750000000000114e+02	6.079500000000000348e+00	5.942338800000000276e+01	5.951979999999999649e+01	6.082213013500004450e+01
2.731499999999999773e+02	6.079500000000000348e+00	4.998224400000000145e+01	4.996009999999999707e+01	5.008462130500003440e+01
2.981419999999999959e+02	6.079500000000000348e+00	4.360313599999999212e+01	4.365149999999999864e+01	4.406374665500005250e+01
3.231399999999999864e+02	6.079500000000000348e+00	3.905740000000000123e+01	3.903750000000000142e+01	4.125449504000003742e+01
4.231700000000000159e+02	6.079500000000000348e+00	2.812132799999999833e+01	2.813080000000000069e+01	3.025427974833332456e+01
4.731929999999999836e+02	6.079500000000000348e+00	2.487002000000000024e+01	2.485180000000000078e+01	2.893611054333332433e+01
2.030840000000000032e+02	6.586100000000000065e+00	1.601209039999999675e+02	1.724410000000000025e+02	1.683378522579395451e+02
2.030840000000000032e+02	7.092699999999999783e+00	1.907091839999999934e+02	1.996510000000000105e+02	2.058740228866666087e+02
2.232489999999999952e+02	7.092699999999999783e+00	9.922343999999999653e+01	9.994129999999999825e+01	1.047982542799999663e+02
2.030840000000000032e+02	8.105999999999999872e+00	2.245199000000000069e+02	2.288269999999999982e+02	2.261862494850001042e+02
2.232489999999999952e+02	8.105999999999999872e+00	1.246468399999999974e+02	1.260520000000000067e+02	1.289122957133332079e+02
2.481750000000000114e+02	8.105999999999999872e+00	8.628397199999999145e+01	8.659310000000000684e+01	8.748615396000005262e+01
2.731499999999999773e+02	8.105999999999999872e+00	6.999214399999999614e+01	7.001699999999999591e+01	7.091834973999995384e+01
2.981419999999999959e+02	8.105999999999999872e+00	5.997195599999999871e+01	6.005120000000000147e+01	6.096436349833336976e+01
3.231399999999999864e+02	8.105999999999999872e+00	5.310683600000000126e+01	5.312080000000000268e+01	5.454635983499996854e+01
2.232489999999999952e+02	9.119199999999999307e+00	1.513373999999999739e+02	1.534269999999999925e+02	1.537123793083331407e+02
2.030840000000000032e+02	1.013250000000000028e+01	2.554626639999999895e+02	2.571080000000000041e+02	2.549915023666665661e+02
2.232489999999999952e+02	1.013250000000000028e+01	1.754743919999999662e+02	1.777429999999999950e+02	1.790072487833331536e+02
4.231700000000000159e+02	3.039750000000000085e+01	1.325625799999999970e+02	1.327829999999999870e+02	1.433701635800000531e+02
4.731929999999999836e+02	3.039750000000000085e+01	1.160798759999999987e+02	1.160379999999999967e+02	1.427319239600000742e+02
2.030840000000000032e+02	4.053000000000000114e+01	3.505622200000000248e+02	3.512760000000000105e+02	3.489711676216667797e+02
2.232489999999999952e+02	4.053000000000000114e+01	3.279265720000000215e+02	3.285459999999999923e+02	3.279827674716668184e+02
2.481750000000000114e+02	4.053000000000000114e+01	3.001100040000000035e+02	3.008159999999999741e+02	3.001212847983337042e+02
2.731499999999999773e+02	4.053000000000000114e+01	2.741075599999999781e+02	2.742440000000000282e+02	2.740293162116666963e+02
2.961419999999999959e+02	4.053000000000000114e+01	2.495310719999999947e+02	2.515929999999999893e+02	2.504326436416663171e+02
3.231399999999999864e+02	4.053000000000000114e+01	2.275819360000000131e+02	2.278410000000000082e+02	2.178780006600000263e+02
3.731499999999999773e+02	4.053000000000000114e+01	1.922009040000000084e+02	1.923429999999999893e+02	1.859345338083331001e+02
4.231700000000000159e+02	4.053000000000000114e+01	1.661663800000000037e+02	1.661320000000000050e+02	1.749628469933330734e+02
4.731929999999999836e+02	4.053000000000000114e+01	1.464997359999999844e+02	1.465000000000000000e+02	1.749628469933330734e+02
2.030840000000000032e+02	5.066250000000000142e+01	3.635048959999999738e+02	3.645799999999999841e+02	3.601946677333331763e+02
2.232489999999999952e+02	5.066250000000000142e+01	3.437837160000000267e+02	3.444089999999999918e+02	3.460759215566666285e+02
2.481750000000000114e+02	5.066250000000000142e+01	3.196419119999999907e+02	3.200140000000000100e+02	3.208940037566666206e+02
2.731499999999999773e+02	5.066250000000000142e+01	2.967640599999999722e+02	2.966070000000000277e+02	2.963858227650001709e+02
2.981419999999999959e+02	5.066250000000000142e+01	2.745486599999999271e+02	2.746759999999999877e+02	2.757688675783329018e+02
3.231399999999999864e+02	5.066250000000000142e+01	2.510596840000000043e+02	2.545709999999999980e+02	2.509056799499999499e+02
3.731499999999999773e+02	5.066250000000000142e+01	2.203543119999999931e+02	2.203240000000000123e+02	2.188638491349997537e+02
4.231700000000000159e+02	5.066250000000000142e+01	1.934359839999999906e+02	1.934360000000000070e+02	2.108142994449998469e+02
4.731929999999999836e+02	5.066250000000000142e+01	1.724123559999999884e+02	1.723810000000000002e+02	2.108142994449998469e+02
2.030840000000000032e+02	6.079500000000000171e+01	3.746879839999999717e+02	3.755889999999999986e+02	3.695535873516666925e+02
2.232489999999999952e+02	6.079500000000000171e+01	3.565595759999999359e+02	3.571850000000000023e+02	3.566529034033331982e+02
2.481750000000000114e+02	6.079500000000000171e+01	3.346312919999999735e+02	3.350529999999999973e+02	3.364801820316662884e+02
2.731499999999999773e+02	6.079500000000000171e+01	3.139573359999999980e+02	3.138260000000000218e+02	3.159043981833336261e+02
2.981419999999999959e+02	6.079500000000000171e+01	2.936105959999999868e+02	2.938020000000000209e+02	3.018313820466668176e+02
3.231399999999999864e+02	6.079500000000000171e+01	2.749656999999999130e+02	2.751990000000000123e+02	2.813614207616666931e+02
3.731499999999999773e+02	6.079500000000000171e+01	2.427686080000000004e+02	2.426189999999999998e+02	2.476670148116664905e+02
4.231700000000000159e+02	6.079500000000000171e+01	2.159032119999999964e+02	2.159890000000000043e+02	2.412182290516665546e+02
4.731929999999999836e+02	6.079500000000000171e+01	1.944801879999999983e+02	1.944029999999999916e+02	2.412182290516665546e+02
2.030840000000000032e+02	7.092749999999999488e+01	3.843087760000000230e+02	3.850430000000000064e+02	3.843744096749999812e+02
2.232489999999999952e+02	7.092749999999999488e+01	3.675710359999999923e+02	3.679549999999999841e+02	3.706299368483331591e+02
2.481750000000000114e+02	7.092749999999999488e+01	3.471152240000000120e+02	3.474850000000000136e+02	3.485086288249997324e+02
2.030840000000000032e+02	8.106000000000000227e+01	3.922293280000000095e+02	3.933650000000000091e+02	3.890692140833335202e+02
2.232489999999999952e+02	8.106000000000000227e+01	3.764074719999999843e+02	3.773079999999999927e+02	3.786885818866666682e+02
2.481750000000000114e+02	8.106000000000000227e+01	3.576422759999999812e+02	3.581279999999999859e+02	3.560559527483331976e+02
2.731499999999999773e+02	8.106000000000000227e+01	3.396903080000000159e+02	3.397570000000000050e+02	3.396067202183332938e+02
2.981419999999999959e+02	8.106000000000000227e+01	3.223815440000000194e+02	3.223310000000000173e+02	3.268949446966665846e+02
3.231399999999999864e+02	8.106000000000000227e+01	3.055603960000000257e+02	3.059399999999999977e+02	3.085684166316665937e+02
3.731499999999999773e+02	8.106000000000000227e+01	2.766450879999999870e+02	2.764200000000000159e+02	2.762201904049998689e+02
4.231700000000000159e+02	8.106000000000000227e+01	2.513901079999999979e+02	2.511659999999999968e+02	2.697254580649998843e+02
4.731929999999999836e+02	8.106000000000000227e+01	2.300184120000000121e+02	2.297539999999999907e+02	2.697254580649998843e+02
2.030840000000000032e+02	9.119249999999999545e+01	3.996574519999999779e+02	4.008260000000000218e+02	3.967585615133333476e+02
2.232489999999999952e+02	9.119249999999999545e+01	3.843809559999999124e+02	3.856050000000000182e+02	3.858949896449999528e+02
2.481750000000000114e+02	9.119249999999999545e+01	3.666760039999999208e+02	3.674610000000000127e+02	3.664361418399998911e+02
2.030840000000000032e+02	1.013250000000000028e+02	4.062867840000000115e+02	4.076039999999999850e+02	3.986919422450000070e+02
2.232489999999999952e+02	1.013250000000000028e+02	3.922678240000000187e+02	3.930799999999999841e+02	3.886132496816666162e+02
2.461750000000000114e+02	1.013250000000000028e+02	3.753744960000000219e+02	3.771539999999999964e+02	3.718908987249999996e+02
2.731499999999999773e+02	1.013250000000000028e+02	3.586704399999999850e+02	3.592590000000000146e+02	3.554436150549999525e+02
2.981419999999999959e+02	1.013250000000000028e+02	3.433554480000000240e+02	3.435380000000000109e+02	3.416560922049999363e+02
3.231399999999999864e+02	1.013250000000000028e+02	3.283772960000000012e+02	3.286689999999999827e+02	3.257471918033334077e+02
3.731499999999999773e+02	1.013250000000000028e+02	2.987401879999999892e+02	3.015319999999999823e+02	2.966199078516664827e+02
4.231700000000000159e+02	1.013250000000000028e+02	2.780710439999999153e+02	2.777660000000000196e+02	2.901669035716666372e+02
4.731929999999999836e+02	1.013250000000000028e+02	2.574708719999999857e+02	2.570880000000000223e+02	2.901669035716666372e+02
1.928700000000000045e+02	3.339999999999999858e+01	3.538488159999999993e+02	3.525040000000000191e+02	3.481787167683336861e+02
1.928700000000000045e+02	5.289999999999999858e+01	3.779809960000000046e+02	3.772590000000000146e+02	3.664631304766664925e+02
1.928700000000000045e+02	7.140000000000000568e+01	3.952689080000000104e+02	3.942320000000000277e+02	3.843856931466666538e+02
1.928700000000000045e+02	9.790000000000000568e+01	4.138287920000000213e+02	4.130249999999999773e+02	3.973868683633330647e+02
2.120000000000000000e+02	4.010000000000000142e+01	3.406960159999999860e+02	3.405310000000000059e+02	3.409988872899995727e+02
2.120000000000000000e+02	5.860000000000000142e+01	3.652933560000000170e+02	3.650260000000000105e+02	3.631498445850000394e+02
2.120000000000000000e+02	7.459999999999999432e+01	3.808168679999999995e+02	3.807420000000000186e+02	3.783352514300000848e+02
2.120000000000000000e+02	9.503000000000000114e+01	3.969306520000000091e+02	3.968009999999999877e+02	3.914645414683329818e+02
2.250699999999999932e+02	4.279999999999999716e+01	3.337940039999999158e+02	3.304719999999999800e+02	3.286243855166664503e+02
2.250699999999999932e+02	6.250000000000000000e+01	3.569204759999999510e+02	3.574979999999999905e+02	3.582137451100001613e+02
2.250699999999999932e+02	8.229999999999999716e+01	3.766143880000000195e+02	3.769580000000000268e+02	3.765845128316663022e+02
2.250699999999999932e+02	1.087000000000000028e+02	3.965392759999999726e+02	3.968519999999999754e+02	3.849582102033330102e+02
2.375699999999999932e+02	3.019999999999999929e+01	2.878169480000000249e+02	2.874209999999999923e+02	2.881893226149999236e+02
2.375699999999999932e+02	6.060000000000000142e+01	3.442793520000000171e+02	3.441250000000000000e+02	3.448925518433331945e+02
2.375699999999999932e+02	9.420000000000000284e+01	3.782119720000000029e+02	3.775380000000000109e+02	3.750681199699996569e+02
2.494300000000000068e+02	4.110000000000000142e+01	3.016739039999999932e+02	3.006909999999999741e+02	2.994331835016666901e+02
2.494300000000000068e+02	5.810000000000000142e+01	3.304496639999999843e+02	3.302350000000000136e+02	3.305702721016664327e+02
2.494300000000000068e+02	7.440000000000000568e+01	3.506007159999999772e+02	3.503199999999999932e+02	3.504373439216666952e+02
2.494300000000000068e+02	9.420000000000000284e+01	3.693306240000000003e+02	3.691490000000000009e+02	3.651154623749998223e+02
2.615500000000000114e+02	4.070000000000000284e+01	2.873517879999999991e+02	2.867839999999999918e+02	2.864188621683331348e+02
2.615500000000000114e+02	5.329999999999999716e+01	3.122442639999999869e+02	3.119019999999999868e+02	3.133305054983334799e+02
2.615500000000000114e+02	6.800000000000000000e+01	3.328492479999999887e+02	3.332479999999999905e+02	3.324676570683334944e+02
2.615500000000000114e+02	8.259999999999999432e+01	3.490753119999999967e+02	3.497610000000000241e+02	3.486024320816665636e+02
2.615500000000000114e+02	1.000999999999999943e+02	3.650431320000000142e+02	3.658269999999999982e+02	3.576671540400000708e+02
2.787099999999999795e+02	3.479999999999999716e+01	2.530374159999999506e+02	2.517040000000000077e+02	2.504170487516667833e+02
2.787099999999999795e+02	5.000000000000000000e+01	2.915302080000000160e+02	2.902740000000000009e+02	2.893777656466663757e+02
2.787099999999999795e+02	6.239999999999999858e+01	3.130366399999999203e+02	3.117200000000000273e+02	3.120667025366668099e+02
2.787099999999999795e+02	7.740000000000000568e+01	3.323664440000000013e+02	3.316150000000000091e+02	3.310207521600001428e+02
2.787099999999999795e+02	9.590000000000000568e+01	3.549138720000000262e+02	3.508190000000000168e+02	3.458890655816668982e+02
2.934100000000000250e+02	4.650000000000000000e+01	2.694126519999999800e+02	2.694970000000000141e+02	2.660442386333330091e+02
2.934100000000000250e+02	6.400000000000000000e+01	3.022994639999999436e+02	3.026250000000000000e+02	2.998621813216666396e+02
2.934100000000000250e+02	9.470000000000000284e+01	3.401907560000000217e+02	3.401739999999999782e+02	3.341030867799999555e+02
3.032900000000000205e+02	3.689999999999999858e+01	2.281321079999999881e+02	2.337100000000000080e+02	2.295720161266665684e+02
3.032900000000000205e+02	5.160000000000000142e+01	2.673771760000000199e+02	2.723829999999999814e+02	2.717133654399997340e+02
3.092900000000000205e+02	6.670000000000000284e+01	3.120902800000000070e+02	2.950529999999999973e+02	2.937479465200000845e+02
3.092900000000000205e+02	8.470000000000000284e+01	3.196499319999999784e+02	3.192599999999999909e+02	3.181592539316665693e+02
3.032900000000000205e+02	1.057999999999999972e+02	3.412044839999999226e+02	3.445099999999999909e+02	3.331150762466664901e+02
2.403000000000000114e+02	4.621900000000000119e+00	4.759870000000000090e+01	4.504690000000000083e+01	6.262759587666661787e+01
2.500000000000000000e+02	5.120300000000000296e+00	4.752651999999999788e+01	4.749819999999999709e+01	5.374368815999997651e+01
2.600000000000000000e+02	5.416000000000000369e+00	4.745434000000000196e+01	4.742790000000000106e+01	5.601862131000001455e+01
2.700000000000000000e+02	5.708899999999999864e+00	4.738215999999999894e+01	4.735569999999999879e+01	5.484703431333329604e+01
2.800000000000000000e+02	5.999600000000000044e+00	4.730998000000000303e+01	4.728549999999999898e+01	4.810716332166663989e+01
2.900000000000000000e+02	6.287200000000000344e+00	4.723779999999999291e+01	4.720770000000000266e+01	4.759972789666667126e+01
3.000000000000000000e+02	6.574799999999999756e+00	4.716080799999998874e+01	4.714699999999999847e+01	4.697424275000002325e+01
2.080000000000000000e+02	4.634900000000000020e+00	6.356491599999999664e+01	6.350379999999999825e+01	7.659303774833331602e+01
2.120000000000000000e+02	4.812400000000000233e+00	6.352481600000000128e+01	6.346580000000000155e+01	7.692272791833335077e+01
2.160000000000000000e+02	4.988500000000000156e+00	6.348471599999999881e+01	6.342660000000000053e+01	7.687303332499999442e+01
2.200000000000000000e+02	5.163199999999999790e+00	6.344461600000000345e+01	6.338430000000000319e+01	7.736947733999998889e+01
2.250000000000000000e+02	5.379999999999999893e+00	6.339328799999999120e+01	6.333200000000000074e+01	8.416039229000003274e+01
2.300000000000000000e+02	5.594899999999999984e+00	6.334195999999999316e+01	6.327570000000000050e+01	1.022914876583333950e+02
2.400000000000000000e+02	6.020400000000000418e+00	6.324090799999999746e+01	6.316640000000000299e+01	7.857731807833324922e+01
2.500000000000000000e+02	6.440699999999999648e+00	6.313825200000000137e+01	6.305870000000000175e+01	6.727481160999990095e+01
2.600000000000000000e+02	6.856799999999999784e+00	6.303719999999999857e+01	6.295649999999999835e+01	6.926236610499989865e+01
2.700000000000000000e+02	7.268200000000000216e+00	6.293294000000000210e+01	6.284850000000000136e+01	7.097453719166655617e+01
2.800000000000000000e+02	7.675600000000000200e+00	6.282867999999999853e+01	6.273919999999999675e+01	6.448213065166663682e+01
2.900000000000000000e+02	8.080500000000000682e+00	6.272281600000000168e+01	6.263940000000000197e+01	6.440654348833329834e+01
3.000000000000000000e+02	8.481899999999999551e+00	6.261374399999999696e+01	6.253710000000000235e+01	6.239196226166664871e+01
2.000000000000000000e+02	4.764100000000000001e+00	7.892000799999999572e+01	7.855289999999999395e+01	9.249811862500011728e+01
2.043000000000000114e+02	5.003599999999999604e+00	7.886707599999999729e+01	7.805750000000000455e+01	7.251675244833324996e+01
2.080000000000000000e+02	5.240899999999999892e+00	7.881253999999998427e+01	7.864860000000000184e+01	9.228765912166662133e+01
2.120000000000000000e+02	5.474400000000000155e+00	7.875960800000000006e+01	7.863049999999999784e+01	9.762881805333336160e+01
2.160000000000000000e+02	5.705199999999999605e+00	7.870667600000000164e+01	7.858799999999999386e+01	9.767803211499999350e+01
2.200000000000000000e+02	5.932999999999999829e+00	7.865213999999998862e+01	7.851619999999999777e+01	9.220839211500009469e+01
2.250000000000000000e+02	6.217800000000000438e+00	7.858637600000000134e+01	7.847350000000000136e+01	9.175904354500008253e+01
2.303000000000000114e+02	6.499500000000000277e+00	7.851900799999998526e+01	7.810869999999999891e+01	9.845063079500009451e+01
2.400000000000000000e+02	7.056300000000000239e+00	7.838427199999999573e+01	7.827410000000000423e+01	8.504529903999990381e+01
2.500000000000000000e+02	7.605999999999999872e+00	7.824953599999999199e+01	7.813720000000000709e+01	8.000597614999993823e+01
2.600000000000000000e+02	8.149100000000000676e+00	7.811319600000000207e+01	7.799660000000000082e+01	8.426199165499996013e+01
2.700000000000000000e+02	8.686700000000000088e+00	7.797685599999998374e+01	7.785859999999999559e+01	9.140795868833335192e+01
2.600000000000000000e+02	9.218999999999999417e+00	7.783730799999997885e+01	9.113479999999999848e+01	9.984205802166670196e+01
2.900000000000000000e+02	9.746900000000000119e+00	7.769776000000000238e+01	7.758540000000000703e+01	8.172100369333334413e+01
3.000000000000000000e+02	1.026989999999999981e+01	7.755821199999999749e+01	7.744729999999999848e+01	7.885558267166669566e+01
1.960000000000000000e+02	4.849300000000000388e+00	9.533374000000000592e+01	9.494589999999999463e+01	1.175567904116668245e+02
2.000000000000000000e+02	5.156500000000000306e+00	9.526476800000000367e+01	9.498829999999999529e+01	1.021771752566667004e+02
2.040000000000000000e+02	5.458000000000000185e+00	9.519740000000000180e+01	9.494629999999999370e+01	1.019537835033333408e+02
2.080000000000000000e+02	5.757699999999999818e+00	9.512842799999999954e+01	9.495749999999999602e+01	1.097526099483332445e+02
2.120000000000000000e+02	6.353799999999999670e+00	9.505945599999999729e+01	1.047860000000000014e+02	1.134948582383333076e+02
2.160000000000000000e+02	6.347100000000000186e+00	9.499208799999999542e+01	9.487460000000000093e+01	1.021112040733332833e+02
2.200000000000000000e+02	6.637599999999999945e+00	9.492311599999999316e+01	9.480320000000000391e+01	9.815688826999986816e+01
2.300000000000000000e+02	7.356499999999999595e+00	9.475148799999998062e+01	9.464029999999999632e+01	9.939200235500000247e+01
2.400000000000000000e+02	8.064099999999999824e+00	9.137185999999999808e+01	9.445199999999999818e+01	9.461716703499996584e+01
2.530000000000000000e+02	8.763099999999999667e+00	9.440662799999999777e+01	9.135750000000000171e+01	9.234056171500000687e+01
2.600000000000000000e+02	9.454200000000000159e+00	9.423339599999999905e+01	9.408880000000000621e+01	1.015742450233333329e+02
2.700000000000000000e+02	1.013840000000000074e+01	9.405855999999999995e+01	9.391259999999999764e+01	1.347703650316666710e+02
2.600000000000000000e+02	1.081559999999999988e+01	9.388372400000000084e+01	1.114590000000000032e+02	1.166356098700000672e+02
2.900000000000000000e+02	1.146729999999999983e+01	9.370888800000000174e+01	9.337779999999999347e+01	9.694008785499998737e+01
3.000000000000000000e+02	1.215339999999999954e+01	9.353244800000000225e+01	9.339319999999999311e+01	9.356787501333332102e+01
1.920000000000000000e+02	4.684499999999999886e+00	1.119880720000000025e+02	1.119819999999999993e+02	1.683386230649996378e+02
1.960000000000000000e+02	5.066099999999999604e+00	1.119030599999999822e+02	1.116710000000000065e+02	1.324314289399997620e+02
2.000000000000000000e+02	5.440599999999999881e+00	1.118180480000000045e+02	1.115690000000000026e+02	1.230293476866666111e+02
2.040000000000000000e+02	5.810999999999999943e+00	1.117330359999999985e+02	1.115559999999999974e+02	1.174530240426665131e+02
2.080000000000000000e+02	6.177399999999999558e+00	1.116496280000000070e+02	1.115229999999999961e+02	1.138294873916667740e+02
2.120000000000000000e+02	6.541000000000000369e+00	1.115662200000000013e+02	1.114879999999999995e+02	1.183362829499998981e+02
2.160000000000000000e+02	6.901299999999999990e+00	1.114812079999999810e+02	1.114200000000000017e+02	1.177579186449999327e+02
2.230000000000000000e+02	7.259100000000000108e+00	1.113978000000000037e+02	1.044980000000000047e+02	1.062644365949999212e+02
2.250000000000000000e+02	7.703199999999999825e+00	1.112919359999999784e+02	1.112319999999999993e+02	1.118980896049999672e+02
2.300000000000000000e+02	8.143700000000000827e+00	1.111844679999999954e+02	1.111089999999999947e+02	1.121571650116666206e+02
2.400000000000000000e+02	9.315799999999999415e+00	1.109743440000000021e+02	1.161760000000000019e+02	1.142127912616666094e+02
2.500000000000000000e+02	9.878899999999999793e+00	1.107610119999999938e+02	1.106239999999999952e+02	1.166208978483333283e+02
2.600000000000000000e+02	1.073220000000000063e+01	1.105476799999999997e+02	1.103880000000000052e+02	1.167742161883333978e+02
2.700000000000000000e+02	1.157910000000000039e+01	1.070926639999999850e+02	1.101809999999999974e+02	1.155104486483334796e+02
2.800000000000000000e+02	1.241740000000000066e+01	1.101194119999999970e+02	1.099659999999999940e+02	1.629437615450000578e+02
2.900000000000000000e+02	1.324890000000000079e+01	1.066996840000000049e+02	1.097600000000000051e+02	1.330098099533333311e+02
3.000000000000000000e+02	1.407370000000000054e+01	1.096638760000000019e+02	1.095580000000000069e+02	1.094331653283333594e+02
1.920000000000000000e+02	4.752799999999999692e+00	1.279671199999999942e+02	1.279210000000000065e+02	1.687135798526666122e+02
1.960000000000000000e+02	5.201100000000000279e+00	1.278805039999999593e+02	1.275420000000000016e+02	1.513669062483332652e+02
2.300000000000000000e+02	5.641600000000000392e+00	1.277810560000000066e+02	6.400979999999999848e+01	6.585355933999998967e+01
2.040000000000000000e+02	6.078100000000000058e+00	1.276800039999999825e+02	1.273050000000000068e+02	1.345528249376665428e+02
2.080000000000000000e+02	6.511999999999999567e+00	1.275805560000000014e+02	1.272930000000000064e+02	1.358168186416666003e+02
2.120000000000000000e+02	6.944200000000000372e+00	1.274795040000000057e+02	1.273020000000000067e+02	1.346744670846665883e+02
2.180000000000000000e+02	7.373000000000000220e+00	1.273784519999999958e+02	1.203820000000000050e+02	1.223010775516666229e+02
2.230000000000000000e+02	7.799500000000000099e+00	1.272774000000000001e+02	1.184759999999999991e+02	1.185174794783332857e+02
2.250000000000000000e+02	8.329200000000000159e+00	1.271506839999999841e+02	1.270390000000000015e+02	1.249106812916666200e+02
2.300000000000000000e+02	8.856500000000000483e+00	1.270239679999999822e+02	1.269200000000000017e+02	1.281070322416665590e+02
2.400000000000000000e+02	9.901199999999999335e+00	1.267705360000000070e+02	1.266389999999999958e+02	1.258879229700000053e+02
2.500000000000000000e+02	1.093800000000000061e+01	1.261963039999999978e+02	1.263979999999999961e+02	1.200976988416667126e+02
2.600000000000000000e+02	1.196100000000000030e+01	1.262636719999999997e+02	1.261009999999999991e+02	1.259423446850000801e+02
2.700000000000000000e+02	1.297789999999999999e+01	1.260118439999999822e+02	1.258529999999999944e+02	1.527395840516667818e+02
2.800000000000000000e+02	1.398579999999999934e+01	1.257616199999999935e+02	1.256050000000000040e+02	1.830686302500000693e+02
2.900000000000000000e+02	1.496529999999999916e+01	1.255146040000000056e+02	1.251850000000000023e+02	1.345229019166667115e+02
3.000000000000000000e+02	1.597690000000000055e+01	1.252723999999999762e+02	1.251230000000000047e+02	1.245686383166666218e+02
1.920000000000000000e+02	4.789100000000000357e+00	1.457875599999999849e+02	1.457410000000000139e+02	1.724750144173094384e+02
1.960000000000000000e+02	5.308200000000000252e+00	1.456704679999999712e+02	1.455180000000000007e+02	1.596401992350000114e+02
2.000000000000000000e+02	5.823699999999999655e+00	1.455517719999999713e+02	1.452969999999999970e+02	1.573206341166666675e+02
2.040000000000000000e+02	6.336400000000000254e+00	1.454651559999999790e+02	1.450660000000000025e+02	1.586625830226667233e+02
2.080000000000000000e+02	6.650199999999999889e+00	1.453143799999999999e+02	1.344060000000000059e+02	1.424633441849999542e+02
2.120000000000000000e+02	7.361500000000000377e+00	1.451940800000000138e+02	1.449900000000000091e+02	1.495373603229999731e+02
2.160000000000000000e+02	7.871100000000000207e+00	1.450737799999999993e+02	1.448950000000000102e+02	1.477598811733332127e+02
2.200000000000000000e+02	8.359999999999999432e+00	1.449518759999999702e+02	1.442079999999999984e+02	1.448588493466666591e+02
2.250000000000000000e+02	9.012900000000000134e+00	1.448010999999999910e+02	1.446649999999999920e+02	1.458177913899999396e+02
2.300000000000000000e+02	9.643900000000000361e+00	1.446166399999999896e+02	1.445229999999999961e+02	1.476656949616665315e+02
2.400000000000000000e+02	1.069699999999999918e+01	1.443439599999999814e+02	1.407309999999999945e+02	1.377220946200000355e+02
2.500000000000000000e+02	1.213979999999999926e+01	1.440408040000000085e+02	1.438729999999999905e+02	1.425150137033333522e+02
2.600000000000000000e+02	1.337270000000000003e+01	1.116608559999999954e+02	1.435569999999999879e+02	1.594025806700000771e+02
2.700000000000000000e+02	1.459699999999999953e+01	1.434441159999999797e+02	1.432630000000000052e+02	1.457522419250001349e+02
2.600000000000000000e+02	1.581140000000000079e+01	1.431553959999999677e+02	1.706260000000000048e+02	1.721435356250000837e+02
2.900000000000000000e+02	1.701699999999999946e+01	1.428714879999999994e+02	1.426970000000000027e+02	1.426124079150000625e+02
3.000000000000000000e+02	1.821490000000000009e+01	1.425955999999999904e+02	1.424370000000000118e+02	1.422865259083332319e+02
1.920000000000000000e+02	4.810399999999999565e+00	1.642175199999999791e+02	1.647870000000000061e+02	1.760618134533093553e+02
1.960000000000000000e+02	5.402000000000000135e+00	1.640827839999999753e+02	1.638969999999999914e+02	1.710183988643333919e+02
2.000000000000000000e+02	5.998300000000000409e+00	1.639448399999999708e+02	1.636750000000000114e+02	1.679754353600000059e+02
2.040000000000000000e+02	6.597699999999999676e+00	1.638052919999999801e+02	1.635349999999999966e+02	1.680797528366663869e+02
2.080000000000000000e+02	7.198999999999999844e+00	1.636641399999999464e+02	1.634170000000000016e+02	1.640074172530000283e+02
2.120000000000000000e+02	7.801199999999999690e+00	1.635229879999999696e+02	1.633019999999999925e+02	1.647234542146666740e+02
2.160000000000000000e+02	8.403499999999999304e+00	1.630594320000000153e+02	1.631810000000000116e+02	1.670817968350000911e+02
2.200000000000000000e+02	9.006000000000000227e+00	1.632374759999999867e+02	1.630709999999999980e+02	1.638761747650000302e+02
2.250000000000000000e+02	9.756800000000000139e+00	1.630578280000000007e+02	1.628919999999999959e+02	1.655153952633332892e+02
2.300000000000000000e+02	1.050660000000000061e+01	1.628781799999999862e+02	1.627249999999999943e+02	1.676303655033331665e+02
2.400000000000000000e+02	1.199849999999999994e+01	1.625172799999999995e+02	1.623530000000000086e+02	1.621619264983332585e+02
2.500000000000000000e+02	1.348090000000000011e+01	1.621644000000000005e+02	1.619859999999999900e+02	1.586561532550000777e+02
2.600000000000000000e+02	1.495439999999999969e+01	1.618147280000000023e+02	1.616399999999999864e+02	1.449826761416666443e+02
2.700000000000000000e+02	1.641649999999999920e+01	1.614762839999999926e+02	1.612940000000000111e+02	1.599998140299999818e+02
2.800000000000000000e+02	1.767000000000000171e+01	1.611474640000000136e+02	1.593089999999999975e+02	1.562167872479998607e+02
2.900000000000000000e+02	1.931330000000000169e+01	1.608330799999999670e+02	1.606670000000000016e+02	1.589861842750001699e+02
3.000000000000000000e+02	2.074739999999999895e+01	1.604978439999999864e+02	1.603750000000000000e+02	1.608906235000001175e+02
1.920000000000000000e+02	4.832200000000000273e+00	1.782252519999999834e+02	1.814939999999999998e+02	1.667444857849869777e+02
1.960000000000000000e+02	5.485500000000000043e+00	1.780744759999999758e+02	1.784970000000000141e+02	1.728775240199998677e+02
2.000000000000000000e+02	6.151299999999999990e+00	1.779204919999999959e+02	1.780409999999999968e+02	1.671575785683939159e+02
2.040000000000000000e+02	6.324900000000000411e+00	1.777632999999999868e+02	1.442419999999999902e+02	1.408018597986495024e+02
2.080000000000000000e+02	7.501699999999999591e+00	1.776028999999999769e+02	1.776459999999999866e+02	1.726593782154997427e+02
2.120000000000000000e+02	8.177300000000000679e+00	1.774424999999999670e+02	1.773149999999999977e+02	1.712063805800002285e+02
2.160000000000000000e+02	8.860900000000000887e+00	1.772788919999999848e+02	1.772379999999999995e+02	1.743038663166667561e+02
2.200000000000000000e+02	9.541499999999999204e+00	1.771168879999999604e+02	1.770550000000000068e+02	1.711237224499998888e+02
2.250000000000000000e+02	1.039129999999999932e+01	1.769115759999999966e+02	1.768230000000000075e+02	1.762023887866667167e+02
2.300000000000000000e+02	1.124019999999999975e+01	1.767078679999999906e+02	1.766049999999999898e+02	1.726735847766664733e+02
2.400000000000000000e+02	1.293410000000000082e+01	1.763020559999999932e+02	1.762009999999999934e+02	1.762106547333333140e+02
2.500000000000000000e+02	1.461700000000000088e+01	1.759058679999999697e+02	1.757810000000000059e+02	1.692606183050000368e+02
2.600000000000000000e+02	1.629090000000000060e+01	1.755225119999999777e+02	1.753919999999999959e+02	1.635228255949998868e+02
2.700000000000000000e+02	1.795479999999999876e+01	1.751535920000000033e+02	1.750250000000000057e+02	1.762239766216664805e+02
2.800000000000000000e+02	1.960699999999999932e+01	1.748007120000000043e+02	1.746680000000000064e+02	1.751134839800000975e+02
2.900000000000000000e+02	2.124970000000000070e+01	1.744654759999999669e+02	1.743360000000000127e+02	1.742947983699999952e+02
3.300000000000000000e+02	2.288279999999999959e+01	1.741462799999999902e+02	1.481200000000000045e+02	1.369147666666665941e+02
1.920000000000000000e+02	4.868500000000000050e+00	1.935979879999999866e+02	1.949900000000000091e+02	1.789875410949869661e+02
1.960000000000000000e+02	5.603299999999999947e+00	1.934279640000000029e+02	1.936380000000000052e+02	1.829998366949999138e+02
2.000000000000000000e+02	6.357400000000000162e+00	1.932515239999999892e+02	1.932860000000000014e+02	1.780294523397273565e+02
2.040000000000000000e+02	7.121599999999999930e+00	1.930734799999999893e+02	1.930370000000000061e+02	1.933020847958635215e+02
2.080000000000000000e+02	7.891300000000000203e+00	1.928906240000000025e+02	1.927800000000000011e+02	1.831209781266664152e+02
2.120000000000000000e+02	8.665399999999999991e+00	1.927077679999999873e+02	1.925649999999999977e+02	1.961620862600000805e+02
2.160000000000000000e+02	9.442800000000000082e+00	1.925217039999999997e+02	1.923919999999999959e+02	1.861510330399999589e+02
2.200000000000000000e+02	1.022010000000000041e+01	1.923388480000000129e+02	1.921980000000000075e+02	1.908285423183333478e+02
2.250000000000000000e+02	1.119120000000000026e+01	1.921062680000000000e+02	1.919519999999999982e+02	1.875966788083332801e+02
2.300000000000000000e+02	1.216169999999999973e+01	1.918768959999999879e+02	1.917170000000000130e+02	1.920699153449999983e+02
2.400000000000000000e+02	1.409849999999999959e+01	1.914245679999999936e+02	1.912709999999999866e+02	1.902202120853336282e+02
2.500000000000000000e+02	1.602550000000000097e+01	1.909850720000000024e+02	1.908309999999999889e+02	1.847566537849999406e+02
2.600000000000000000e+02	1.794249999999999901e+01	1.905680319999999881e+02	1.904170000000000016e+02	1.896565068699999017e+02
2.700000000000000000e+02	1.984900000000000020e+01	1.901734480000000076e+02	1.900289999999999964e+02	1.898714502216665778e+02
2.800000000000000000e+02	2.174419999999999931e+01	1.898013200000000040e+02	1.896630000000000109e+02	1.921569276666666610e+02
2.900000000000000000e+02	2.362930000000000064e+01	1.894516480000000058e+02	1.893249999999999886e+02	1.886772100666667029e+02
3.000000000000000000e+02	2.550309999999999988e+01	1.891212240000000122e+02	1.890060000000000002e+02	1.897256158783334854e+02
1.920000000000000000e+02	4.945500000000000007e+00	2.082232600000000105e+02	2.084850000000000136e+02	1.882443114436536007e+02
1.960000000000000000e+02	5.778999999999999915e+00	2.080307799999999929e+02	2.080169999999999959e+02	1.975784443249999072e+02
2.000000000000000000e+02	6.632799999999999585e+00	2.078302799999999877e+02	2.077129999999999939e+02	1.898348796900001219e+02
2.040000000000000000e+02	7.499299999999999855e+00	2.076249679999999955e+02	2.074840000000000089e+02	2.055476938318333850e+02
2.080000000000000000e+02	8.372600000000000264e+00	2.074180519999999888e+02	2.072539999999999907e+02	1.982675471859999732e+02
2.120000000000000000e+02	9.249900000000000233e+00	2.072111360000000104e+02	2.070289999999999964e+02	2.071639175816666807e+02
2.160000000000000000e+02	1.013039999999999985e+01	2.070010120000000029e+02	2.068300000000000125e+02	2.054377776599998526e+02
2.200000000000000000e+02	1.101159999999999961e+01	2.067924920000000100e+02	2.066270000000000095e+02	2.027272034566666434e+02
2.250000000000000000e+02	1.211149999999999949e+01	2.065326439999999479e+02	2.063530000000000086e+02	2.058132526733333236e+02
2.300000000000000000e+02	1.321149999999999913e+01	2.062744000000000142e+02	2.061009999999999991e+02	2.059278330766667295e+02
2.400000000000000000e+02	1.540569999999999951e+01	2.057707440000000076e+02	2.056100000000000136e+02	2.053111652516668926e+02
2.500000000000000000e+02	1.758999999999999986e+01	2.052927520000000072e+02	2.051419999999999959e+02	2.035720810499999516e+02
2.600000000000000000e+02	1.976379999999999981e+01	2.048436320000000137e+02	2.047090000000000032e+02	2.059113873983335452e+02
2.700000000000000000e+02	2.192610000000000170e+01	2.044265919999999994e+02	2.043060000000000116e+02	2.048364815016667251e+02
2.800000000000000000e+02	2.407529999999999859e+01	2.040368200000000058e+02	2.039250000000000114e+02	2.069523981016666312e+02
2.900000000000000000e+02	2.621300000000000097e+01	2.036759199999999908e+02	2.035730000000000075e+02	2.027490191933335097e+02
3.000000000000000000e+02	2.833869999999999933e+01	2.033342680000000087e+02	2.032460000000000093e+02	2.033933453250002685e+02
1.920000000000000000e+02	5.205199999999999605e+00	2.283069439999999872e+02	2.276659999999999968e+02	2.078170160657141707e+02
1.960000000000000000e+02	6.220900000000000318e+00	2.280695519999999874e+02	2.278930000000000007e+02	2.157854282750000436e+02
2.000000000000000000e+02	7.245099999999999874e+00	2.278289519999999868e+02	2.276730000000000018e+02	2.222567813793335176e+02
2.040000000000000000e+02	8.278499999999999304e+00	2.275530640000000062e+02	2.274209999999999923e+02	2.218633872799999551e+02
2.080000000000000000e+02	9.317700000000000315e+00	2.273397319999999979e+02	2.271699999999999875e+02	2.254791762099998209e+02
2.120000000000000000e+02	1.036079999999999934e+01	2.270943199999999536e+02	2.269310000000000116e+02	2.278982468050000421e+02
2.160000000000000000e+02	1.140399999999999991e+01	2.268489079999999944e+02	2.266750000000000114e+02	2.267469624383332132e+02
2.200000000000000000e+02	1.244780000000000086e+01	2.266050999999999931e+02	2.264300000000000068e+02	2.268727661633333241e+02
2.250000000000000000e+02	1.375159999999999982e+01	2.263051519999999925e+02	2.261289999999999907e+02	2.257489148750000822e+02
2.330000000000000000e+02	1.505339999999999989e+01	2.260132240000000081e+02	2.185049999999999955e+02	2.179177731766667705e+02
2.400000000000000000e+02	1.755059999999999931e+01	2.254534280000000024e+02	2.245209999999999866e+02	2.237820439600000384e+02
2.500000000000000000e+02	2.023519999999999897e+01	2.249337319999999920e+02	2.247849999999999966e+02	2.247803835849998961e+02
2.600000000000000000e+02	2.280620000000000047e+01	2.244621559999999931e+02	2.243199999999999932e+02	2.237757382350000341e+02
2.700000000000000000e+02	2.536349999999999838e+01	2.240290760000000034e+02	2.238950000000000102e+02	2.250291399250000666e+02
2.800000000000000000e+02	2.790690000000000026e+01	2.236312839999999937e+02	2.235070000000000050e+02	2.264161147150000772e+02
2.900000000000000000e+02	3.043329999999999913e+01	2.232607600000000048e+02	2.231390000000000100e+02	2.226163249300001326e+02
3.000000000000000000e+02	3.294830000000000325e+01	2.229110880000000066e+02	2.228110000000000070e+02	2.183530994450001970e+02
1.940000000000000000e+02	6.378700000000000259e+00	2.464080840000000023e+02	2.460920000000000130e+02	2.336243737566668415e+02
1.980000000000000000e+02	7.586100000000000065e+00	2.461241760000000056e+02	2.459039999999999964e+02	2.407609440233333657e+02
2.020000000000000000e+02	8.801199999999999690e+00	2.458402680000000089e+02	2.456759999999999877e+02	2.421019334700000059e+02
2.060000000000000000e+02	1.002009999999999934e+01	2.455531520000000114e+02	2.454259999999999877e+02	2.430362721583333041e+02
2.100000000000000000e+02	1.123780000000000001e+01	2.452692439999999863e+02	2.451349999999999909e+02	2.412301314000000048e+02
2.150000000000000000e+02	1.275960000000000072e+01	2.449179680000000019e+02	2.447740000000000009e+02	2.434617217966667226e+02
2.200000000000000000e+02	1.427919999999999945e+01	2.445747120000000052e+02	2.444180000000000064e+02	2.383203297033333286e+02
2.300000000000000000e+02	1.731250000000000000e+01	2.439218840000000057e+02	2.437700000000000102e+02	2.411262122500000942e+02
2.400000000000000000e+02	2.032870000000000132e+01	2.433284040000000061e+02	2.431649999999999920e+02	2.389360017116666768e+02
2.500000000000000000e+02	2.333129999999999882e+01	2.427958759999999927e+02	2.426339999999999861e+02	2.376766391566664538e+02
2.600000000000000000e+02	2.631779999999999831e+01	2.423146759999999915e+02	2.421599999999999966e+02	2.416136498049996817e+02
2.700000000000000000e+02	2.928610000000000113e+01	2.418783880000000011e+02	2.417259999999999991e+02	2.409214402633332384e+02
2.800000000000000000e+02	3.223960000000000292e+01	2.414757840000000044e+02	2.413420000000000130e+02	2.435017188733331466e+02
2.900000000000000000e+02	3.516770000000000351e+01	2.411020519999999863e+02	2.409629999999999939e+02	2.402293102533333524e+02
1.940000000000000000e+02	7.266000000000000014e+00	2.604061919999999759e+02	2.601940000000000168e+02	2.457800992866665979e+02
1.980000000000000000e+02	8.636300000000000310e+00	2.600902040000000284e+02	2.599089999999999918e+02	2.535846459966668363e+02
2.020000000000000000e+02	1.000479999999999947e+01	2.597726119999999810e+02	2.595620000000000118e+02	2.571165544150002233e+02
2.060000000000000000e+02	1.137509999999999977e+01	2.594550199999999904e+02	2.592300000000000182e+02	2.556966348016666473e+02
2.100000000000000000e+02	1.274540000000000006e+01	2.591454479999999876e+02	2.589100000000000250e+02	2.614115818733332617e+02
2.150000000000000000e+02	1.444040000000000035e+01	2.587701119999999833e+02	2.584139999999999873e+02	2.571219665783331720e+02
2.200000000000000000e+02	1.616069999999999851e+01	2.584011919999999805e+02	2.581399999999999864e+02	2.539985194333334562e+02
2.300000000000000000e+02	1.956259999999999977e+01	2.577259079999999472e+02	2.574660000000000082e+02	2.541901753783333788e+02
2.400000000000000000e+02	2.294379999999999953e+01	2.571244080000000167e+02	2.568570000000000277e+02	2.509165156383332942e+02
2.500000000000000000e+02	2.631139999999999901e+01	2.565934839999999895e+02	2.563419999999999845e+02	2.563216400849998422e+02
2.600000000000000000e+02	2.965390000000000015e+01	2.561203039999999760e+02	2.558629999999999995e+02	2.565962783016665298e+02
2.700000000000000000e+02	3.297570000000000334e+01	2.556904319999999871e+02	2.554319999999999879e+02	2.561118509199998243e+02
1.940000000000000000e+02	8.634600000000000719e+00	2.761991760000000227e+02	2.743550000000000182e+02	2.603848768450000648e+02
1.980000000000000000e+02	1.040799999999999947e+01	2.758446919999999523e+02	2.756600000000000250e+02	2.731688370450003731e+02
2.020000000000000000e+02	1.197739999999999938e+01	2.754934160000000247e+02	2.752889999999999873e+02	2.763328573700001130e+02
2.060000000000000000e+02	1.354620000000000068e+01	2.751485559999999850e+02	2.749429999999999836e+02	2.737738698549998730e+02
2.100000000000000000e+02	1.510800000000000054e+01	2.748149240000000191e+02	2.745880000000000223e+02	2.751594177533331163e+02
2.150000000000000000e+02	1.706019999999999825e+01	2.744187360000000240e+02	2.741940000000000168e+02	2.741295394783334700e+02
2.200000000000000000e+02	1.903300000000000125e+01	2.740401919999999905e+02	2.739490000000000123e+02	2.748307167166668137e+02
2.300000000000000000e+02	2.267229999999999990e+01	2.733600959999999986e+02	2.722780000000000200e+02	2.634937396200000421e+02
2.400000000000000000e+02	2.671859999999999857e+01	2.727698240000000283e+02	2.725149999999999864e+02	2.725872734283332761e+02
2.500000000000000000e+02	3.054420000000000002e+01	2.722485239999999180e+02	2.720029999999999859e+02	2.742628325466666297e+02
2.600000000000000000e+02	3.433570000000000277e+01	2.717833639999999491e+02	2.715219999999999914e+02	2.718872009449997904e+02
1.920000000000000000e+02	1.050890000000000057e+01	2.932272399999999379e+02	2.929759999999999991e+02	2.779710406150002200e+02
1.960000000000000000e+02	1.232269999999999932e+01	2.928262399999999843e+02	2.925609999999999786e+02	2.868973707900001955e+02
2.000000000000000000e+02	1.413109999999999999e+01	2.924412799999999493e+02	2.921630000000000109e+02	2.893032270983333660e+02
2.050000000000000000e+02	1.638599999999999923e+01	2.919761199999999235e+02	2.917019999999999982e+02	2.898048867866666001e+02
2.100000000000000000e+02	1.863119999999999976e+01	2.915269999999999868e+02	2.912669999999999959e+02	2.898980551266665771e+02
2.150000000000000000e+02	2.086870000000000047e+01	2.911259999999999195e+02	2.908650000000000091e+02	2.896591125933335320e+02
2.200000000000000000e+02	2.310020000000000095e+01	2.907570799999999736e+02	2.904990000000000236e+02	2.879203151066667488e+02
2.250000000000000000e+02	2.532369999999999877e+01	2.904202399999999784e+02	2.901610000000000014e+02	2.885481280583331340e+02
2.300000000000000000e+02	2.753930000000000078e+01	2.900031999999999357e+02	2.898460000000000036e+02	2.868035214183332187e+02
2.350000000000000000e+02	2.974790000000000134e+01	2.898107200000000034e+02	2.895559999999999832e+02	2.898174628149997716e+02
2.400000000000000000e+02	3.194879999999999853e+01	2.895540799999999990e+02	2.892869999999999777e+02	2.893329873133331489e+02
2.450000000000000000e+02	3.414020000000000010e+01	2.892974399999999946e+02	2.890299999999999727e+02	2.899014669683330112e+02
1.940000000000000000e+02	1.529129999999999967e+01	3.100852799999999547e+02	3.095129999999999768e+02	2.958640482483335177e+02
1.980000000000000000e+02	1.736680000000000135e+01	3.096842800000000011e+02	3.090960000000000036e+02	3.015672112666669022e+02
2.020000000000000000e+02	1.943489999999999895e+01	3.092993200000000229e+02	3.087060000000000173e+02	3.086416873516668602e+02
2.050000000000000000e+02	2.098379999999999868e+01	3.090266399999999862e+02	3.084379999999999882e+02	3.072193644116666746e+02
2.100000000000000000e+02	2.355760000000000076e+01	3.086095999999999435e+02	3.080240000000000009e+02	3.050210824116666686e+02
2.150000000000000000e+02	2.612059999999999960e+01	3.081283999999999423e+02	3.076429999999999723e+02	3.051164549150000767e+02
2.200000000000000000e+02	2.867620000000000147e+01	3.078878000000000270e+02	3.073000000000000114e+02	3.086968876750000845e+02
2.250000000000000000e+02	3.122139999999999915e+01	3.075670000000000073e+02	3.069830000000000041e+02	3.074554992766665009e+02
2.300000000000000000e+02	3.375419999999999732e+01	3.072782799999999384e+02	3.066840000000000259e+02	3.058458685683332305e+02
1.920000000000000000e+02	1.867760000000000176e+01	3.241042400000000043e+02	3.237699999999999818e+02	3.095305232333336107e+02
1.960000000000000000e+02	2.100840000000000174e+01	3.236551199999999540e+02	3.233650000000000091e+02	3.162466737383336408e+02
2.000000000000000000e+02	2.333210000000000051e+01	3.232861999999999512e+02	3.229940000000000282e+02	3.185985821800001077e+02
2.040000000000000000e+02	2.564939999999999998e+01	3.229493600000000129e+02	3.226539999999999964e+02	3.219889997533334736e+02
2.080000000000000000e+02	2.795990000000000109e+01	3.226446000000000254e+02	3.223410000000000082e+02	3.218977161133335017e+02
2.120000000000000000e+02	3.026289999999999836e+01	3.223558800000000133e+02	3.220509999999999877e+02	3.227222623383333939e+02
2.160000000000000000e+02	3.255689999999999884e+01	3.220831999999999766e+02	3.217789999999999964e+02	3.229945192833330339e+02
2.200000000000000000e+02	3.484340000000000259e+01	3.218426000000000045e+02	3.215249999999999773e+02	3.232324954066664873e+02
1.940000000000000000e+02	2.600260000000000105e+01	3.381231999999999402e+02	3.378450000000000273e+02	3.263345679150000933e+02
1.980000000000000000e+02	2.861179999999999879e+01	3.377863600000000019e+02	3.374959999999999809e+02	3.349237252600001398e+02
2.060000000000000000e+02	3.121399999999999864e+01	3.374816000000000145e+02	3.319710000000000036e+02	3.331243754366666963e+02
2.060000000000000000e+02	3.380429999999999779e+01	3.371928799999999455e+02	3.368809999999999718e+02	3.392630391583333562e+02
1.920000000000000000e+02	3.070149999999999935e+01	3.495276400000000194e+02	3.492110000000000127e+02	3.394559255049998114e+02
1.960000000000000000e+02	3.355749999999999744e+01	3.492228799999999751e+02	3.488829999999999814e+02	3.457109701199998426e+02
