# Temperature (K)	Pressure (MPa)	Experimental(m3/kg)	NIST(m3/kg)	Model(m3/kg)
1.500000000000000000e+02	1.026000000000000023e+00	6.234413965087279991e-02	6.231020000000000308e-02	5.336486069012918998e-02
1.550000000000000000e+02	1.074400000000000022e+00	6.234413965087279991e-02	6.233299999999999952e-02	4.808047059177544824e-02
1.600000000000000000e+02	1.122200000000000086e+00	6.234413965087279991e-02	6.235109999999999958e-02	4.529093991569810296e-02
1.650000000000000000e+02	1.169599999999999973e+00	6.234413965087279991e-02	6.236330000000000345e-02	4.301771327557585289e-02
1.700000000000000000e+02	1.216499999999999915e+00	6.234413965087279991e-02	6.238239999999999758e-02	4.110890390363974856e-02
1.750000000000000000e+02	1.263200000000000101e+00	6.234413965087279991e-02	6.239349999999999757e-02	3.972129712029404125e-02
1.800000000000000000e+02	1.309600000000000097e+00	6.234413965087279991e-02	6.240559999999999857e-02	3.881311624816885519e-02
1.850000000000000000e+02	1.355900000000000105e+00	6.234413965087279991e-02	6.240980000000000139e-02	3.854988540839099365e-02
1.900000000000000000e+02	1.401999999999999913e+00	6.234413965087279991e-02	6.241359999999999963e-02	3.843129548968451936e-02
1.950000000000000000e+02	1.447899999999999965e+00	6.234413965087279991e-02	6.241800000000000126e-02	3.802602378150066187e-02
2.000000000000000000e+02	1.493700000000000028e+00	6.234413965087279991e-02	6.241929999999999701e-02	3.882738318347578321e-02
2.050000000000000000e+02	1.539400000000000102e+00	6.234413965087279991e-02	6.241859999999999770e-02	3.906685247712105014e-02
2.100000000000000000e+02	1.585099999999999953e+00	6.234413965087279991e-02	6.241239999999999982e-02	4.012274143579519503e-02
2.150000000000000000e+02	1.630600000000000049e+00	6.234413965087279991e-02	6.241000000000000020e-02	4.094483547278232605e-02
2.200000000000000000e+02	1.676099999999999923e+00	6.234413965087279991e-02	6.240359999999999657e-02	4.223909939250558576e-02
2.250000000000000000e+02	1.721500000000000030e+00	6.234413965087279991e-02	6.239770000000000039e-02	4.345714648260198820e-02
2.300000000000000000e+02	1.766799999999999926e+00	6.234413965087279991e-02	6.239270000000000232e-02	4.501524144728630272e-02
2.350000000000000000e+02	1.812000000000000055e+00	6.234413965087279991e-02	6.238869999999999832e-02	4.661614090942128863e-02
2.400000000000000000e+02	1.857199999999999962e+00	6.234413965087279991e-02	6.238219999999999876e-02	4.807405497405528583e-02
2.450000000000000000e+02	1.902300000000000102e+00	6.234413965087279991e-02	6.237729999999999664e-02	4.919816234076906936e-02
2.500000000000000000e+02	1.947400000000000020e+00	6.234413965087279991e-02	6.237039999999999945e-02	5.163079872117803948e-02
2.550000000000000000e+02	1.992399999999999949e+00	6.234413965087279991e-02	6.236540000000000139e-02	5.273689383427082600e-02
2.600000000000000000e+02	2.037300000000000111e+00	6.234413965087279991e-02	6.236200000000000077e-02	5.422458192316026437e-02
2.650000000000000000e+02	2.082199999999999829e+00	6.234413965087279991e-02	6.235729999999999745e-02	5.521267228896231671e-02
2.700000000000000000e+02	2.127099999999999991e+00	6.234413965087279991e-02	6.235129999999999839e-02	5.624277808925487454e-02
1.700000000000000000e+02	2.061599999999999877e+00	3.117206982543639995e-02	3.129640000000000200e-02	3.963410432862360389e-02
1.750000000000000000e+02	2.166300000000000114e+00	3.117206982543639995e-02	3.130129999999999718e-02	3.784049910811315698e-02
1.800000000000000000e+02	2.269699999999999829e+00	3.117206982543639995e-02	3.130150000000000293e-02	3.635764978325473074e-02
1.950000000000000000e+02	2.574500000000000011e+00	3.117206982543639995e-02	3.129110000000000225e-02	3.442836136149590720e-02
2.000000000000000000e+02	2.674799999999999844e+00	3.117206982543639995e-02	3.128510000000000318e-02	3.428701468607259217e-02
2.050000000000000000e+02	2.774599999999999955e+00	3.117206982543639995e-02	3.127830000000000193e-02	3.453335928272366351e-02
2.100000000000000000e+02	2.873899999999999899e+00	3.117206982543639995e-02	3.127180000000000237e-02	3.509924025066887832e-02
2.150000000000000000e+02	2.972900000000000098e+00	3.117206982543639995e-02	3.126360000000000250e-02	3.571561202531681189e-02
2.200000000000000000e+02	3.071499999999999897e+00	3.117206982543639995e-02	3.125569999999999737e-02	3.668993363737357849e-02
2.250000000000000000e+02	3.169799999999999951e+00	3.117206982543639995e-02	3.124760000000000038e-02	3.770197694515053932e-02
2.300000000000000000e+02	3.267700000000000049e+00	3.117206982543639995e-02	3.124060000000000031e-02	3.873897521228555907e-02
2.350000000000000000e+02	3.365400000000000169e+00	3.117206982543639995e-02	3.123300000000000035e-02	4.004753558309179229e-02
2.400000000000000000e+02	3.462899999999999867e+00	3.117206982543639995e-02	3.122499999999999928e-02	4.127634533641352799e-02
2.450000000000000000e+02	3.560099999999999820e+00	3.117206982543639995e-02	3.121789999999999982e-02	4.193585884020664678e-02
2.500000000000000000e+02	3.657000000000000028e+00	3.117206982543639995e-02	3.121180000000000135e-02	4.326451556215765715e-02
2.550000000000000000e+02	3.753699999999999815e+00	3.117206982543639995e-02	3.120590000000000169e-02	4.470801539914714962e-02
2.600000000000000000e+02	3.850200000000000067e+00	3.117206982543639995e-02	3.120030000000000026e-02	4.571428091442031327e-02
2.650000000000000000e+02	3.946499999999999897e+00	3.117206982543639995e-02	3.119519999999999932e-02	4.649892677087635873e-02
2.700000000000000000e+02	4.042600000000000193e+00	3.117206982543639995e-02	3.119049999999999948e-02	4.711774446403849126e-02
1.725269999999999868e+02	2.466000000000000192e+00	2.435984044499379941e-02	2.441480000000000039e-02	3.652273424197138851e-02
1.746910000000000025e+02	2.528300000000000214e+00	2.435984044499379941e-02	2.441010000000000055e-02	3.615898748303747468e-02
1.772030000000000030e+02	2.599400000000000155e+00	2.427164200376569908e-02	2.441159999999999858e-02	3.512323765430477862e-02
1.831759999999999877e+02	2.766599999999999948e+00	2.427731294815919927e-02	2.440290000000000167e-02	3.354208201637914888e-02
1.905320000000000107e+02	2.967600000000000016e+00	2.437507903619370170e-02	2.440809999999999855e-02	3.244306228907833933e-02
1.918489999999999895e+02	3.003800000000000026e+00	2.438365912502839933e-02	2.440229999999999830e-02	3.212399506849278330e-02
2.030840000000000032e+02	3.304800000000000182e+00	2.439606325606440140e-02	2.440629999999999883e-02	3.151117219540305880e-02
2.130409999999999968e+02	3.567200000000000149e+00	2.440752442973519870e-02	2.441219999999999848e-02	3.222978418579258708e-02
2.178640000000000043e+02	3.693099999999999827e+00	2.349328848433230102e-02	2.441569999999999852e-02	3.275900572055756577e-02
2.238309999999999889e+02	3.846099999999999852e+00	2.441995285972299937e-02	2.443489999999999898e-02	3.422291000705882102e-02
2.335459999999999923e+02	4.099000000000000199e+00	2.351012129529849934e-02	2.442160000000000164e-02	3.610267687285034777e-02
2.397969999999999970e+02	4.259000000000000341e+00	2.443718236550360134e-02	2.442640000000000089e-02	3.720119842020236378e-02
1.904290000000000020e+02	4.472000000000000419e+00	9.640349412536299706e-03	9.822700000000000181e-03	2.589583535250403190e-02
1.905320000000000107e+02	4.481399999999999828e+00	9.637964884344799379e-03	9.817650000000000682e-03	2.578263745304801291e-02
1.900519999999999925e+02	4.498899999999999899e+00	8.619521858573000669e-03	8.799070000000000849e-03	2.601503216527076279e-02
1.905320000000000107e+02	4.549299999999999677e+00	8.617258203526399762e-03	8.760840000000000641e-03	2.555795405898297901e-02
1.900320000000000107e+02	4.523600000000000065e+00	4.921348872433299951e-03	4.992429999999999958e-03	2.581645155517831025e-02
1.905320000000000107e+02	4.023900000000000254e+00	4.844859742376300162e-03	1.413829999999999948e-02	2.756980683526666365e-02
1.900320000000000107e+02	4.024000000000000021e+00	4.532635839243299991e-03	1.390369999999999974e-02	2.780086226422953666e-02
1.910320000000000107e+02	4.352299999999999613e+00	4.532833570905100105e-03	1.157440000000000031e-02	2.653789002762441118e-02
2.731499999999999773e+02	1.637599999999999945e+00	8.312551953449709430e-02	8.311219999999999719e-02	5.795410676044915332e-02
2.981419999999999959e+02	1.802000000000000046e+00	8.312551953449709430e-02	8.310800000000000132e-02	6.050729028083728922e-02
3.031429999999999723e+02	1.834699999999999998e+00	8.312551953449709430e-02	8.311380000000000157e-02	6.018096431733613305e-02
3.231399999999999864e+02	1.965600000000000014e+00	8.312551953449709430e-02	8.312139999999999807e-02	6.009256085561354155e-02
3.981429999999999723e+02	2.129199999999999982e+00	8.312551953449709430e-02	9.598790000000000100e-02	9.715366734120550740e-02
3.731499999999999773e+02	2.292499999999999982e+00	8.312551953449709430e-02	8.312039999999999706e-02	7.307443591972187513e-02
3.981600000000000250e+02	2.455700000000000216e+00	8.312551953449709430e-02	8.311709999999999932e-02	9.442221551678264824e-02
2.731499999999999773e+02	2.155800000000000161e+00	6.234413965087279991e-02	6.233439999999999814e-02	5.654594313050714804e-02
2.981419999999999959e+02	2.378600000000000048e+00	6.234413965087279991e-02	6.233500000000000152e-02	5.902442560856777098e-02
3.031429999999999723e+02	2.423200000000000021e+00	6.234413965087279991e-02	6.233190000000000258e-02	5.890859058675973481e-02
3.231399999999999864e+02	2.600600000000000023e+00	6.234413965087279991e-02	6.233690000000000064e-02	5.945231788555593866e-02
3.481429999999999723e+02	2.822099999999999831e+00	6.234413965087279991e-02	6.233709999999999946e-02	6.084300787786028897e-02
3.731499999999999773e+02	3.043099999999999916e+00	6.234413965087279991e-02	6.233820000000000333e-02	7.012104092071913541e-02
3.981600000000000250e+02	3.263700000000000045e+00	6.234413965087279991e-02	6.233980000000000077e-02	9.328586717953615826e-02
2.731499999999999773e+02	3.153900000000000148e+00	4.156275976724849858e-02	4.155969999999999803e-02	5.219791304332283000e-02
2.981419999999999959e+02	3.499299999999999855e+00	4.156275976724849858e-02	4.155940000000000328e-02	5.461673579105733034e-02
3.031429999999999723e+02	3.568499999999999783e+00	4.156275976724849858e-02	4.155559999999999810e-02	5.447814950567178571e-02
3.231399999999999864e+02	3.842699999999999783e+00	4.156275976724849858e-02	4.156320000000000153e-02	5.411099161790744461e-02
3.481429999999999723e+02	4.185200000000000031e+00	4.156275976724849858e-02	4.156270000000000103e-02	5.695836820714944571e-02
3.731499999999999773e+02	4.526699999999999946e+00	4.156275976724849858e-02	4.156239999999999934e-02	6.611487395538523382e-02
2.731499999999999773e+02	4.105299999999999727e+00	3.117206982543639995e-02	3.116889999999999938e-02	4.796479645400264502e-02
2.030840000000000032e+02	1.013000000000000012e-01	1.032187742564119493e+00	1.032669999999999977e+00	4.530340618094552685e-02
2.232489999999999952e+02	1.013000000000000012e-01	1.135594529159796195e+00	1.136949999999999905e+00	5.037432295479454814e-02
2.481750000000000114e+02	1.013000000000000012e-01	1.264587011173890829e+00	1.265549999999999953e+00	5.878166952486388319e-02
2.731499999999999773e+02	1.013000000000000012e-01	1.394723482122434577e+00	1.394150000000000000e+00	6.502359830080906011e-02
2.981419999999999959e+02	1.013000000000000012e-01	1.524306592930875892e+00	1.522680000000000033e+00	6.727039750095220594e-02
3.231399999999999864e+02	1.013000000000000012e-01	1.649315863779704294e+00	1.651110000000000078e+00	6.698574903647463996e-02
3.731499999999999773e+02	1.013000000000000012e-01	1.906548613176538343e+00	1.907799999999999940e+00	7.785932240244952673e-02
4.231700000000000159e+02	1.013000000000000012e-01	2.164727071210862164e+00	2.164309999999999956e+00	1.060289205003779323e-01
4.731929999999999836e+02	1.013000000000000012e-01	2.416439521351660069e+00	2.420690000000000008e+00	1.084546254377008606e-01
2.030840000000000032e+02	2.026499999999999968e+00	4.511806314290980197e-02	4.502950000000000008e-02	3.769887154591256007e-02
2.232489999999999952e+02	2.026499999999999968e+00	5.159230358397279975e-02	5.161249999999999866e-02	4.258036941558412947e-02
2.981419999999999959e+02	2.026499999999999968e+00	7.352770332689320676e-02	7.361370000000000413e-02	5.921708452555946023e-02
2.030840000000000032e+02	3.039699999999999847e+00	2.746316886959719941e-02	2.731000000000000094e-02	3.270912775654474802e-02
2.232489999999999952e+02	3.039699999999999847e+00	3.248613394344890271e-02	3.242769999999999680e-02	3.778746694595264133e-02
2.481750000000000114e+02	3.039699999999999847e+00	3.802399344405509723e-02	3.803379999999999955e-02	4.629861128045642538e-02
2.731499999999999773e+02	3.039699999999999847e+00	4.322849788578059932e-02	4.324499999999999872e-02	5.249163845502061165e-02
3.231399999999999864e+02	3.039699999999999847e+00	5.302725155300910126e-02	5.304869999999999725e-02	5.720594631255496165e-02
3.731499999999999773e+02	3.039699999999999847e+00	6.231921196608630059e-02	6.240919999999999801e-02	7.073665741973961252e-02
4.231700000000000159e+02	3.039699999999999847e+00	7.142185777394069457e-02	7.152809999999999724e-02	1.379578390882807981e-01
2.731929999999999836e+02	3.039699999999999847e+00	8.044405116241649945e-02	4.325380000000000197e-02	5.173515630705699531e-02
2.030840000000000032e+02	4.052999999999999936e+00	1.827577159759409889e-02	1.810890000000000069e-02	2.816346202413522182e-02
2.232489999999999952e+02	4.052999999999999936e+00	2.281662262145829970e-02	2.274239999999999942e-02	3.302729202585674706e-02
2.481750000000000114e+02	4.052999999999999936e+00	2.743778701297100095e-02	2.742040000000000102e-02	4.087515448777645499e-02
2.731499999999999773e+02	4.052999999999999936e+00	3.159224670663460244e-02	3.161309999999999815e-02	4.824654850176096632e-02
2.981419999999999959e+02	4.052999999999999936e+00	3.554195293932659733e-02	3.554340000000000277e-02	5.216272627471418843e-02
3.231399999999999864e+02	4.052999999999999936e+00	3.932639856864490052e-02	3.930940000000000129e-02	5.328263294372079240e-02
1.760000000000000000e+02	2.796199999999999797e+00	2.081329360047829910e-02	2.083219999999999864e-02	3.458769719246962415e-02
1.800000000000000000e+02	2.933499999999999996e+00	2.082580827461009976e-02	2.084329999999999863e-02	3.322029504833043378e-02
1.840000000000000000e+02	3.068299999999999805e+00	2.083833800751139914e-02	2.085100000000000148e-02	3.222425286301322522e-02
1.880000000000000000e+02	3.200800000000000090e+00	2.085018549576020050e-02	2.086139999999999869e-02	3.135556967191949207e-02
1.920000000000000000e+02	3.331599999999999895e+00	2.086274458751550057e-02	2.087200000000000166e-02	3.065423185379778648e-02
1.960000000000000000e+02	3.460999999999999854e+00	2.087531881830659991e-02	2.088270000000000057e-02	3.042566673285537759e-02
2.000000000000000000e+02	3.588999999999999968e+00	2.088860807172579839e-02	2.089509999999999978e-02	3.013274482830829992e-02
2.040000000000000000e+02	3.715800000000000214e+00	2.089911154532959892e-02	2.090850000000000000e-02	3.007193592169521423e-02
2.080000000000000000e+02	3.841699999999999893e+00	2.091172966520399995e-02	2.092120000000000091e-02	3.025624904042484298e-02
2.120000000000000000e+02	3.966499999999999915e+00	2.092366077690719847e-02	2.093530000000000044e-02	3.031638829009924985e-02
2.160000000000000000e+02	4.090700000000000003e+00	2.093560551088780031e-02	2.094779999999999906e-02	3.085333844577986540e-02
2.200000000000000000e+02	4.214199999999999946e+00	2.094826775003279934e-02	2.095990000000000006e-02	3.134497514428297160e-02
2.250000000000000000e+02	4.367300000000000182e+00	2.096376463595709880e-02	2.097689999999999971e-02	3.235539927573849450e-02
2.303000000000000114e+02	4.519599999999999618e+00	2.097928446709719855e-02	2.104750000000000024e-02	3.310170211364249493e-02
1.840000000000000000e+02	3.515600000000000058e+00	1.567144428406630138e-02	1.582599999999999979e-02	3.036958193064911993e-02
1.880000000000000000e+02	3.709600000000000009e+00	1.568169324149129920e-02	1.579459999999999892e-02	2.926937538146623385e-02
1.920000000000000000e+02	3.898899999999999810e+00	1.569195561310660070e-02	1.578080000000000108e-02	2.833797712209171205e-02
1.960000000000000000e+02	4.089999999999999858e+00	1.570183595287059919e-02	1.573779999999999971e-02	2.734227043230580412e-02
2.000000000000000000e+02	4.275000000000000355e+00	1.571054094974489931e-02	1.572979999999999864e-02	2.715595068527681955e-02
2.040000000000000000e+02	4.455599999999999561e+00	1.572203047633850131e-02	1.573950000000000002e-02	2.682141966037251968e-02
1.920000000000000000e+02	4.277000000000000135e+00	1.265382687914770078e-02	1.275090000000000078e-02	2.686084568423313668e-02
1.960000000000000000e+02	4.522100000000000009e+00	1.266230799635889928e-02	1.274050000000000009e-02	2.567920465251849471e-02
1.920000000000000000e+02	4.537099999999999689e+00	1.048188231797850083e-02	1.053379999999999941e-02	2.553190492678342194e-02
2.250000000000000000e+02	9.966000000000000414e-01	1.054392836741860004e-02	1.117589999999999972e-01	4.840113244574803519e-02
