# Temperature (K)	Pressure (MPa)	Experimental(J/mol*K)	NIST(J/mol*K)	Model(J/mol*K)
2.942599999999999909e+02	0.000000000000000000e+00	3.559660000000000224e+01	3.556640000000000157e+01	3.651537235028285977e+00
2.942599999999999909e+02	1.719999999999999973e+00	3.722800000000000153e+01	3.732690000000000197e+01	2.135828276726496711e+01
2.942599999999999909e+02	3.450000000000000178e+00	3.900719999999999743e+01	3.935609999999999786e+01	3.866976363174836706e+01
3.109300000000000068e+02	0.000000000000000000e+00	3.625450000000000017e+01	3.620420000000000016e+01	-1.090126155548503561e+01
3.109300000000000068e+02	1.719999999999999973e+00	3.768460000000000321e+01	3.771249999999999858e+01	5.894666905170481641e+00
3.109300000000000068e+02	3.450000000000000178e+00	3.924219999999999686e+01	3.939690000000000225e+01	2.371528311385719689e+01
3.275899999999999750e+02	0.000000000000000000e+00	3.695949999999999847e+01	3.691270000000000095e+01	-2.619609486750931637e+01
3.275899999999999750e+02	1.719999999999999973e+00	3.821490000000000009e+01	3.822030000000000172e+01	-9.565729559543058258e+00
3.275899999999999750e+02	3.450000000000000178e+00	3.956439999999999912e+01	3.964549999999999841e+01	5.713259739566240114e+00
3.442599999999999909e+02	0.000000000000000000e+00	3.773160000000000025e+01	3.768430000000000035e+01	-4.364733412168175164e+01
3.442599999999999909e+02	1.719999999999999973e+00	3.881920000000000215e+01	3.882900000000000063e+01	-2.779021759303850558e+01
3.442599999999999909e+02	3.450000000000000178e+00	4.000079999999999814e+01	4.005319999999999681e+01	-1.099684965263315917e+01
3.609300000000000068e+02	0.000000000000000000e+00	3.859089999999999776e+01	3.850970000000000226e+01	-6.324338118129452369e+01
3.609300000000000068e+02	1.719999999999999973e+00	3.953090000000000259e+01	3.952040000000000219e+01	-4.810651547686234153e+01
3.609300000000000068e+02	3.450000000000000178e+00	4.055140000000000100e+01	4.058509999999999707e+01	-2.981581649240007437e+01
3.775899999999999750e+02	0.000000000000000000e+00	3.947710000000000008e+01	3.937989999999999924e+01	-8.159065926457984119e+01
3.775899999999999750e+02	1.719999999999999973e+00	4.031640000000000157e+01	4.027890000000000015e+01	-6.708396606656248196e+01
3.775899999999999750e+02	3.450000000000000178e+00	4.120259999999999678e+01	4.121450000000000102e+01	-4.712196070455576091e+01
1.800000000000000000e+02	3.200000000000000178e+00	1.277547900000000027e+03	1.034530000000000030e+02	1.047664233202964823e+02
1.805000000000000000e+02	3.200000000000000178e+00	9.664186999999999443e+02	9.820130000000000337e+01	1.126922195358443162e+02
1.805999999999999943e+02	3.200000000000000178e+00	9.712496999999999616e+02	9.725650000000000261e+01	1.124941435442228510e+02
1.855000000000000000e+02	3.200000000000000178e+00	7.256199999999999761e+01	7.180429999999999779e+01	1.339953245522254122e+02
1.931999999999999886e+02	3.200000000000000178e+00	5.798859999999999815e+01	5.785020000000000095e+01	1.263123299557790915e+02
1.930999999999999943e+02	3.200000000000000178e+00	5.810099999999999909e+01	5.796350000000000335e+01	1.264133796645295718e+02
2.029000000000000057e+02	3.200000000000000178e+00	5.020439999999999969e+01	5.030830000000000268e+01	1.165883805398069626e+02
2.029000000000000057e+02	3.200000000000000178e+00	5.002790000000000248e+01	5.030830000000000268e+01	1.165921742489936719e+02
1.553700000000000045e+02	1.030000000000000027e+00	4.209550000000000125e+01	4.348660000000000281e+01	1.397188451000355087e+02
1.609300000000000068e+02	1.030000000000000027e+00	4.048420000000000130e+01	4.165720000000000312e+01	1.344435918194344879e+02
1.664799999999999898e+02	1.030000000000000027e+00	3.934290000000000020e+01	4.037669999999999959e+01	1.288772357836035383e+02
1.720399999999999920e+02	1.030000000000000027e+00	3.853719999999999857e+01	3.940959999999999752e+01	1.237281881751608523e+02
1.775900000000000034e+02	1.030000000000000027e+00	3.800010000000000332e+01	3.865540000000000020e+01	1.189128675170151723e+02
1.831500000000000057e+02	1.030000000000000027e+00	3.759729999999999706e+01	3.805330000000000013e+01	1.140888706054313957e+02
1.887100000000000080e+02	1.030000000000000027e+00	3.726160000000000139e+01	3.756830000000000069e+01	1.092648736938476191e+02
1.942599999999999909e+02	1.030000000000000027e+00	3.699300000000000210e+01	3.717569999999999908e+01	1.033673668150542539e+02
1.998199999999999932e+02	1.030000000000000027e+00	3.672449999999999903e+01	3.685620000000000118e+01	9.696713346842355463e+01
2.053700000000000045e+02	1.030000000000000027e+00	3.652309999999999945e+01	3.659779999999999944e+01	9.081616718211486727e+01
2.109300000000000068e+02	1.030000000000000027e+00	3.638880000000000337e+01	3.638949999999999818e+01	8.645140502066115573e+01
2.164799999999999898e+02	1.030000000000000027e+00	3.625450000000000017e+01	3.622480000000000189e+01	8.081727538311412218e+01
2.220399999999999920e+02	1.030000000000000027e+00	3.605310000000000059e+01	3.609709999999999752e+01	7.572595326103390789e+01
2.275900000000000034e+02	1.030000000000000027e+00	3.598599999999999710e+01	3.600240000000000151e+01	6.996749774512539943e+01
2.331500000000000057e+02	1.030000000000000027e+00	3.591879999999999740e+01	3.593690000000000140e+01	6.375961292433956373e+01
2.387100000000000080e+02	1.030000000000000027e+00	3.591879999999999740e+01	3.589789999999999992e+01	5.797871564516009357e+01
2.442599999999999909e+02	1.030000000000000027e+00	3.585170000000000101e+01	3.588309999999999889e+01	5.228347654812102974e+01
2.498199999999999932e+02	1.030000000000000027e+00	3.591879999999999740e+01	3.589039999999999964e+01	4.716378801569679524e+01
2.553700000000000045e+02	1.030000000000000027e+00	3.591879999999999740e+01	3.591819999999999879e+01	4.309293412894237463e+01
2.609300000000000068e+02	1.030000000000000027e+00	3.598599999999999710e+01	3.596529999999999916e+01	3.873899998396922228e+01
2.664800000000000182e+02	1.030000000000000027e+00	3.605310000000000059e+01	3.603029999999999688e+01	3.494093036900414972e+01
2.720400000000000205e+02	1.030000000000000027e+00	3.612019999999999698e+01	3.611229999999999762e+01	2.964070818703402210e+01
2.775899999999999750e+02	1.030000000000000027e+00	3.618739999999999668e+01	3.621000000000000085e+01	2.584446747605089456e+01
2.831499999999999773e+02	1.030000000000000027e+00	3.625450000000000017e+01	3.632309999999999661e+01	2.248980002862488448e+01
1.720399999999999920e+02	2.069999999999999840e+00	5.545600000000000307e+01	5.519189999999999685e+01	1.363343050747931215e+02
1.775900000000000034e+02	2.069999999999999840e+00	5.062210000000000321e+01	5.015529999999999688e+01	1.309406161128661665e+02
1.831500000000000057e+02	2.069999999999999840e+00	4.733229999999999649e+01	4.703629999999999711e+01	1.255372087924492348e+02
1.887100000000000080e+02	2.069999999999999840e+00	4.491530000000000200e+01	4.487409999999999854e+01	1.197783765182797140e+02
1.942599999999999909e+02	2.069999999999999840e+00	4.323689999999999856e+01	4.327980000000000160e+01	1.141524062287694790e+02
1.998199999999999932e+02	2.069999999999999840e+00	4.189410000000000167e+01	4.205490000000000350e+01	1.084996978948210540e+02
2.053700000000000045e+02	2.069999999999999840e+00	4.081989999999999696e+01	4.109449999999999648e+01	1.026733532090491963e+02
2.109300000000000068e+02	2.069999999999999840e+00	4.001420000000000243e+01	4.032670000000000243e+01	9.678685000115785897e+01
2.164799999999999898e+02	2.069999999999999840e+00	3.934290000000000020e+01	3.970889999999999986e+01	9.105188835842486128e+01
2.220399999999999920e+02	2.069999999999999840e+00	3.887290000000000134e+01	3.920720000000000027e+01	8.548140164391153917e+01
2.275900000000000034e+02	2.069999999999999840e+00	3.847010000000000218e+01	3.880060000000000286e+01	7.985910480102643305e+01
2.331500000000000057e+02	2.069999999999999840e+00	3.820150000000000290e+01	3.847090000000000032e+01	7.435118566881470770e+01
2.387100000000000080e+02	2.069999999999999840e+00	3.793299999999999983e+01	3.820620000000000260e+01	6.912796968064361636e+01
2.442599999999999909e+02	2.069999999999999840e+00	3.773160000000000025e+01	3.799689999999999657e+01	6.420290836992450068e+01
2.498199999999999932e+02	2.069999999999999840e+00	3.759729999999999706e+01	3.783489999999999753e+01	5.914314217904191651e+01
2.553700000000000045e+02	2.069999999999999840e+00	3.753009999999999735e+01	3.771470000000000056e+01	5.423115609648334612e+01
2.609300000000000068e+02	2.069999999999999840e+00	3.746300000000000097e+01	3.763089999999999691e+01	4.936710849752671493e+01
2.664800000000000182e+02	2.069999999999999840e+00	3.739589999999999748e+01	3.757990000000000208e+01	4.456859608290875485e+01
2.720400000000000205e+02	2.069999999999999840e+00	3.739589999999999748e+01	3.755830000000000268e+01	4.052416817805217875e+01
2.775899999999999750e+02	2.069999999999999840e+00	3.739589999999999748e+01	3.756320000000000192e+01	3.571736481189458345e+01
2.831499999999999773e+02	2.069999999999999840e+00	3.732869999999999777e+01	3.759250000000000114e+01	3.183879948911595648e+01
1.775900000000000034e+02	2.410000000000000142e+00	5.814150000000000063e+01	5.803629999999999711e+01	1.325890894511233569e+02
1.831500000000000057e+02	2.410000000000000142e+00	5.270329999999999870e+01	5.221710000000000207e+01	1.270256523814687171e+02
1.887100000000000080e+02	2.410000000000000142e+00	4.921220000000000283e+01	4.865370000000000061e+01	1.216306752917763276e+02
1.942599999999999909e+02	2.410000000000000142e+00	4.666089999999999804e+01	4.620889999999999986e+01	1.158724114695229161e+02
1.998199999999999932e+02	2.410000000000000142e+00	4.464679999999999893e+01	4.441360000000000241e+01	1.102285241895213233e+02
2.053700000000000045e+02	2.410000000000000142e+00	4.310260000000000247e+01	4.304760000000000275e+01	1.046123519439162237e+02
2.109300000000000068e+02	2.410000000000000142e+00	4.175979999999999848e+01	4.197740000000000293e+01	9.893408913634735313e+01
2.164799999999999898e+02	2.410000000000000142e+00	4.081989999999999696e+01	4.112769999999999726e+01	9.336153115700889771e+01
2.220399999999999920e+02	2.410000000000000142e+00	4.008140000000000214e+01	4.044290000000000163e+01	8.779487075917126049e+01
2.275900000000000034e+02	2.410000000000000142e+00	3.954429999999999978e+01	3.988929999999999865e+01	8.275876931599722752e+01
2.331500000000000057e+02	2.410000000000000142e+00	3.907430000000000092e+01	3.943910000000000338e+01	7.769157612873024732e+01
2.387100000000000080e+02	2.410000000000000142e+00	3.873859999999999815e+01	3.907430000000000092e+01	7.271181079380130541e+01
2.442599999999999909e+02	2.410000000000000142e+00	3.847010000000000218e+01	3.878110000000000213e+01	6.811774701390396558e+01
2.498199999999999932e+02	2.410000000000000142e+00	3.826870000000000260e+01	3.854760000000000275e+01	6.254282064629657611e+01
2.553700000000000045e+02	2.410000000000000142e+00	3.813439999999999941e+01	3.836610000000000298e+01	5.756846348912927169e+01
2.609300000000000068e+02	2.410000000000000142e+00	3.800010000000000332e+01	3.822910000000000252e+01	5.255105075962262617e+01
2.664800000000000182e+02	2.410000000000000142e+00	3.793299999999999983e+01	3.813179999999999836e+01	4.849690349656313515e+01
2.720400000000000205e+02	2.410000000000000142e+00	3.786580000000000013e+01	3.806929999999999836e+01	4.391112284076712058e+01
2.775899999999999750e+02	2.410000000000000142e+00	3.786580000000000013e+01	3.803820000000000334e+01	3.912264113983309244e+01
2.831499999999999773e+02	2.410000000000000142e+00	3.779869999999999663e+01	3.803529999999999944e+01	3.480464637103941072e+01
1.831500000000000057e+02	3.100000000000000089e+00	7.499309999999999832e+01	7.413429999999999609e+01	1.339115901453943138e+02
1.887100000000000080e+02	3.100000000000000089e+00	6.196840000000000259e+01	6.141389999999999816e+01	1.290184972855940941e+02
1.942599999999999909e+02	3.100000000000000089e+00	5.491890000000000072e+01	5.495389999999999731e+01	1.240315308129014795e+02
1.998199999999999932e+02	3.100000000000000089e+00	5.075630000000000308e+01	5.092960000000000065e+01	1.184561348069248083e+02
2.053700000000000045e+02	3.100000000000000089e+00	4.786939999999999884e+01	4.816129999999999711e+01	1.128829527763752480e+02
2.109300000000000068e+02	3.100000000000000089e+00	4.578810000000000002e+01	4.613170000000000215e+01	1.072997289764012407e+02
2.164799999999999898e+02	3.100000000000000089e+00	4.424389999999999645e+01	4.459109999999999729e+01	1.016147412620983914e+02
2.220399999999999920e+02	3.100000000000000089e+00	4.310260000000000247e+01	4.338669999999999760e+01	9.604627035694556980e+01
2.275900000000000034e+02	3.100000000000000089e+00	4.216270000000000095e+01	4.243189999999999884e+01	9.048781468723365151e+01
2.331500000000000057e+02	3.100000000000000089e+00	4.135699999999999932e+01	4.166320000000000334e+01	8.481124994844321918e+01
2.387100000000000080e+02	3.100000000000000089e+00	4.075280000000000058e+01	4.104099999999999682e+01	7.925791756722145465e+01
2.442599999999999909e+02	3.100000000000000089e+00	4.021569999999999823e+01	4.053670000000000329e+01	7.378588150627786035e+01
2.498199999999999932e+02	3.100000000000000089e+00	3.981280000000000285e+01	4.012680000000000291e+01	6.850813532372677628e+01
2.553700000000000045e+02	3.100000000000000089e+00	3.954429999999999978e+01	3.979659999999999798e+01	6.382190497604437951e+01
2.609300000000000068e+02	3.100000000000000089e+00	3.934290000000000020e+01	3.953260000000000218e+01	5.952657123975711784e+01
2.664800000000000182e+02	3.100000000000000089e+00	3.914150000000000063e+01	3.932609999999999673e+01	5.504599232970488742e+01
2.720400000000000205e+02	3.100000000000000089e+00	3.900719999999999743e+01	3.916850000000000165e+01	5.034811809599858634e+01
2.775899999999999750e+02	3.100000000000000089e+00	3.893999999999999773e+01	3.905429999999999779e+01	4.646486666458253012e+01
2.831499999999999773e+02	3.100000000000000089e+00	3.887290000000000134e+01	3.897809999999999775e+01	4.200741193652891070e+01
1.887100000000000080e+02	3.790000000000000036e+00	1.001698999999999984e+02	9.771469999999999345e+01	1.320493083926555755e+02
1.942599999999999909e+02	3.790000000000000036e+00	7.324760000000000559e+01	7.219110000000000582e+01	1.269989981714682870e+02
1.998199999999999932e+02	3.790000000000000036e+00	6.196840000000000259e+01	6.165740000000000265e+01	1.216866810712564586e+02
2.053700000000000045e+02	3.790000000000000036e+00	5.572449999999999903e+01	5.571959999999999980e+01	1.163961904558457547e+02
2.109300000000000068e+02	3.790000000000000036e+00	5.156199999999999761e+01	5.184250000000000114e+01	1.109918884730025752e+02
2.164799999999999898e+02	3.790000000000000036e+00	4.874219999999999686e+01	4.911030000000000229e+01	1.055945541525502449e+02
2.220399999999999920e+02	3.790000000000000036e+00	4.666089999999999804e+01	4.707900000000000063e+01	1.005007021558252234e+02
2.275900000000000034e+02	3.790000000000000036e+00	4.504959999999999809e+01	4.552360000000000184e+01	9.606783173664463504e+01
2.331500000000000057e+02	3.790000000000000036e+00	4.397540000000000049e+01	4.430049999999999955e+01	9.182993302182434547e+01
2.387100000000000080e+02	3.790000000000000036e+00	4.303549999999999898e+01	4.332529999999999859e+01	8.622902569681650675e+01
2.442599999999999909e+02	3.790000000000000036e+00	4.222979999999999734e+01	4.254070000000000107e+01	8.072574331817912707e+01
2.498199999999999932e+02	3.790000000000000036e+00	4.155839999999999890e+01	4.190310000000000201e+01	7.547963039747983771e+01
2.553700000000000045e+02	3.790000000000000036e+00	4.108850000000000335e+01	4.138559999999999661e+01	7.058204091706039662e+01
2.609300000000000068e+02	3.790000000000000036e+00	4.075280000000000058e+01	4.096479999999999677e+01	6.583237880248299234e+01
2.664800000000000182e+02	3.790000000000000036e+00	4.041709999999999781e+01	4.062579999999999814e+01	6.136745344665945368e+01
2.720400000000000205e+02	3.790000000000000036e+00	4.021569999999999823e+01	4.035470000000000113e+01	5.774130834587997185e+01
2.775899999999999750e+02	3.790000000000000036e+00	4.014849999999999852e+01	4.014280000000000115e+01	5.309868341699282723e+01
2.831499999999999773e+02	3.790000000000000036e+00	4.008140000000000214e+01	3.998129999999999740e+01	4.832020821912635711e+01
1.887100000000000080e+02	4.139999999999999680e+00	1.645552000000000135e+02	1.762400000000000091e+02	1.321973678340711729e+02
1.942599999999999909e+02	4.139999999999999680e+00	9.144199999999999307e+01	8.983509999999999707e+01	1.302493066445250633e+02
1.998199999999999932e+02	4.139999999999999680e+00	7.177049999999999841e+01	7.029269999999999641e+01	1.255558082499584600e+02
2.053700000000000045e+02	4.139999999999999680e+00	6.190120000000000289e+01	6.110349999999999682e+01	1.207411371414050336e+02
2.109300000000000068e+02	4.139999999999999680e+00	5.559029999999999916e+01	5.561899999999999977e+01	1.158087195947007046e+02
2.164799999999999898e+02	4.139999999999999680e+00	5.156199999999999761e+01	5.195329999999999870e+01	1.108987024033169178e+02
2.220399999999999920e+02	4.139999999999999680e+00	4.887650000000000006e+01	4.931969999999999743e+01	1.059798383341108092e+02
2.275900000000000034e+02	4.139999999999999680e+00	4.686229999999999762e+01	4.734949999999999903e+01	1.010639960034142462e+02
2.331500000000000057e+02	4.139999999999999680e+00	4.545239999999999725e+01	4.582529999999999859e+01	9.503463879844736084e+01
2.387100000000000080e+02	4.139999999999999680e+00	4.424389999999999645e+01	4.462360000000000326e+01	8.954615339060183032e+01
2.442599999999999909e+02	4.139999999999999680e+00	4.337109999999999843e+01	4.366380000000000194e+01	8.400977428107069045e+01
2.498199999999999932e+02	4.139999999999999680e+00	4.269980000000000331e+01	4.288689999999999714e+01	7.844152232506453970e+01
2.553700000000000045e+02	4.139999999999999680e+00	4.202839999999999776e+01	4.225699999999999790e+01	7.332119821600892351e+01
2.609300000000000068e+02	4.139999999999999680e+00	4.155839999999999890e+01	4.174349999999999739e+01	6.877373416589850308e+01
2.664800000000000182e+02	4.139999999999999680e+00	4.102129999999999654e+01	4.132719999999999771e+01	6.430255427606448393e+01
2.720400000000000205e+02	4.139999999999999680e+00	4.075280000000000058e+01	4.099090000000000344e+01	6.092614740317640099e+01
2.775899999999999750e+02	4.139999999999999680e+00	4.061849999999999739e+01	4.072319999999999851e+01	5.649266444968861833e+01
2.831499999999999773e+02	4.139999999999999680e+00	4.048420000000000130e+01	4.051359999999999673e+01	5.143497527835009464e+01
1.887100000000000080e+02	4.309999999999999609e+00	3.519374000000000251e+02	4.166030000000000086e+02	1.308433370714656689e+02
1.942599999999999909e+02	4.309999999999999609e+00	1.011098000000000070e+02	1.037669999999999959e+02	1.308308550560878984e+02
1.998199999999999932e+02	4.309999999999999609e+00	7.727580000000000382e+01	7.584499999999999886e+01	1.255096383969670057e+02
2.053700000000000045e+02	4.309999999999999609e+00	6.559380000000000166e+01	6.427589999999999293e+01	1.209673785167889406e+02
2.109300000000000068e+02	4.309999999999999609e+00	5.820859999999999701e+01	5.773930000000000007e+01	1.167337231569670877e+02
2.164799999999999898e+02	4.309999999999999609e+00	5.324040000000000106e+01	5.350169999999999959e+01	1.113775938049281535e+02
2.220399999999999920e+02	4.309999999999999609e+00	5.015209999999999724e+01	5.051469999999999771e+01	1.048773901888195326e+02
2.275900000000000034e+02	4.309999999999999609e+00	4.773510000000000275e+01	4.830859999999999843e+01	9.907823562630616721e+01
2.331500000000000057e+02	4.309999999999999609e+00	4.625809999999999889e+01	4.661690000000000111e+01	9.466436375674354053e+01
2.387100000000000080e+02	4.309999999999999609e+00	4.504959999999999809e+01	4.529140000000000299e+01	8.946068936935549232e+01
2.442599999999999909e+02	4.309999999999999609e+00	4.370680000000000121e+01	4.423709999999999809e+01	8.460291992087982749e+01
2.498199999999999932e+02	4.309999999999999609e+00	4.310260000000000247e+01	4.338609999999999900e+01	7.956615534773439435e+01
2.553700000000000045e+02	4.309999999999999609e+00	4.236410000000000053e+01	4.269689999999999941e+01	7.561275904858530339e+01
2.609300000000000068e+02	4.309999999999999609e+00	4.175979999999999848e+01	4.213479999999999848e+01	7.212255527278452405e+01
2.664800000000000182e+02	4.309999999999999609e+00	4.135699999999999932e+01	4.167840000000000344e+01	6.876389628495898876e+01
2.720400000000000205e+02	4.309999999999999609e+00	4.102129999999999654e+01	4.130830000000000268e+01	6.455905400508044067e+01
2.775899999999999750e+02	4.309999999999999609e+00	4.081989999999999696e+01	4.101209999999999667e+01	5.997663928115252929e+01
2.831499999999999773e+02	4.309999999999999609e+00	4.075280000000000058e+01	4.077779999999999916e+01	5.488507815455034233e+01
