# Temperature (K)	Pressure (MPa)	Experimental(kJ/mol)	NIST(kJ/mol)	Model(kJ/mol)
1.300000000000000000e+02	5.000000000000000000e+00	5.667999999999999705e-01	1.141750000000000043e+00	1.743888701165016819e+00
1.400000000000000000e+02	5.000000000000000000e+00	1.150500000000000078e+00	1.720809999999999951e+00	2.337477106111332859e+00
1.500000000000000000e+02	5.000000000000000000e+00	1.758099999999999996e+00	2.320629999999999971e+00	2.932591327257126679e+00
1.600000000000000000e+02	5.000000000000000000e+00	2.397699999999999942e+00	2.951430000000000220e+00	3.528596303259972977e+00
1.700000000000000000e+02	5.000000000000000000e+00	3.089799999999999880e+00	3.633010000000000073e+00	4.124273006400687613e+00
1.800000000000000000e+02	5.000000000000000000e+00	3.888399999999999856e+00	4.414220000000000255e+00	4.719548378321231752e+00
1.850000000000000000e+02	5.000000000000000000e+00	4.368999999999999773e+00	4.888440000000000119e+00	5.013390213806200535e+00
1.900000000000000000e+02	5.000000000000000000e+00	5.034799999999999720e+00	5.535330000000000084e+00	5.311061556110413306e+00
1.500000000000000000e+02	3.200000000000000178e+00	6.100999999999999757e-01	2.303119999999999834e+00	2.895928900240296144e+00
1.600000000000000000e+02	3.200000000000000178e+00	1.269400000000000084e+00	2.953440000000000065e+00	3.492086554018163369e+00
1.700000000000000000e+02	3.200000000000000178e+00	1.997500000000000053e+00	3.676349999999999785e+00	4.090444046721506410e+00
1.750000000000000000e+02	3.200000000000000178e+00	2.435400000000000009e+00	4.092810000000000059e+00	4.389582586862613489e+00
9.981999999999999318e+01	3.400000000000000244e-01	0.000000000000000000e+00	-6.481959999999999944e-01	-1.662359975602871742e-01
1.053700000000000045e+02	3.400000000000000244e-01	2.985999999999999766e-01	-3.436589999999999923e-01	1.658234270368792451e-01
1.109300000000000068e+02	3.400000000000000244e-01	6.008999999999999897e-01	-3.555090000000000333e-02	4.987125457735803735e-01
1.164800000000000040e+02	3.400000000000000244e-01	9.069000000000000394e-01	2.755270000000000219e-01	8.304624215783320551e-01
1.220400000000000063e+02	3.400000000000000244e-01	1.216599999999999904e+00	5.913249999999999895e-01	1.162726593179623791e+00
9.981999999999999318e+01	6.899999999999999467e-01	0.000000000000000000e+00	-6.394060000000000299e-01	-1.577617522629584101e-01
1.053700000000000045e+02	6.899999999999999467e-01	2.985999999999999766e-01	-3.351299999999999835e-01	1.737721494347219675e-01
1.109300000000000068e+02	6.899999999999999467e-01	6.008999999999999897e-01	-2.734119999999999953e-02	5.062634087692678975e-01
1.164800000000000040e+02	6.899999999999999467e-01	9.069000000000000394e-01	2.833450000000000135e-01	8.380336960306982164e-01
1.220400000000000063e+02	6.899999999999999467e-01	1.216599999999999904e+00	5.986540000000000195e-01	1.170111643399443402e+00
1.275900000000000034e+02	6.899999999999999467e-01	1.533900000000000041e+00	9.182360000000000522e-01	1.501715418904444377e+00
1.331500000000000057e+02	6.899999999999999467e-01	1.858500000000000041e+00	1.244289999999999896e+00	1.833786159024584528e+00
1.387100000000000080e+02	6.899999999999999467e-01	2.190700000000000092e+00	1.577700000000000102e+00	2.165843037654024528e+00
9.981999999999999318e+01	1.030000000000000027e+00	0.000000000000000000e+00	-6.308580000000000298e-01	-1.508120333761162613e-01
1.053700000000000045e+02	1.030000000000000027e+00	2.985999999999999766e-01	-3.268320000000000114e-01	1.807763430629156787e-01
1.109300000000000068e+02	1.030000000000000027e+00	6.008999999999999897e-01	-1.934810000000000002e-02	5.139813886541402255e-01
1.164800000000000040e+02	1.030000000000000027e+00	9.031000000000000139e-01	2.909630000000000272e-01	8.454759925215977745e-01
1.220400000000000063e+02	1.030000000000000027e+00	1.212900000000000089e+00	6.058069999999999844e-01	1.177567883963591022e+00
1.275900000000000034e+02	1.030000000000000027e+00	1.530100000000000016e+00	9.248039999999999594e-01	1.509175370963136587e+00
1.331500000000000057e+02	1.030000000000000027e+00	1.854800000000000004e+00	1.250110000000000054e+00	1.841316818430766666e+00
1.387100000000000080e+02	1.030000000000000027e+00	2.186999999999999833e+00	1.582529999999999992e+00	2.173392718744771912e+00
1.442599999999999909e+02	1.030000000000000027e+00	2.537799999999999834e+00	1.923359999999999959e+00	2.504704725413686717e+00
9.981999999999999318e+01	1.379999999999999893e+00	0.000000000000000000e+00	-6.220489999999999631e-01	-1.416169988803011037e-01
1.053700000000000045e+02	1.379999999999999893e+00	2.985999999999999766e-01	-3.182760000000000034e-01	1.902748930524138515e-01
1.109300000000000068e+02	1.379999999999999893e+00	5.970999999999999641e-01	-1.110180000000000021e-02	5.223045797919505517e-01
1.164800000000000040e+02	1.379999999999999893e+00	9.031000000000000139e-01	2.988310000000000133e-01	8.539650599549197807e-01
1.220400000000000063e+02	1.379999999999999893e+00	1.212900000000000089e+00	6.132039999999999713e-01	1.185974903738980402e+00
1.275900000000000034e+02	1.379999999999999893e+00	1.530100000000000016e+00	9.316119999999999957e-01	1.517387607516234915e+00
1.331500000000000057e+02	1.379999999999999893e+00	1.854800000000000004e+00	1.256159999999999943e+00	1.849397451300296424e+00
1.387100000000000080e+02	1.379999999999999893e+00	2.186999999999999833e+00	1.587599999999999900e+00	2.181404886147536359e+00
1.442599999999999909e+02	1.379999999999999893e+00	2.533999999999999808e+00	1.927110000000000101e+00	2.512816796785628526e+00
1.498199999999999932e+02	1.379999999999999893e+00	2.884799999999999809e+00	2.278579999999999828e+00	2.844825846001446834e+00
1.553700000000000045e+02	1.379999999999999893e+00	3.250599999999999934e+00	2.644829999999999792e+00	3.175882809361734616e+00
9.981999999999999318e+01	1.719999999999999973e+00	0.000000000000000000e+00	-6.134819999999999718e-01	-1.345606626986333154e-01
1.053700000000000045e+02	1.719999999999999973e+00	2.985999999999999766e-01	-3.099520000000000053e-01	1.977860016607726479e-01
1.109300000000000068e+02	1.719999999999999973e+00	5.970999999999999641e-01	-3.073719999999999838e-03	5.301721681372839612e-01
1.164800000000000040e+02	1.719999999999999973e+00	9.031000000000000139e-01	3.064970000000000194e-01	8.615977316504919159e-01
1.220400000000000063e+02	1.719999999999999973e+00	1.212900000000000089e+00	6.204229999999999468e-01	1.193779624117230043e+00
1.275900000000000034e+02	1.719999999999999973e+00	1.530100000000000016e+00	9.382709999999999662e-01	1.525285755838984514e+00
1.331500000000000057e+02	1.719999999999999973e+00	1.854800000000000004e+00	1.262110000000000065e+00	1.857338183092582362e+00
1.387100000000000080e+02	1.719999999999999973e+00	2.186999999999999833e+00	1.592619999999999925e+00	2.189344716071635943e+00
1.442599999999999909e+02	1.719999999999999973e+00	2.530299999999999994e+00	1.930889999999999995e+00	2.520754114998567275e+00
1.498199999999999932e+02	1.719999999999999973e+00	2.881099999999999994e+00	2.280640000000000001e+00	2.852760647977619968e+00
1.553700000000000045e+02	1.719999999999999973e+00	3.239399999999999835e+00	2.644359999999999822e+00	3.183668014104468647e+00
1.609300000000000068e+02	1.719999999999999973e+00	3.627499999999999947e+00	3.029669999999999863e+00	3.515029976705332793e+00
9.981999999999999318e+01	2.069999999999999840e+00	0.000000000000000000e+00	-6.046529999999999960e-01	-1.263641055713939920e-01
1.053700000000000045e+02	2.069999999999999840e+00	2.985999999999999766e-01	-3.013700000000000268e-01	2.059183230684045185e-01
1.109300000000000068e+02	2.069999999999999840e+00	5.970999999999999641e-01	5.207960000000000193e-03	5.382557855852860840e-01
1.164800000000000040e+02	2.069999999999999840e+00	9.031000000000000139e-01	3.144129999999999980e-01	8.700465175989862132e-01
1.220400000000000063e+02	2.069999999999999840e+00	1.212900000000000089e+00	6.278860000000000552e-01	1.202290801141434606e+00
1.275900000000000034e+02	2.069999999999999840e+00	1.530100000000000016e+00	9.451709999999999834e-01	1.533709084938706724e+00
1.331500000000000057e+02	2.069999999999999840e+00	1.854800000000000004e+00	1.268289999999999917e+00	1.865679128705141743e+00
1.387100000000000080e+02	2.069999999999999840e+00	2.186999999999999833e+00	1.597869999999999902e+00	2.197609340566074820e+00
1.442599999999999909e+02	2.069999999999999840e+00	2.522800000000000153e+00	1.934919999999999973e+00	2.528945409218552598e+00
1.498199999999999932e+02	2.069999999999999840e+00	2.873600000000000154e+00	2.282970000000000166e+00	2.860750894610139206e+00
1.553700000000000045e+02	2.069999999999999840e+00	3.231899999999999995e+00	2.644239999999999924e+00	3.191638479421901486e+00
1.609300000000000068e+02	2.069999999999999840e+00	3.616299999999999848e+00	3.025700000000000056e+00	3.523530066370308411e+00
1.664799999999999898e+02	2.069999999999999840e+00	4.026799999999999713e+00	3.436409999999999965e+00	3.852021939640458470e+00
9.981999999999999318e+01	2.410000000000000142e+00	3.700000000000000164e-03	-5.960680000000000422e-01	-1.164683118759510805e-01
1.053700000000000045e+02	2.410000000000000142e+00	3.023000000000000131e-01	-2.930209999999999759e-01	2.145845892187896453e-01
1.109300000000000068e+02	2.410000000000000142e+00	6.008999999999999897e-01	1.326970000000000059e-02	5.468200157596170286e-01
1.164800000000000040e+02	2.410000000000000142e+00	9.069000000000000394e-01	3.221249999999999947e-01	8.779927604900619187e-01
1.220400000000000063e+02	2.410000000000000142e+00	1.216599999999999904e+00	6.351670000000000371e-01	1.209561725671557397e+00
1.275900000000000034e+02	2.410000000000000142e+00	1.533900000000000041e+00	9.519159999999999844e-01	1.540606534308460951e+00
1.331500000000000057e+02	2.410000000000000142e+00	1.854800000000000004e+00	1.274359999999999937e+00	1.872280165965411136e+00
1.387100000000000080e+02	2.410000000000000142e+00	2.183199999999999807e+00	1.603059999999999929e+00	2.203866669387274158e+00
1.442599999999999909e+02	2.410000000000000142e+00	2.519099999999999895e+00	1.938960000000000017e+00	2.534819062881328300e+00
1.498199999999999932e+02	2.410000000000000142e+00	2.869899999999999896e+00	2.285429999999999851e+00	2.866276821770533445e+00
1.553700000000000045e+02	2.410000000000000142e+00	3.224499999999999922e+00	2.644439999999999902e+00	3.196898889940834820e+00
1.609300000000000068e+02	2.410000000000000142e+00	3.608900000000000219e+00	3.022440000000000015e+00	3.527494261311590051e+00
1.664799999999999898e+02	2.410000000000000142e+00	4.004400000000000404e+00	3.427200000000000024e+00	3.858354954818061344e+00
9.981999999999999318e+01	2.759999999999999787e+00	3.700000000000000164e-03	-5.872209999999999930e-01	-1.111433894401203659e-01
1.053700000000000045e+02	2.759999999999999787e+00	3.023000000000000131e-01	-2.844140000000000001e-01	2.214722170607696938e-01
1.109300000000000068e+02	2.759999999999999787e+00	6.008999999999999897e-01	2.158540000000000111e-02	5.537523487336981631e-01
1.164800000000000040e+02	2.759999999999999787e+00	9.069000000000000394e-01	3.300870000000000193e-01	8.852920538962765207e-01
1.220400000000000063e+02	2.759999999999999787e+00	1.216599999999999904e+00	6.426929999999999588e-01	1.217234137608763866e+00
1.275900000000000034e+02	2.759999999999999787e+00	1.533900000000000041e+00	9.589020000000000321e-01	1.548646394164969742e+00
1.331500000000000057e+02	2.759999999999999787e+00	1.854800000000000004e+00	1.280669999999999975e+00	1.880685496794459510e+00
1.387100000000000080e+02	2.759999999999999787e+00	2.183199999999999807e+00	1.608489999999999975e+00	2.212666113883722474e+00
1.442599999999999909e+02	2.759999999999999787e+00	2.519099999999999895e+00	1.943240000000000078e+00	2.543988780454970566e+00
1.498199999999999932e+02	2.759999999999999787e+00	2.866200000000000081e+00	2.288149999999999906e+00	2.875795274059015583e+00
1.553700000000000045e+02	2.759999999999999787e+00	3.213299999999999823e+00	2.644960000000000200e+00	3.207150433476606111e+00
1.609300000000000068e+02	2.759999999999999787e+00	3.597700000000000120e+00	3.019629999999999814e+00	3.538695675300719934e+00
1.664799999999999898e+02	2.759999999999999787e+00	3.993300000000000072e+00	3.418849999999999945e+00	3.870015278280557247e+00
1.720399999999999920e+02	2.759999999999999787e+00	4.448599999999999888e+00	3.860549999999999926e+00	4.201931853518018123e+00
9.981999999999999318e+01	3.100000000000000089e+00	3.700000000000000164e-03	-5.786179999999999657e-01	-1.062783948369432352e-01
1.053700000000000045e+02	3.100000000000000089e+00	3.023000000000000131e-01	-2.760409999999999808e-01	2.267543643146590071e-01
1.109300000000000068e+02	3.100000000000000089e+00	6.008999999999999897e-01	2.967950000000000102e-02	5.595592158385942483e-01
1.164800000000000040e+02	3.100000000000000089e+00	9.069000000000000394e-01	3.378430000000000044e-01	8.921168751834827049e-01
1.220400000000000063e+02	3.100000000000000089e+00	1.216599999999999904e+00	6.500340000000000007e-01	1.225127796354182230e+00
1.275900000000000034e+02	3.100000000000000089e+00	1.533900000000000041e+00	9.657289999999999486e-01	1.557340549631259563e+00
1.331500000000000057e+02	3.100000000000000089e+00	1.854800000000000004e+00	1.286850000000000049e+00	1.890085104098551128e+00
1.387100000000000080e+02	3.100000000000000089e+00	2.183199999999999807e+00	1.613850000000000007e+00	2.222829658565844468e+00
1.442599999999999909e+02	3.100000000000000089e+00	2.519099999999999895e+00	1.947519999999999918e+00	2.554975751604237288e+00
1.498199999999999932e+02	3.100000000000000089e+00	2.866200000000000081e+00	2.290970000000000173e+00	2.887661251806922458e+00
1.553700000000000045e+02	3.100000000000000089e+00	3.213299999999999823e+00	2.645750000000000046e+00	3.219654961386321013e+00
1.609300000000000068e+02	3.100000000000000089e+00	3.590199999999999836e+00	3.017389999999999795e+00	3.551487604034656798e+00
1.664799999999999898e+02	3.100000000000000089e+00	3.985799999999999788e+00	3.411709999999999798e+00	3.882988476424945823e+00
1.720399999999999920e+02	3.100000000000000089e+00	4.415000000000000036e+00	3.844079999999999941e+00	4.214532673169808952e+00
1.775900000000000034e+02	3.100000000000000089e+00	4.918800000000000061e+00	4.348790000000000155e+00	4.546435150489331001e+00
9.981999999999999318e+01	3.450000000000000178e+00	7.499999999999999722e-03	-5.697529999999999539e-01	-9.669168430993213548e-02
1.053700000000000045e+02	3.450000000000000178e+00	3.059999999999999942e-01	-2.674099999999999810e-01	2.352107930095908017e-01
1.109300000000000068e+02	3.450000000000000178e+00	6.046000000000000263e-01	3.802799999999999930e-02	5.679899704176607500e-01
1.164800000000000040e+02	3.450000000000000178e+00	9.105999999999999650e-01	3.458490000000000175e-01	9.001912507715159606e-01
1.220400000000000063e+02	3.450000000000000178e+00	1.220399999999999929e+00	6.576199999999999823e-01	1.232734842276331122e+00
1.275900000000000034e+02	3.450000000000000178e+00	1.537600000000000078e+00	9.727970000000000228e-01	1.564616756469620285e+00
1.331500000000000057e+02	3.450000000000000178e+00	1.858500000000000041e+00	1.293260000000000076e+00	1.897078506258882413e+00
1.387100000000000080e+02	3.450000000000000178e+00	2.179499999999999993e+00	1.619439999999999991e+00	2.229501186665586943e+00
1.442599999999999909e+02	3.450000000000000178e+00	2.515400000000000080e+00	1.952029999999999932e+00	2.561325984553574742e+00
1.498199999999999932e+02	3.450000000000000178e+00	2.854999999999999982e+00	2.294049999999999923e+00	2.893731028766165281e+00
1.553700000000000045e+02	3.450000000000000178e+00	3.198300000000000143e+00	2.646830000000000016e+00	3.225473436250059223e+00
1.609300000000000068e+02	3.450000000000000178e+00	3.575299999999999923e+00	3.015550000000000175e+00	3.557360058481692455e+00
1.664799999999999898e+02	3.450000000000000178e+00	3.970899999999999874e+00	3.405250000000000110e+00	3.889142396531243939e+00
1.720399999999999920e+02	3.450000000000000178e+00	4.392599999999999838e+00	3.829209999999999781e+00	4.221522540595301187e+00
1.775900000000000034e+02	3.450000000000000178e+00	4.877699999999999925e+00	4.313710000000000377e+00	4.549460781087718786e+00
9.981999999999999318e+01	3.790000000000000036e+00	1.119999999999999989e-02	-5.611329999999999929e-01	-8.907702222882907250e-02
1.053700000000000045e+02	3.790000000000000036e+00	3.098000000000000198e-01	-2.590140000000000220e-01	2.427710441414330234e-01
1.109300000000000068e+02	3.790000000000000036e+00	6.082999999999999519e-01	4.615339999999999721e-02	5.754927870595016870e-01
1.164800000000000040e+02	3.790000000000000036e+00	9.143000000000000016e-01	3.536469999999999891e-01	9.077909254906577630e-01
1.220400000000000063e+02	3.790000000000000036e+00	1.224099999999999966e+00	6.650169999999999693e-01	1.240575121556254601e+00
1.275900000000000034e+02	3.790000000000000036e+00	1.537600000000000078e+00	9.797019999999999618e-01	1.572364884862214041e+00
1.331500000000000057e+02	3.790000000000000036e+00	1.858500000000000041e+00	1.299549999999999983e+00	1.904756304464907402e+00
1.387100000000000080e+02	3.790000000000000036e+00	2.179499999999999993e+00	1.624949999999999894e+00	2.237080554039303948e+00
1.442599999999999909e+02	3.790000000000000036e+00	2.511600000000000055e+00	1.956530000000000102e+00	2.568823531819830919e+00
1.498199999999999932e+02	3.790000000000000036e+00	2.847500000000000142e+00	2.297200000000000131e+00	2.901163646911824046e+00
1.553700000000000045e+02	3.790000000000000036e+00	3.194599999999999884e+00	2.648140000000000160e+00	3.232854172951409311e+00
1.609300000000000068e+02	3.790000000000000036e+00	3.564099999999999824e+00	3.014180000000000081e+00	3.564995519086161302e+00
1.664799999999999898e+02	3.790000000000000036e+00	3.955900000000000194e+00	3.399739999999999984e+00	3.896284932737064111e+00
1.720399999999999920e+02	3.790000000000000036e+00	4.373899999999999899e+00	3.816469999999999807e+00	4.227751432539472276e+00
1.775900000000000034e+02	3.790000000000000036e+00	4.847900000000000098e+00	4.285180000000000433e+00	4.557668390475037690e+00
1.831500000000000057e+02	3.790000000000000036e+00	5.437500000000000000e+00	4.882430000000000270e+00	4.889702161947673709e+00
9.981999999999999318e+01	4.139999999999999680e+00	1.490000000000000005e-02	-5.522510000000000474e-01	-8.921286401990258241e-02
1.053700000000000045e+02	4.139999999999999680e+00	3.135000000000000009e-01	-2.503589999999999982e-01	2.447194123514870867e-01
1.109300000000000068e+02	4.139999999999999680e+00	6.119999999999999885e-01	5.453340000000000271e-02	5.791194524292375689e-01
1.164800000000000040e+02	4.139999999999999680e+00	9.181000000000000272e-01	3.616949999999999887e-01	9.127628277602557461e-01
1.220400000000000063e+02	4.139999999999999680e+00	1.227800000000000002e+00	6.726609999999999534e-01	1.247043626904562608e+00
1.275900000000000034e+02	4.139999999999999680e+00	1.541299999999999892e+00	9.868489999999999762e-01	1.580760233196324194e+00
1.331500000000000057e+02	4.139999999999999680e+00	1.858500000000000041e+00	1.306079999999999908e+00	1.914778896569194089e+00
1.387100000000000080e+02	4.139999999999999680e+00	2.179499999999999993e+00	1.630689999999999973e+00	2.248882294232174672e+00
1.442599999999999909e+02	4.139999999999999680e+00	2.511600000000000055e+00	1.961270000000000069e+00	2.582329074229148702e+00
1.498199999999999932e+02	4.139999999999999680e+00	2.843799999999999883e+00	2.300600000000000200e+00	2.916372754160127201e+00
1.553700000000000045e+02	4.139999999999999680e+00	3.190900000000000070e+00	2.649729999999999919e+00	3.249815636105619632e+00
1.609300000000000068e+02	4.139999999999999680e+00	3.556599999999999984e+00	3.013170000000000126e+00	3.583719310778783473e+00
1.664799999999999898e+02	4.139999999999999680e+00	3.944700000000000095e+00	3.394789999999999974e+00	3.916460116210609854e+00
1.720399999999999920e+02	4.139999999999999680e+00	4.351499999999999702e+00	3.804860000000000131e+00	4.249807002911085263e+00
1.775900000000000034e+02	4.139999999999999680e+00	4.814300000000000246e+00	4.260069999999999801e+00	4.583109708892852296e+00
1.831500000000000057e+02	4.139999999999999680e+00	5.366600000000000037e+00	4.813410000000000188e+00	4.917012960290799484e+00
1.859300000000000068e+02	4.139999999999999680e+00	5.751000000000000334e+00	5.191939999999999777e+00	5.083964585989773965e+00
9.981999999999999318e+01	4.309999999999999609e+00	1.490000000000000005e-02	-5.479330000000000034e-01	-1.013284298076539969e-01
1.053700000000000045e+02	4.309999999999999609e+00	3.135000000000000009e-01	-2.461520000000000097e-01	2.353803551390658555e-01
1.109300000000000068e+02	4.309999999999999609e+00	6.119999999999999885e-01	5.860939999999999900e-02	5.730263561808017769e-01
1.164800000000000040e+02	4.309999999999999609e+00	9.181000000000000272e-01	3.656119999999999925e-01	9.096963551101477918e-01
1.220400000000000063e+02	4.309999999999999609e+00	1.227800000000000002e+00	6.763839999999999852e-01	1.247106270150483809e+00
1.275900000000000034e+02	4.309999999999999609e+00	1.541299999999999892e+00	9.903340000000000476e-01	1.583762694927006720e+00
1.331500000000000057e+02	4.309999999999999609e+00	1.858500000000000041e+00	1.309269999999999934e+00	1.921025707856280462e+00
1.387100000000000080e+02	4.309999999999999609e+00	2.179499999999999993e+00	1.633510000000000018e+00	2.258388244880718432e+00
1.442599999999999909e+02	4.309999999999999609e+00	2.511600000000000055e+00	1.963600000000000012e+00	2.595060393003260302e+00
1.498199999999999932e+02	4.309999999999999609e+00	2.843799999999999883e+00	2.302309999999999857e+00	2.932339157608906177e+00
1.553700000000000045e+02	4.309999999999999609e+00	3.190900000000000070e+00	2.650580000000000158e+00	3.268977891927678847e+00
1.609300000000000068e+02	4.309999999999999609e+00	3.552900000000000169e+00	3.012820000000000054e+00	3.606195322084044363e+00
1.664799999999999898e+02	4.309999999999999609e+00	3.937300000000000022e+00	3.392619999999999969e+00	3.942890268237906781e+00
1.720399999999999920e+02	4.309999999999999609e+00	4.340300000000000047e+00	3.799710000000000143e+00	4.279691771138100620e+00
1.775900000000000034e+02	4.309999999999999609e+00	4.803099999999999703e+00	4.249139999999999695e+00	4.616336110665940851e+00
1.831500000000000057e+02	4.309999999999999609e+00	5.340499999999999581e+00	4.786380000000000301e+00	4.951111385613973681e+00
1.859300000000000068e+02	4.309999999999999609e+00	5.695000000000000284e+00	5.135530000000000150e+00	5.117075227164995965e+00
9.981999999999999318e+01	4.690000000000000391e+00	2.239999999999999977e-02	-5.382749999999999480e-01	-9.570317529834770909e-02
1.053700000000000045e+02	4.690000000000000391e+00	3.210000000000000075e-01	-2.367360000000000020e-01	2.429963178961918047e-01
1.109300000000000068e+02	4.690000000000000391e+00	6.195000000000000506e-01	6.773350000000000204e-02	5.803380181250998859e-01
1.164800000000000040e+02	4.690000000000000391e+00	9.254999999999999893e-01	3.743839999999999946e-01	9.170729886773374417e-01
1.220400000000000063e+02	4.690000000000000391e+00	1.235300000000000065e+00	6.847290000000000321e-01	1.254414688906246411e+00
1.275900000000000034e+02	4.690000000000000391e+00	1.545099999999999918e+00	9.981550000000000145e-01	1.591446721647459484e+00
1.331500000000000057e+02	4.690000000000000391e+00	1.858500000000000041e+00	1.316440000000000055e+00	1.928769086431366908e+00
1.387100000000000080e+02	4.690000000000000391e+00	2.179499999999999993e+00	1.639860000000000095e+00	2.266184309085788939e+00
1.442599999999999909e+02	4.690000000000000391e+00	2.511600000000000055e+00	1.968920000000000003e+00	2.602979700315026790e+00
1.498199999999999932e+02	4.690000000000000391e+00	2.843799999999999883e+00	2.306259999999999977e+00	2.940355431485722093e+00
1.553700000000000045e+02	4.690000000000000391e+00	3.187100000000000044e+00	2.652680000000000149e+00	3.277131841038098514e+00
1.609300000000000068e+02	4.690000000000000391e+00	3.541700000000000070e+00	3.012340000000000018e+00	3.614400985553385404e+00
1.664799999999999898e+02	4.690000000000000391e+00	3.918600000000000083e+00	3.388320000000000221e+00	3.951192517475132782e+00
1.720399999999999920e+02	4.690000000000000391e+00	4.321699999999999875e+00	3.789219999999999811e+00	4.288135834332241991e+00
1.775900000000000034e+02	4.690000000000000391e+00	4.773200000000000109e+00	4.227199999999999847e+00	4.623822848012248521e+00
1.831500000000000057e+02	4.690000000000000391e+00	5.280800000000000161e+00	4.735850000000000115e+00	4.961068305893364005e+00
1.859300000000000068e+02	4.690000000000000391e+00	5.575599999999999667e+00	5.044200000000000017e+00	5.128003075226612140e+00
1.887100000000000080e+02	4.690000000000000391e+00	5.978699999999999903e+00	5.445579999999999643e+00	5.289851669229697961e+00
1.905900000000000034e+02	4.690000000000000391e+00	6.441399999999999793e+00	5.926099999999999923e+00	5.398463729493178320e+00
9.981999999999999318e+01	4.830000000000000071e+00	2.610000000000000167e-02	-5.347150000000000514e-01	-9.192050344687707764e-02
1.053700000000000045e+02	4.830000000000000071e+00	3.246999999999999886e-01	-2.332639999999999991e-01	2.453083725127589432e-01
1.109300000000000068e+02	4.830000000000000071e+00	6.231999999999999762e-01	7.109949999999999604e-02	5.826492109719580981e-01
1.164800000000000040e+02	4.830000000000000071e+00	9.293000000000000149e-01	3.776229999999999865e-01	9.197920359077880192e-01
1.220400000000000063e+02	4.830000000000000071e+00	1.239000000000000101e+00	6.878109999999999502e-01	1.257219760888016680e+00
1.275900000000000034e+02	4.830000000000000071e+00	1.548799999999999955e+00	1.001049999999999995e+00	1.594188209141953472e+00
1.331500000000000057e+02	4.830000000000000071e+00	1.862300000000000066e+00	1.319099999999999939e+00	1.931445545562224808e+00
1.387100000000000080e+02	4.830000000000000071e+00	2.183199999999999807e+00	1.642220000000000013e+00	2.268794644364513502e+00
1.442599999999999909e+02	4.830000000000000071e+00	2.511600000000000055e+00	1.970900000000000096e+00	2.605461871426733467e+00
1.498199999999999932e+02	4.830000000000000071e+00	2.843799999999999883e+00	2.307749999999999968e+00	2.942771762822427917e+00
1.553700000000000045e+02	4.830000000000000071e+00	3.187100000000000044e+00	2.653519999999999879e+00	3.279460310982673654e+00
1.609300000000000068e+02	4.830000000000000071e+00	3.541700000000000070e+00	3.012270000000000003e+00	3.616759090577107649e+00
1.664799999999999898e+02	4.830000000000000071e+00	3.918600000000000083e+00	3.386909999999999865e+00	3.953451217690253650e+00
1.720399999999999920e+02	4.830000000000000071e+00	4.314199999999999591e+00	3.785690000000000222e+00	4.289965427153637378e+00
1.775900000000000034e+02	4.830000000000000071e+00	4.754599999999999937e+00	4.219879999999999853e+00	4.625643017004749780e+00
1.831500000000000057e+02	4.830000000000000071e+00	5.258399999999999963e+00	4.719859999999999722e+00	4.962768738892080478e+00
1.859300000000000068e+02	4.830000000000000071e+00	5.549500000000000099e+00	5.017780000000000129e+00	5.129724348526098154e+00
1.887100000000000080e+02	4.830000000000000071e+00	5.915199999999999569e+00	5.389619999999999855e+00	5.295414367161800584e+00
1.905900000000000034e+02	4.830000000000000071e+00	6.254800000000000360e+00	5.757310000000000372e+00	5.402545739446951600e+00
9.981999999999999318e+01	5.519999999999999574e+00	4.109999999999999765e-02	-5.171459999999999946e-01	-7.125499754659347929e-02
1.053700000000000045e+02	5.519999999999999574e+00	3.396000000000000130e-01	-2.161240000000000105e-01	2.647017723950018109e-01
1.109300000000000068e+02	5.519999999999999574e+00	6.381999999999999895e-01	8.772399999999999642e-02	6.007621102554860926e-01
1.164800000000000040e+02	5.519999999999999574e+00	9.405000000000000027e-01	3.936279999999999779e-01	9.362180230478758247e-01
1.220400000000000063e+02	5.519999999999999574e+00	1.246499999999999941e+00	7.030669999999999975e-01	1.272432616228350355e+00
1.275900000000000034e+02	5.519999999999999574e+00	1.556200000000000028e+00	1.015390000000000015e+00	1.608164049321343825e+00
1.331500000000000057e+02	5.519999999999999574e+00	1.866000000000000103e+00	1.332310000000000105e+00	1.944350194620295014e+00
1.387100000000000080e+02	5.519999999999999574e+00	2.186999999999999833e+00	1.654020000000000046e+00	2.280417300112784318e+00
1.442599999999999909e+02	5.519999999999999574e+00	2.511600000000000055e+00	1.980909999999999949e+00	2.615849285748321762e+00
1.498199999999999932e+02	5.519999999999999574e+00	2.843799999999999883e+00	2.315440000000000165e+00	2.951946411359715583e+00
1.553700000000000045e+02	5.519999999999999574e+00	3.187100000000000044e+00	2.658139999999999947e+00	3.287411205163346395e+00
1.609300000000000068e+02	5.519999999999999574e+00	3.541700000000000070e+00	3.012640000000000207e+00	3.623449642869344345e+00
1.664799999999999898e+02	5.519999999999999574e+00	3.911099999999999799e+00	3.381180000000000074e+00	3.958928945263510357e+00
1.720399999999999920e+02	5.519999999999999574e+00	4.299299999999999677e+00	3.770550000000000068e+00	4.294364463005680754e+00
1.775900000000000034e+02	5.519999999999999574e+00	4.721000000000000085e+00	4.188640000000000363e+00	4.626831753149307502e+00
1.831500000000000057e+02	5.519999999999999574e+00	5.183799999999999741e+00	4.655269999999999797e+00	4.959722964354224217e+00
1.859300000000000068e+02	5.519999999999999574e+00	5.437500000000000000e+00	4.918520000000000003e+00	5.127443853123352824e+00
1.887100000000000080e+02	5.519999999999999574e+00	5.736100000000000421e+00	5.216269999999999740e+00	5.295164741892479654e+00
1.905900000000000034e+02	5.519999999999999574e+00	5.974899999999999878e+00	5.449939999999999785e+00	5.406738271897292947e+00
9.981999999999999318e+01	6.209999999999999964e+00	6.339999999999999802e-02	-4.995470000000000188e-01	-7.345460817289417577e-02
1.053700000000000045e+02	6.209999999999999964e+00	3.619999999999999885e-01	-1.989420000000000077e-01	2.649122707522861830e-01
1.109300000000000068e+02	6.209999999999999964e+00	6.605999999999999650e-01	1.044049999999999978e-01	6.032789797781212826e-01
1.164800000000000040e+02	6.209999999999999964e+00	9.628999999999999782e-01	4.097089999999999899e-01	9.419205006299353755e-01
1.220400000000000063e+02	6.209999999999999964e+00	1.268899999999999917e+00	7.184220000000000050e-01	1.280187955543723000e+00
1.275900000000000034e+02	6.209999999999999964e+00	1.578600000000000003e+00	1.029859999999999998e+00	1.617977584038286842e+00
1.331500000000000057e+02	6.209999999999999964e+00	1.888400000000000079e+00	1.345699999999999896e+00	1.956339170809986427e+00
1.387100000000000080e+02	6.209999999999999964e+00	2.209299999999999820e+00	1.666069999999999940e+00	2.294592668515292644e+00
1.442599999999999909e+02	6.209999999999999964e+00	2.533999999999999808e+00	1.991279999999999939e+00	2.632279867742472135e+00
1.498199999999999932e+02	6.209999999999999964e+00	2.866200000000000081e+00	2.323640000000000150e+00	2.970544593404758515e+00
1.553700000000000045e+02	6.209999999999999964e+00	3.205799999999999983e+00	2.663489999999999913e+00	3.308200929272688384e+00
1.609300000000000068e+02	6.209999999999999964e+00	3.556599999999999984e+00	3.014139999999999819e+00	3.646430913011828423e+00
1.664799999999999898e+02	6.209999999999999964e+00	3.911099999999999799e+00	3.377289999999999903e+00	3.984016799888345339e+00
1.720399999999999920e+02	6.209999999999999964e+00	4.288100000000000023e+00	3.758640000000000203e+00	4.322306966564661401e+00
1.775900000000000034e+02	6.209999999999999964e+00	4.698599999999999888e+00	4.163870000000000182e+00	4.659430476025857359e+00
1.831500000000000057e+02	6.209999999999999964e+00	5.146399999999999864e+00	4.606969999999999565e+00	4.997667507977938683e+00
1.859300000000000068e+02	6.209999999999999964e+00	5.385299999999999976e+00	4.849599999999999689e+00	5.166786023953978457e+00
1.887100000000000080e+02	6.209999999999999964e+00	5.657700000000000173e+00	5.113389999999999880e+00	5.335904539930020007e+00
1.905900000000000034e+02	6.209999999999999964e+00	5.851799999999999891e+00	5.308639999999999581e+00	5.450272457208781063e+00
9.981999999999999318e+01	6.889999999999999680e+00	8.959999999999999909e-02	-4.821719999999999895e-01	-6.344141863498808931e-02
1.053700000000000045e+02	6.889999999999999680e+00	3.881000000000000005e-01	-1.819689999999999919e-01	2.748047130485371525e-01
1.109300000000000068e+02	6.889999999999999680e+00	6.866999999999999771e-01	1.208980000000000055e-01	6.136602972215818852e-01
1.164800000000000040e+02	6.889999999999999680e+00	9.889999999999999902e-01	4.256280000000000063e-01	9.522575286397438887e-01
1.220400000000000063e+02	6.889999999999999680e+00	1.294999999999999929e+00	7.336500000000000243e-01	1.291075857478746869e+00
1.275900000000000034e+02	6.889999999999999680e+00	1.600999999999999979e+00	1.044259999999999966e+00	1.629471428640361097e+00
1.331500000000000057e+02	6.889999999999999680e+00	1.910800000000000054e+00	1.359070000000000000e+00	1.968273616449010888e+00
1.387100000000000080e+02	6.889999999999999680e+00	2.228000000000000203e+00	1.678180000000000005e+00	2.307157500077000378e+00
1.442599999999999909e+02	6.889999999999999680e+00	2.552700000000000191e+00	2.001809999999999867e+00	2.645353626433951888e+00
1.498199999999999932e+02	6.889999999999999680e+00	2.881099999999999994e+00	2.332160000000000011e+00	2.984255091297805862e+00
1.553700000000000045e+02	6.889999999999999680e+00	3.220699999999999896e+00	2.669420000000000126e+00	3.322477797441383274e+00
1.609300000000000068e+02	6.889999999999999680e+00	3.567800000000000082e+00	3.016610000000000014e+00	3.661304129850918798e+00
1.664799999999999898e+02	6.889999999999999680e+00	3.922299999999999898e+00	3.375010000000000066e+00	3.999537936390952453e+00
1.720399999999999920e+02	6.889999999999999680e+00	4.288100000000000023e+00	3.749519999999999964e+00	4.338246448619228701e+00
1.775900000000000034e+02	6.889999999999999680e+00	4.687400000000000233e+00	4.144300000000000317e+00	4.676474352097883980e+00
1.831500000000000057e+02	6.889999999999999680e+00	5.120300000000000296e+00	4.569829999999999615e+00	5.014384394848304893e+00
1.859300000000000068e+02	6.889999999999999680e+00	5.351700000000000124e+00	4.798549999999999649e+00	5.183760607444286350e+00
1.887100000000000080e+02	6.889999999999999680e+00	5.601700000000000124e+00	5.042040000000000077e+00	5.353136820040267807e+00
1.905900000000000034e+02	6.889999999999999680e+00	5.780899999999999928e+00	5.217520000000000380e+00	5.467679006975679101e+00
9.981999999999999318e+01	8.269999999999999574e+00	1.605000000000000038e-01	-4.468239999999999990e-01	-4.239208199725830184e-02
1.053700000000000045e+02	8.269999999999999574e+00	4.590000000000000191e-01	-1.474070000000000102e-01	2.963335612819584242e-01
1.109300000000000068e+02	8.269999999999999574e+00	7.576000000000000512e-01	1.545239999999999947e-01	6.363658223866890395e-01
1.164800000000000040e+02	8.269999999999999574e+00	1.056200000000000028e+00	4.581399999999999917e-01	9.755839863674333756e-01
1.220400000000000063e+02	8.269999999999999574e+00	1.358500000000000041e+00	7.648249999999999771e-01	1.315222580848770306e+00
1.275900000000000034e+02	8.269999999999999574e+00	1.664500000000000091e+00	1.073819999999999997e+00	1.654692574264381655e+00
1.331500000000000057e+02	8.269999999999999574e+00	1.974199999999999955e+00	1.386689999999999978e+00	1.994247460117952286e+00
1.387100000000000080e+02	8.269999999999999574e+00	2.291500000000000092e+00	1.703410000000000091e+00	2.333748297477905354e+00
1.442599999999999909e+02	8.269999999999999574e+00	2.612400000000000055e+00	2.024080000000000101e+00	2.672313945145484482e+00
1.498199999999999932e+02	8.269999999999999574e+00	2.937100000000000044e+00	2.350709999999999855e+00	3.011475556058305969e+00
1.553700000000000045e+02	8.269999999999999574e+00	3.269200000000000106e+00	2.683230000000000004e+00	3.349997438777678305e+00
1.609300000000000068e+02	8.269999999999999574e+00	3.608900000000000219e+00	3.024230000000000196e+00	3.689125550527108999e+00
1.664799999999999898e+02	8.269999999999999574e+00	3.959700000000000220e+00	3.374350000000000183e+00	4.027575636351627963e+00
1.720399999999999920e+02	8.269999999999999574e+00	4.317899999999999849e+00	3.737369999999999859e+00	4.366698205250280296e+00
1.775900000000000034e+02	8.269999999999999574e+00	4.691099999999999604e+00	4.115529999999999688e+00	4.705210841471055616e+00
1.831500000000000057e+02	8.269999999999999574e+00	5.097900000000000098e+00	4.515399999999999636e+00	5.044333410369707948e+00
1.859300000000000068e+02	8.269999999999999574e+00	5.306899999999999729e+00	4.725570000000000270e+00	5.213894694819032338e+00
1.887100000000000080e+02	8.269999999999999574e+00	5.527099999999999902e+00	4.944340000000000401e+00	5.382782290220397670e+00
1.905900000000000034e+02	8.269999999999999574e+00	5.680100000000000371e+00	5.098069999999999879e+00	5.495778185927022719e+00
9.981999999999999318e+01	1.033999999999999986e+01	2.575000000000000067e-01	-3.935960000000000014e-01	-6.229703117201168538e-03
1.053700000000000045e+02	1.033999999999999986e+01	5.561000000000000387e-01	-9.528749999999999720e-02	3.338708099526819240e-01
1.109300000000000068e+02	1.033999999999999986e+01	8.546000000000000263e-01	2.053280000000000105e-01	6.732576679904660466e-01
1.164800000000000040e+02	1.033999999999999986e+01	1.153200000000000003e+00	5.073889999999999789e-01	1.012936391792820245e+00
1.220400000000000063e+02	1.033999999999999986e+01	1.455500000000000016e+00	8.122209999999999708e-01	1.352259372287730521e+00
1.275900000000000034e+02	1.033999999999999986e+01	1.757800000000000029e+00	1.119010000000000060e+00	1.690972059652254167e+00
1.331500000000000057e+02	1.033999999999999986e+01	2.067499999999999893e+00	1.429219999999999935e+00	2.030295040147166219e+00
1.387100000000000080e+02	1.033999999999999986e+01	2.380999999999999783e+00	1.742720000000000047e+00	2.370291342305211657e+00
1.442599999999999909e+02	1.033999999999999986e+01	2.698199999999999932e+00	2.059470000000000134e+00	2.708971953932383769e+00
1.498199999999999932e+02	1.033999999999999986e+01	3.019200000000000106e+00	2.381270000000000220e+00	3.048262800895823688e+00
1.553700000000000045e+02	1.033999999999999986e+01	3.347599999999999909e+00	2.707739999999999814e+00	3.387170599596017517e+00
1.609300000000000068e+02	1.033999999999999986e+01	3.679800000000000182e+00	3.041059999999999874e+00	3.726469032833542805e+00
1.664799999999999898e+02	1.033999999999999986e+01	4.019400000000000084e+00	3.381279999999999841e+00	4.065157217090422215e+00
1.720399999999999920e+02	1.033999999999999986e+01	4.366500000000000270e+00	3.731189999999999785e+00	4.404300893504387915e+00
1.775900000000000034e+02	1.033999999999999986e+01	4.724700000000000344e+00	4.091569999999999929e+00	4.742995350919716913e+00
1.831500000000000057e+02	1.033999999999999986e+01	5.097900000000000098e+00	4.466389999999999638e+00	5.081824549685457271e+00
1.859300000000000068e+02	1.033999999999999986e+01	5.284500000000000419e+00	4.660040000000000404e+00	5.250942100053636707e+00
1.887100000000000080e+02	1.033999999999999986e+01	5.489799999999999791e+00	4.858559999999999768e+00	5.419989595832468865e+00
1.905900000000000034e+02	1.033999999999999986e+01	5.620400000000000063e+00	4.995890000000000164e+00	5.534126938545202989e+00
9.981999999999999318e+01	1.378999999999999915e+01	3.544999999999999818e-01	-3.043810000000000127e-01	3.232709804403643972e-02
1.053700000000000045e+02	1.378999999999999915e+01	6.531000000000000139e-01	-7.755609999999999588e-03	3.720769612964849316e-01
1.109300000000000068e+02	1.378999999999999915e+01	9.516999999999999904e-01	2.908789999999999987e-01	7.124389864647033832e-01
1.164800000000000040e+02	1.378999999999999915e+01	1.250199999999999978e+00	5.906150000000000011e-01	1.054067365058688033e+00
1.220400000000000063e+02	1.378999999999999915e+01	1.552499999999999991e+00	8.927070000000000283e-01	1.394341624459425333e+00
1.275900000000000034e+02	1.378999999999999915e+01	1.854800000000000004e+00	1.196269999999999945e+00	1.734003879796491177e+00
1.331500000000000057e+02	1.378999999999999915e+01	2.160800000000000054e+00	1.502639999999999976e+00	2.075456871458450259e+00
1.387100000000000080e+02	1.378999999999999915e+01	2.466899999999999871e+00	1.811579999999999968e+00	2.418891512625718221e+00
1.442599999999999909e+02	1.378999999999999915e+01	2.776600000000000179e+00	2.122869999999999813e+00	2.758396027500424452e+00
1.498199999999999932e+02	1.378999999999999915e+01	3.090100000000000069e+00	2.438070000000000181e+00	3.099970261684960704e+00
1.553700000000000045e+02	1.378999999999999915e+01	3.407300000000000217e+00	2.756530000000000147e+00	3.440612124685721085e+00
1.609300000000000068e+02	1.378999999999999915e+01	3.728299999999999947e+00	3.080010000000000137e+00	3.781176863941519528e+00
1.664799999999999898e+02	1.378999999999999915e+01	4.056700000000000195e+00	3.408030000000000115e+00	4.121211011928987311e+00
1.720399999999999920e+02	1.378999999999999915e+01	4.392599999999999838e+00	3.742589999999999861e+00	4.461774381220365626e+00
1.775900000000000034e+02	1.378999999999999915e+01	4.732199999999999740e+00	4.083459999999999646e+00	4.801294077201012200e+00
1.831500000000000057e+02	1.378999999999999915e+01	5.079299999999999926e+00	4.432979999999999698e+00	5.141425520381623926e+00
1.859300000000000068e+02	1.378999999999999915e+01	5.258399999999999963e+00	4.611159999999999926e+00	5.311258869465576460e+00
1.887100000000000080e+02	1.378999999999999915e+01	5.437500000000000000e+00	4.791850000000000165e+00	5.480610935013255691e+00
1.905900000000000034e+02	1.378999999999999915e+01	5.560699999999999754e+00	4.915569999999999773e+00	5.595394137954775360e+00
