# Temperature (K)	Pressure (MPa)	Experimental(m/s)	NIST(m/s)	Model(m/s)
3.231499999999999773e+02	2.460000000000000142e+01	5.742699999999999818e+02	5.741330000000000382e+02	5.386268523833225572e+02
2.981499999999999773e+02	5.629999999999999893e+00	4.371399999999999864e+02	4.371159999999999854e+02	4.241933194256386059e+02
2.981499999999999773e+02	1.049000000000000021e+01	4.446100000000000136e+02	4.445070000000000050e+02	4.535126126041229213e+02
2.981499999999999773e+02	1.519999999999999929e+01	4.745000000000000000e+02	4.742269999999999754e+02	4.728720628920180502e+02
2.981499999999999773e+02	1.942000000000000171e+01	5.182500000000000000e+02	5.180850000000000364e+02	5.062150153083289865e+02
2.981499999999999773e+02	2.069999999999999929e+01	5.338799999999999955e+02	5.335399999999999636e+02	5.842373350781692807e+02
2.731499999999999773e+02	1.617999999999999972e+01	4.783600000000000136e+02	4.780289999999999964e+02	4.845422881765060197e+02
2.481500000000000057e+02	1.282000000000000028e+01	4.309100000000000250e+02	4.306730000000000018e+02	5.089239555661873737e+02
2.231500000000000057e+02	9.320000000000000284e+00	3.715600000000000023e+02	3.718240000000000123e+02	3.750223346102977757e+02
1.981500000000000057e+02	5.700000000000000178e+00	2.825899999999999750e+02	2.823570000000000277e+02	2.719596142202789792e+02
1.930500000000000114e+02	4.629999999999999893e+00	2.695199999999999818e+02	2.693589999999999804e+02	2.719596142202789792e+02
1.930500000000000114e+02	4.730000000000000426e+00	2.641700000000000159e+02	2.641019999999999754e+02	2.719596142202789792e+02
1.930500000000000114e+02	4.809999999999999609e+00	2.589399999999999977e+02	2.586120000000000232e+02	2.719596142202789792e+02
1.930500000000000114e+02	4.860000000000000320e+00	2.540800000000000125e+02	2.539159999999999968e+02	2.719596142202789792e+02
1.930500000000000114e+02	4.900000000000000355e+00	2.498499999999999943e+02	2.487849999999999966e+02	2.719596142202789792e+02
1.930500000000000114e+02	4.919999999999999929e+00	2.467400000000000091e+02	2.458379999999999939e+02	2.719596142202789792e+02
1.930500000000000114e+02	4.950000000000000178e+00	2.456699999999999875e+02	2.434519999999999982e+02	2.719596142202789792e+02
1.930500000000000114e+02	4.959999999999999964e+00	2.468199999999999932e+02	2.443110000000000070e+02	2.719596142202789792e+02
1.930500000000000114e+02	4.969999999999999751e+00	2.475099999999999909e+02	2.463069999999999879e+02	2.719596142202789792e+02
1.930500000000000114e+02	4.990000000000000213e+00	2.530999999999999943e+02	2.528350000000000080e+02	2.719596142202789792e+02
1.930500000000000114e+02	5.019999999999999574e+00	2.630699999999999932e+02	2.646630000000000109e+02	2.719596142202789792e+02
1.914499999999999886e+02	4.589999999999999858e+00	2.584399999999999977e+02	2.584010000000000105e+02	2.719596142202789792e+02
1.914499999999999886e+02	4.650000000000000355e+00	2.517500000000000000e+02	2.519879999999999995e+02	2.719596142202789792e+02
1.914499999999999886e+02	4.679999999999999716e+00	2.445300000000000011e+02	2.466740000000000066e+02	2.632135415691503795e+02
1.914499999999999886e+02	4.700000000000000178e+00	2.368300000000000125e+02	2.404639999999999986e+02	2.632135415691503795e+02
1.914499999999999886e+02	4.719999999999999751e+00	2.294699999999999989e+02	2.271430000000000007e+02	2.632135415691503795e+02
1.914499999999999886e+02	4.719999999999999751e+00	2.245000000000000000e+02	2.271430000000000007e+02	2.632135415691503795e+02
1.914499999999999886e+02	4.730000000000000426e+00	2.237199999999999989e+02	2.215519999999999925e+02	2.632135415691503795e+02
1.914499999999999886e+02	4.730000000000000426e+00	2.241100000000000136e+02	2.215519999999999925e+02	2.632135415691503795e+02
1.914499999999999886e+02	4.740000000000000213e+00	2.292100000000000080e+02	2.313689999999999998e+02	2.632135415691503795e+02
1.914499999999999886e+02	4.750000000000000000e+00	2.402199999999999989e+02	2.429159999999999968e+02	2.632135415691503795e+02
2.981499999999999773e+02	1.000000000000000000e+02	1.272950000000000045e+03	1.271359999999999900e+03	1.216391639255186647e+03
2.981499999999999773e+02	1.500000000000000000e+02	1.534000000000000000e+03	1.532670000000000073e+03	1.622601134690337403e+03
2.981499999999999773e+02	2.000000000000000000e+02	1.737349999999999909e+03	1.735930000000000064e+03	1.801681359043449447e+03
2.981499999999999773e+02	2.500000000000000000e+02	1.906529999999999973e+03	1.904910000000000082e+03	1.968712408010465197e+03
2.981499999999999773e+02	3.000000000000000000e+02	2.052750000000000000e+03	2.050949999999999818e+03	2.109572986653998214e+03
2.981499999999999773e+02	3.500000000000000000e+02	2.182309999999999945e+03	2.180420000000000073e+03	2.280214412728529624e+03
2.981499999999999773e+02	4.000000000000000000e+02	2.299139999999999873e+03	2.297250000000000000e+03	2.380051624770348099e+03
2.981499999999999773e+02	4.500000000000000000e+02	2.405880000000000109e+03	2.404099999999999909e+03	2.485997780132265234e+03
2.981499999999999773e+02	5.000000000000000000e+02	2.504380000000000109e+03	2.502809999999999945e+03	2.582514703796810863e+03
2.981499999999999773e+02	5.500000000000000000e+02	2.596039999999999964e+03	2.594750000000000000e+03	2.676231612577867509e+03
2.981499999999999773e+02	6.000000000000000000e+02	2.681880000000000109e+03	2.680949999999999818e+03	2.790772265950387009e+03
2.981499999999999773e+02	6.500000000000000000e+02	2.762710000000000036e+03	2.762210000000000036e+03	3.060022425753620610e+03
2.981499999999999773e+02	7.000000000000000000e+02	2.839179999999999836e+03	2.839170000000000073e+03	3.060022425753620610e+03
2.981499999999999773e+02	7.500000000000000000e+02	2.911820000000000164e+03	2.912329999999999927e+03	3.060022425753620610e+03
2.981499999999999773e+02	8.000000000000000000e+02	2.981039999999999964e+03	2.982130000000000109e+03	3.060022425753620610e+03
2.981499999999999773e+02	8.500000000000000000e+02	3.047219999999999800e+03	3.048920000000000073e+03	2.798580752829757330e+03
2.981499999999999773e+02	9.000000000000000000e+02	3.110650000000000091e+03	3.112980000000000018e+03	2.798580752829757330e+03
2.981499999999999773e+02	9.500000000000000000e+02	3.171590000000000146e+03	3.174579999999999927e+03	2.798580752829757330e+03
2.981499999999999773e+02	1.000000000000000000e+03	3.230260000000000218e+03	3.233920000000000073e+03	2.798580752829757330e+03
2.731499999999999773e+02	1.000000000000000000e+02	1.330390000000000100e+03	1.327440000000000055e+03	1.169892895536798960e+03
2.731499999999999773e+02	1.500000000000000000e+02	1.586049999999999955e+03	1.585430000000000064e+03	1.563726385783077149e+03
2.731499999999999773e+02	2.000000000000000000e+02	1.787000000000000000e+03	1.785730000000000018e+03	1.753586219106342696e+03
2.731499999999999773e+02	2.500000000000000000e+02	1.954269999999999982e+03	1.952230000000000018e+03	1.915018752947589974e+03
2.731499999999999773e+02	3.000000000000000000e+02	2.098679999999999836e+03	2.096150000000000091e+03	2.050430613692049064e+03
2.731499999999999773e+02	3.500000000000000000e+02	2.226469999999999800e+03	2.223769999999999982e+03	2.210812450117437947e+03
2.731499999999999773e+02	4.000000000000000000e+02	2.341610000000000127e+03	2.338980000000000018e+03	2.342605015474744960e+03
2.731499999999999773e+02	4.500000000000000000e+02	2.446750000000000000e+03	2.444369999999999891e+03	2.424460677541241239e+03
2.731499999999999773e+02	5.000000000000000000e+02	2.543760000000000218e+03	2.541769999999999982e+03	2.532984942203672745e+03
2.731499999999999773e+02	5.500000000000000000e+02	2.634030000000000200e+03	2.632510000000000218e+03	2.809441149691638657e+03
2.731499999999999773e+02	6.000000000000000000e+02	2.718579999999999927e+03	2.717610000000000127e+03	2.809441149691638657e+03
2.731499999999999773e+02	6.500000000000000000e+02	2.798250000000000000e+03	2.797849999999999909e+03	2.809441149691638657e+03
2.731499999999999773e+02	7.000000000000000000e+02	2.873659999999999854e+03	2.873849999999999909e+03	2.809441149691638657e+03
2.731499999999999773e+02	7.500000000000000000e+02	2.945329999999999927e+03	2.946130000000000109e+03	2.809441149691638657e+03
2.731499999999999773e+02	8.000000000000000000e+02	3.013699999999999818e+03	3.015099999999999909e+03	2.809441149691638657e+03
2.731499999999999773e+02	8.500000000000000000e+02	3.079110000000000127e+03	3.081099999999999909e+03	2.809441149691638657e+03
2.731499999999999773e+02	9.000000000000000000e+02	3.141849999999999909e+03	3.144420000000000073e+03	2.809441149691638657e+03
2.731499999999999773e+02	9.500000000000000000e+02	3.202199999999999818e+03	3.205309999999999945e+03	2.809441149691638657e+03
2.731499999999999773e+02	1.000000000000000000e+03	3.260349999999999909e+03	3.263980000000000018e+03	2.809441149691638657e+03
2.481500000000000057e+02	1.000000000000000000e+02	1.392990000000000009e+03	1.391779999999999973e+03	1.176385798173168268e+03
2.481500000000000057e+02	1.500000000000000000e+02	1.644940000000000055e+03	1.643849999999999909e+03	1.607459460797145312e+03
2.481500000000000057e+02	2.000000000000000000e+02	1.841119999999999891e+03	1.839829999999999927e+03	1.798372333744889829e+03
2.481500000000000057e+02	2.500000000000000000e+02	2.004599999999999909e+03	2.002960000000000036e+03	1.955358884525784561e+03
2.481500000000000057e+02	3.000000000000000000e+02	2.146110000000000127e+03	2.144130000000000109e+03	2.105359685829857426e+03
2.481500000000000057e+02	3.500000000000000000e+02	2.271659999999999854e+03	2.269429999999999836e+03	2.183079444426442024e+03
2.481500000000000057e+02	4.000000000000000000e+02	2.385000000000000000e+03	2.382630000000000109e+03	2.349278869218854197e+03
2.481500000000000057e+02	4.500000000000000000e+02	2.488630000000000109e+03	2.486260000000000218e+03	2.472471100439107886e+03
2.481500000000000057e+02	5.000000000000000000e+02	2.584340000000000146e+03	2.582079999999999927e+03	2.548716540718307442e+03
2.481500000000000057e+02	5.500000000000000000e+02	2.673420000000000073e+03	2.671389999999999873e+03	2.658013869765571144e+03
2.481500000000000057e+02	6.000000000000000000e+02	2.756880000000000109e+03	2.755190000000000055e+03	2.956721294853221025e+03
2.481500000000000057e+02	6.500000000000000000e+02	2.835500000000000000e+03	2.834239999999999782e+03	2.956721294853221025e+03
2.481500000000000057e+02	7.000000000000000000e+02	2.909880000000000109e+03	2.909139999999999873e+03	2.956721294853221025e+03
2.481500000000000057e+02	7.500000000000000000e+02	2.980539999999999964e+03	2.980400000000000091e+03	2.956721294853221025e+03
2.481500000000000057e+02	8.000000000000000000e+02	3.047880000000000109e+03	3.048400000000000091e+03	2.956721294853221025e+03
2.481500000000000057e+02	8.500000000000000000e+02	3.112250000000000000e+03	3.113500000000000000e+03	2.956721294853221025e+03
2.481500000000000057e+02	9.000000000000000000e+02	3.173949999999999818e+03	3.175980000000000018e+03	2.956721294853221025e+03
2.231500000000000057e+02	1.000000000000000000e+02	1.469279999999999973e+03	1.464920000000000073e+03	1.250725942816618272e+03
2.231500000000000057e+02	1.500000000000000000e+02	1.711440000000000055e+03	1.708349999999999909e+03	1.681799605440595087e+03
2.231500000000000057e+02	2.000000000000000000e+02	1.901920000000000073e+03	1.898569999999999936e+03	1.872712478388339832e+03
2.231500000000000057e+02	2.500000000000000000e+02	2.060429999999999836e+03	2.057380000000000109e+03	2.029699029169234336e+03
2.231500000000000057e+02	3.000000000000000000e+02	2.197710000000000036e+03	2.195130000000000109e+03	2.179699830473307429e+03
2.231500000000000057e+02	3.500000000000000000e+02	2.319820000000000164e+03	2.317590000000000146e+03	2.300564271422455931e+03
2.231500000000000057e+02	4.000000000000000000e+02	2.430429999999999836e+03	2.428380000000000109e+03	2.380370903365039794e+03
2.231500000000000057e+02	4.500000000000000000e+02	2.531900000000000091e+03	2.529900000000000091e+03	2.509405572273090456e+03
2.231500000000000057e+02	5.000000000000000000e+02	2.625889999999999873e+03	2.623860000000000127e+03	2.593335967403355880e+03
2.231500000000000057e+02	5.500000000000000000e+02	2.713539999999999964e+03	2.711510000000000218e+03	2.658854090531764996e+03
2.231500000000000057e+02	6.000000000000000000e+02	2.795730000000000018e+03	2.793800000000000182e+03	2.742931221389177608e+03
2.231500000000000057e+02	6.500000000000000000e+02	2.873130000000000109e+03	2.871469999999999800e+03	3.041023204008125504e+03
2.231500000000000057e+02	7.000000000000000000e+02	2.946260000000000218e+03	2.945099999999999909e+03	3.041023204008125504e+03
2.231500000000000057e+02	7.500000000000000000e+02	3.015550000000000182e+03	3.015179999999999836e+03	3.041023204008125504e+03
1.981500000000000057e+02	1.000000000000000000e+02	1.546829999999999927e+03	1.547430000000000064e+03	1.343812890529756032e+03
1.981500000000000057e+02	1.500000000000000000e+02	1.778109999999999900e+03	1.779549999999999955e+03	1.729858699918294860e+03
1.981500000000000057e+02	2.000000000000000000e+02	1.961039999999999964e+03	1.962490000000000009e+03	1.921391095308571494e+03
1.981500000000000057e+02	2.500000000000000000e+02	2.114820000000000164e+03	2.116010000000000218e+03	2.078753971763391746e+03
1.981500000000000057e+02	3.000000000000000000e+02	2.248760000000000218e+03	2.249619999999999891e+03	2.185265686232112785e+03
1.981500000000000057e+02	3.500000000000000000e+02	2.368130000000000109e+03	2.368699999999999818e+03	2.300564271422455931e+03
1.981500000000000057e+02	4.000000000000000000e+02	2.476300000000000182e+03	2.476630000000000109e+03	2.380370903365039794e+03
1.981500000000000057e+02	4.500000000000000000e+02	2.575519999999999982e+03	2.575690000000000055e+03	2.509405572273090456e+03
1.981500000000000057e+02	5.000000000000000000e+02	2.667409999999999854e+03	2.667489999999999782e+03	2.593335967403355880e+03
1.981500000000000057e+02	5.500000000000000000e+02	2.753150000000000091e+03	2.753210000000000036e+03	2.658854090531764996e+03
3.001499999999999773e+02	5.169999999999999929e+00	4.070000000000000000e+02	4.392529999999999859e+02	4.326890027508990215e+02
3.001499999999999773e+02	6.209999999999999964e+00	4.070000000000000000e+02	4.388380000000000223e+02	4.326890027508990215e+02
3.001499999999999773e+02	7.580000000000000071e+00	4.110000000000000000e+02	4.395169999999999959e+02	4.328460675709862358e+02
3.001499999999999773e+02	8.830000000000000071e+00	4.190000000000000000e+02	4.415049999999999955e+02	4.160941331339944327e+02
3.001499999999999773e+02	9.650000000000000355e+00	4.260000000000000000e+02	4.435880000000000223e+02	3.492315269323535176e+02
3.001499999999999773e+02	1.075999999999999979e+01	4.300000000000000000e+02	4.474510000000000218e+02	4.025970697510945797e+02
3.001499999999999773e+02	1.075999999999999979e+01	4.340000000000000000e+02	4.474510000000000218e+02	4.025970697510945797e+02
2.100000000000000000e+02	3.407000000000000028e+01	9.870000000000000000e+02	9.867229999999999563e+02	1.388512838434877722e+03
2.100000000000000000e+02	2.760000000000000142e+01	8.980000000000000000e+02	8.981539999999999964e+02	7.415836925705178828e+02
2.100000000000000000e+02	2.226000000000000156e+01	8.097999999999999545e+02	8.099980000000000473e+02	6.322021546382319457e+02
2.100000000000000000e+02	1.748999999999999844e+01	7.115000000000000000e+02	7.120309999999999491e+02	5.309559311588043329e+02
2.100000000000000000e+02	1.483000000000000007e+01	6.438999999999999773e+02	6.440829999999999700e+02	5.208920963336692012e+02
2.100000000000000000e+02	1.269999999999999929e+01	5.775000000000000000e+02	5.781390000000000100e+02	5.208920963336692012e+02
2.100000000000000000e+02	1.093999999999999950e+01	5.115000000000000000e+02	5.114619999999999891e+02	4.284887662801828014e+02
2.100000000000000000e+02	1.016999999999999993e+01	4.770000000000000000e+02	4.773430000000000177e+02	4.284887662801828014e+02
2.100000000000000000e+02	9.650000000000000355e+00	4.511999999999999886e+02	4.521709999999999923e+02	3.530846070685168456e+02
2.400000000000000000e+02	3.464000000000000057e+01	8.635000000000000000e+02	8.632319999999999709e+02	1.329187660040057381e+03
2.400000000000000000e+02	2.910999999999999943e+01	7.827000000000000455e+02	7.823360000000000127e+02	6.930129749735312998e+02
2.400000000000000000e+02	2.466000000000000014e+01	7.070000000000000000e+02	7.067050000000000409e+02	6.680113976084571732e+02
2.400000000000000000e+02	2.089000000000000057e+01	6.326000000000000227e+02	6.324640000000000555e+02	5.821087000843353962e+02
2.400000000000000000e+02	1.889000000000000057e+01	5.887999999999999545e+02	5.883700000000000045e+02	5.093947564279068274e+02
2.400000000000000000e+02	1.683999999999999986e+01	5.402000000000000455e+02	5.395950000000000273e+02	5.093947564279068274e+02
2.400000000000000000e+02	1.518999999999999950e+01	4.983999999999999773e+02	4.982099999999999795e+02	4.993309216027716957e+02
2.400000000000000000e+02	1.407000000000000028e+01	4.698000000000000114e+02	4.697060000000000173e+02	4.993309216027716957e+02
2.700000000000000000e+02	3.477000000000000313e+01	7.715000000000000000e+02	7.713509999999999991e+02	1.271858220966163572e+03
2.700000000000000000e+02	3.048999999999999844e+01	7.112000000000000455e+02	7.110720000000000027e+02	7.485850005286748683e+02
2.700000000000000000e+02	2.596999999999999886e+01	6.416000000000000227e+02	6.413239999999999554e+02	7.485850005286748683e+02
2.700000000000000000e+02	2.183999999999999986e+01	5.727999999999999545e+02	5.726309999999999718e+02	6.088439910574513760e+02
3.000000000000000000e+02	3.484000000000000341e+01	7.138999999999999773e+02	7.135810000000000173e+02	7.484788937703891634e+02
3.000000000000000000e+02	2.973000000000000043e+01	6.495000000000000000e+02	6.491730000000000018e+02	7.125490043851456221e+02
3.000000000000000000e+02	2.730000000000000071e+01	6.180000000000000000e+02	6.176180000000000518e+02	7.125490043851456221e+02
3.000000000000000000e+02	2.462999999999999901e+01	5.803999999999999773e+02	5.828210000000000264e+02	5.698413196861388315e+02
3.000000000000000000e+02	2.098000000000000043e+01	5.372999999999999545e+02	5.366159999999999854e+02	5.698413196861388315e+02
3.000000000000000000e+02	1.758999999999999986e+01	5.073999999999999773e+02	4.979789999999999850e+02	5.013760165847370445e+02
3.000000000000000000e+02	1.257000000000000028e+01	4.635000000000000000e+02	4.563070000000000164e+02	4.635318889911739006e+02
3.000000000000000000e+02	7.799999999999999822e+00	4.456000000000000227e+02	4.396220000000000141e+02	4.318027180933119666e+02
2.400000000000000000e+02	1.447000000000000064e+01	4.808000000000000114e+02	4.798720000000000141e+02	4.882923439996352499e+02
2.400000000000000000e+02	1.253999999999999915e+01	4.331000000000000227e+02	4.320099999999999909e+02	4.867042280100305334e+02
2.400000000000000000e+02	1.250000000000000000e+01	4.315000000000000000e+02	4.310720000000000027e+02	4.867042280100305334e+02
2.400000000000000000e+02	1.017999999999999972e+01	3.876000000000000227e+02	3.860600000000000023e+02	4.336991012603378408e+02
2.400000000000000000e+02	9.779999999999999361e+00	3.816000000000000227e+02	3.808530000000000086e+02	3.472018301398809967e+02
2.400000000000000000e+02	8.109999999999999432e+00	3.706000000000000227e+02	3.682330000000000041e+02	3.673337065967446620e+02
2.400000000000000000e+02	7.639999999999999680e+00	3.681999999999999886e+02	3.670210000000000150e+02	3.673337065967446620e+02
2.400000000000000000e+02	6.230000000000000426e+00	3.690000000000000000e+02	3.678840000000000146e+02	3.626686460912448524e+02
2.400000000000000000e+02	5.450000000000000178e+00	3.718999999999999773e+02	3.705000000000000000e+02	3.670351861920741499e+02
2.100000000000000000e+02	9.869999999999999218e+00	4.628999999999999773e+02	4.630450000000000159e+02	4.104410165686039136e+02
2.100000000000000000e+02	8.720000000000000639e+00	4.003999999999999773e+02	4.024340000000000259e+02	3.996985168110438735e+02
2.100000000000000000e+02	7.950000000000000178e+00	3.575000000000000000e+02	3.581139999999999759e+02	3.958379626207900515e+02
2.100000000000000000e+02	6.809999999999999609e+00	3.131000000000000227e+02	3.136779999999999973e+02	3.949592055990856920e+02
2.100000000000000000e+02	5.809999999999999609e+00	3.116000000000000227e+02	3.118829999999999814e+02	4.014970575186770247e+02
2.550000000000000000e+02	6.940000000000000391e+00	3.883899999999999864e+02	3.883120000000000118e+02	3.513208618539260897e+02
2.550000000000000000e+02	6.330000000000000071e+00	3.889900000000000091e+02	3.889429999999999836e+02	3.513208618539260897e+02
2.550000000000000000e+02	5.730000000000000426e+00	3.901700000000000159e+02	3.901379999999999768e+02	3.578587137735174224e+02
2.550000000000000000e+02	5.080000000000000071e+00	3.919900000000000091e+02	3.919780000000000086e+02	3.578587137735174224e+02
2.731600000000000250e+02	7.089999999999999858e+00	4.108199999999999932e+02	4.107710000000000150e+02	3.680063559639206119e+02
2.731600000000000250e+02	6.559999999999999609e+00	4.109200000000000159e+02	4.108779999999999859e+02	3.680063559639206119e+02
2.731600000000000250e+02	5.679999999999999716e+00	4.117599999999999909e+02	4.117549999999999955e+02	3.745442078835119446e+02
2.731600000000000250e+02	4.839999999999999858e+00	4.133000000000000114e+02	4.133029999999999973e+02	3.745442078835119446e+02
3.000000000000000000e+02	7.120000000000000107e+00	4.390199999999999818e+02	4.389780000000000086e+02	4.165678785360980783e+02
3.000000000000000000e+02	6.250000000000000000e+00	4.387200000000000273e+02	4.386960000000000264e+02	4.165678785360980783e+02
3.000000000000000000e+02	5.530000000000000249e+00	4.388999999999999773e+02	4.388870000000000005e+02	4.165678785360980783e+02
3.000000000000000000e+02	4.889999999999999680e+00	4.393700000000000045e+02	4.393539999999999850e+02	4.165678785360980783e+02
3.500000000000000000e+02	7.179999999999999716e+00	4.814399999999999977e+02	4.815369999999999777e+02	4.977355121337383252e+02
3.500000000000000000e+02	6.200000000000000178e+00	4.803100000000000023e+02	4.803999999999999773e+02	4.977355121337383252e+02
3.500000000000000000e+02	5.129999999999999893e+00	4.795099999999999909e+02	4.796329999999999814e+02	4.977355121337383252e+02
2.931499999999999773e+02	4.900000000000000355e+00	4.353999999999999773e+02	4.330539999999999736e+02	4.078830497535898303e+02
2.931499999999999773e+02	5.879999999999999893e+00	4.348000000000000114e+02	4.322219999999999800e+02	4.078830497535898303e+02
2.931499999999999773e+02	6.860000000000000320e+00	4.345000000000000000e+02	4.321299999999999955e+02	4.013451978339984976e+02
2.931499999999999773e+02	7.839999999999999858e+00	4.350000000000000000e+02	4.328709999999999809e+02	3.989236381868718126e+02
2.931499999999999773e+02	8.820000000000000284e+00	4.361999999999999886e+02	4.345339999999999918e+02	4.223955654231983203e+02
2.931499999999999773e+02	9.800000000000000711e+00	4.391000000000000227e+02	4.371970000000000027e+02	4.181759773054407674e+02
2.931499999999999773e+02	1.077999999999999936e+01	4.428000000000000114e+02	4.409250000000000114e+02	4.560346774507307259e+02
2.931499999999999773e+02	1.175999999999999979e+01	4.476999999999999886e+02	4.457610000000000241e+02	4.560346774507307259e+02
3.231499999999999773e+02	4.900000000000000355e+00	4.596000000000000227e+02	4.590480000000000018e+02	4.639946915148442486e+02
3.231499999999999773e+02	5.879999999999999893e+00	4.598999999999999773e+02	4.590969999999999800e+02	4.639946915148442486e+02
3.231499999999999773e+02	6.860000000000000320e+00	4.610000000000000000e+02	4.596720000000000255e+02	4.643590231521160376e+02
3.231499999999999773e+02	7.839999999999999858e+00	4.625000000000000000e+02	4.608140000000000214e+02	4.681230918588835266e+02
3.231499999999999773e+02	8.820000000000000284e+00	4.641999999999999886e+02	4.625590000000000259e+02	4.572131181800081094e+02
3.231499999999999773e+02	9.800000000000000711e+00	4.599999999999999645e+00	4.649379999999999882e+02	4.345867832031571538e+02
3.231499999999999773e+02	1.077999999999999936e+01	4.700000000000000000e+02	4.679750000000000227e+02	4.554894043342714554e+02
3.231499999999999773e+02	1.175999999999999979e+01	4.738000000000000114e+02	4.716859999999999786e+02	4.554894043342714554e+02
3.481499999999999773e+02	4.900000000000000355e+00	4.783999999999999773e+02	4.781859999999999786e+02	4.639946915148442486e+02
3.481499999999999773e+02	5.879999999999999893e+00	4.790000000000000000e+02	4.787440000000000282e+02	4.639946915148442486e+02
3.481499999999999773e+02	6.860000000000000320e+00	4.798999999999999773e+02	4.797180000000000177e+02	4.643590231521160376e+02
3.481499999999999773e+02	7.839999999999999858e+00	4.815000000000000000e+02	4.811279999999999859e+02	4.681230918588835266e+02
3.481499999999999773e+02	8.820000000000000284e+00	4.838000000000000114e+02	4.829920000000000186e+02	4.572131181800081094e+02
3.481499999999999773e+02	9.800000000000000711e+00	4.863999999999999773e+02	4.853269999999999982e+02	4.345867832031571538e+02
3.481499999999999773e+02	1.077999999999999936e+01	4.898000000000000114e+02	4.881429999999999723e+02	4.554894043342714554e+02
3.481499999999999773e+02	1.175999999999999979e+01	4.948000000000000114e+02	4.914479999999999791e+02	4.554894043342714554e+02
3.731499999999999773e+02	4.900000000000000355e+00	4.956999999999999886e+02	4.956519999999999868e+02	5.203427587894819908e+02
3.731499999999999773e+02	5.879999999999999893e+00	4.966000000000000227e+02	4.965930000000000177e+02	5.203427587894819908e+02
3.731499999999999773e+02	6.860000000000000320e+00	4.981000000000000227e+02	4.978700000000000045e+02	4.682881722328625074e+02
3.731499999999999773e+02	7.839999999999999858e+00	4.998999999999999773e+02	4.994940000000000282e+02	4.611621332859498921e+02
3.731499999999999773e+02	8.820000000000000284e+00	5.018000000000000114e+02	5.014759999999999991e+02	4.165670024823473909e+02
3.731499999999999773e+02	9.800000000000000711e+00	5.041000000000000227e+02	5.038220000000000027e+02	3.896839231008450497e+02
3.731499999999999773e+02	1.077999999999999936e+01	5.076999999999999886e+02	5.065389999999999873e+02	4.231168085137999810e+02
3.731499999999999773e+02	1.175999999999999979e+01	5.108000000000000114e+02	5.096279999999999859e+02	4.401304830820833445e+02
3.981499999999999773e+02	4.900000000000000355e+00	5.111000000000000227e+02	5.118399999999999750e+02	4.713121114765547759e+02
3.981499999999999773e+02	5.879999999999999893e+00	5.126000000000000227e+02	5.130760000000000218e+02	4.713121114765547759e+02
3.981499999999999773e+02	6.860000000000000320e+00	5.138999999999999773e+02	5.145890000000000555e+02	4.682881722328625074e+02
3.981499999999999773e+02	7.839999999999999858e+00	5.158999999999999773e+02	5.163869999999999436e+02	4.611621332859498921e+02
3.981499999999999773e+02	8.820000000000000284e+00	5.182000000000000455e+02	5.184719999999999800e+02	4.165670024823473909e+02
3.981499999999999773e+02	9.800000000000000711e+00	5.202999999999999545e+02	5.208500000000000227e+02	3.896839231008450497e+02
3.981499999999999773e+02	1.077999999999999936e+01	5.232999999999999545e+02	5.235220000000000482e+02	4.231168085137999810e+02
3.981499999999999773e+02	1.175999999999999979e+01	5.267999999999999545e+02	5.264890000000000327e+02	4.401304830820833445e+02
4.231499999999999773e+02	4.900000000000000355e+00	5.252000000000000455e+02	5.270280000000000200e+02	4.713121114765547759e+02
4.231499999999999773e+02	5.879999999999999893e+00	5.267999999999999545e+02	5.284969999999999573e+02	4.713121114765547759e+02
4.231499999999999773e+02	6.860000000000000320e+00	5.282000000000000455e+02	5.301979999999999791e+02	4.682881722328625074e+02
4.231499999999999773e+02	7.839999999999999858e+00	5.302000000000000455e+02	5.321359999999999673e+02	4.611621332859498921e+02
4.231499999999999773e+02	8.820000000000000284e+00	5.326000000000000227e+02	5.343110000000000355e+02	4.165670024823473909e+02
4.231499999999999773e+02	9.800000000000000711e+00	5.350000000000000000e+02	5.367259999999999991e+02	3.896839231008450497e+02
4.231499999999999773e+02	1.077999999999999936e+01	5.380000000000000000e+02	5.393809999999999718e+02	4.231168085137999810e+02
4.231499999999999773e+02	1.175999999999999979e+01	5.420000000000000000e+02	5.422740000000000009e+02	4.401304830820833445e+02
