# Temperature (K)	Pressure (MPa)	Experimental(uPas)	NIST(uPas)	Model(uPas)
1.800000000000000000e+02	2.962000000000000099e+01	5.806000000000000227e+01	5.842900000000000205e+01	4.870223839490419238e+01
1.800000000000000000e+02	2.608999999999999986e+01	5.535000000000000142e+01	5.589759999999999707e+01	6.116896754327519403e+01
1.800000000000000000e+02	2.255999999999999872e+01	5.290999999999999659e+01	5.321079999999999899e+01	5.777821798186661084e+01
1.800000000000000000e+02	1.894000000000000128e+01	5.000000000000000000e+01	5.025289999999999679e+01	5.574550904425067444e+01
1.800000000000000000e+02	1.800000000000000000e+01	4.904999999999999716e+01	4.944409999999999883e+01	5.574806963421085015e+01
1.800000000000000000e+02	1.552999999999999936e+01	4.734000000000000341e+01	4.722120000000000317e+01	5.368028204690924099e+01
1.800000000000000000e+02	1.435999999999999943e+01	4.607000000000000028e+01	4.611099999999999710e+01	5.329554701098164315e+01
1.800000000000000000e+02	1.097000000000000064e+01	4.277000000000000313e+01	4.262120000000000175e+01	5.054113015291246569e+01
1.800000000000000000e+02	6.679999999999999716e+00	3.764000000000000057e+01	3.726039999999999708e+01	4.392481023725351008e+01
1.800000000000000000e+02	4.730000000000000426e+00	3.446999999999999886e+01	3.408630000000000138e+01	4.391350694263216781e+01
1.800000000000000000e+02	3.529999999999999805e+00	3.178000000000000114e+01	3.153209999999999980e+01	4.236613056224654628e+01
1.700000000000000000e+02	3.135999999999999943e+01	6.587000000000000455e+01	6.653730000000000189e+01	6.022684993592167757e+01
1.700000000000000000e+02	2.801000000000000156e+01	6.350000000000000000e+01	6.414589999999999748e+01	7.009349022515262106e+01
1.700000000000000000e+02	2.462999999999999901e+01	6.125999999999999801e+01	6.161520000000000152e+01	6.619462170539250678e+01
1.700000000000000000e+02	2.144000000000000128e+01	5.820000000000000284e+01	5.909870000000000090e+01	6.309501287254245483e+01
1.700000000000000000e+02	1.778000000000000114e+01	5.565999999999999659e+01	5.602499999999999858e+01	6.052306520508074783e+01
1.700000000000000000e+02	1.476999999999999957e+01	5.331000000000000227e+01	5.331150000000000233e+01	5.914048801470116246e+01
1.700000000000000000e+02	1.465000000000000036e+01	5.325999999999999801e+01	5.319919999999999760e+01	5.914048801470116246e+01
1.700000000000000000e+02	1.161999999999999922e+01	5.025999999999999801e+01	5.023890000000000100e+01	5.647075524404279179e+01
1.700000000000000000e+02	8.589999999999999858e+00	4.707000000000000028e+01	4.697910000000000252e+01	5.117011014494416798e+01
1.700000000000000000e+02	5.919999999999999929e+00	4.364999999999999858e+01	4.374649999999999750e+01	4.925343855692781858e+01
1.700000000000000000e+02	3.209999999999999964e+00	4.024000000000000199e+01	3.989419999999999789e+01	4.429285395451432805e+01
1.400000000000000000e+02	3.217000000000000171e+01	9.731999999999999318e+01	9.864570000000000505e+01	8.898193001290735538e+01
1.400000000000000000e+02	2.869000000000000128e+01	9.395000000000000284e+01	9.579210000000000491e+01	9.956553921907936910e+01
1.400000000000000000e+02	2.551000000000000156e+01	9.109999999999999432e+01	9.309550000000000125e+01	9.534341189751602030e+01
1.400000000000000000e+02	2.198000000000000043e+01	8.846999999999999886e+01	8.999020000000000152e+01	9.523852864151113806e+01
1.400000000000000000e+02	1.837000000000000099e+01	8.503000000000000114e+01	8.667589999999999861e+01	7.702987298354436518e+01
1.400000000000000000e+02	1.671000000000000085e+01	8.260999999999999943e+01	8.509919999999999618e+01	7.671856405040782079e+01
1.400000000000000000e+02	1.482000000000000028e+01	8.170000000000000284e+01	8.325910000000000366e+01	7.704659317026010967e+01
1.400000000000000000e+02	1.439000000000000057e+01	8.104999999999999716e+01	8.283339999999999748e+01	7.704659317026010967e+01
1.400000000000000000e+02	1.169999999999999929e+01	7.845999999999999375e+01	8.010590000000000543e+01	7.697785151010373283e+01
1.400000000000000000e+02	1.155000000000000071e+01	7.850000000000000000e+01	7.995029999999999859e+01	7.697785151010373283e+01
1.400000000000000000e+02	8.800000000000000711e+00	7.532999999999999829e+01	7.702750000000000341e+01	7.605461866464526111e+01
1.400000000000000000e+02	8.109999999999999432e+00	7.521999999999999886e+01	7.627150000000000318e+01	7.440552192240843965e+01
1.400000000000000000e+02	5.929999999999999716e+00	7.193000000000000682e+01	7.381640000000000157e+01	7.675903328737827280e+01
1.400000000000000000e+02	4.620000000000000107e+00	7.139000000000000057e+01	7.228789999999999338e+01	7.674589888912629476e+01
1.400000000000000000e+02	3.600000000000000089e+00	6.954000000000000625e+01	7.106709999999999638e+01	7.652378916130045639e+01
1.400000000000000000e+02	3.580000000000000071e+00	6.959000000000000341e+01	7.104290000000000305e+01	7.652378916130045639e+01
1.400000000000000000e+02	1.020000000000000018e+00	6.773999999999999488e+01	6.784439999999999316e+01	7.569556524522722896e+01
1.200000000000000000e+02	2.967999999999999972e+01	1.356599999999999966e+02	1.354809999999999945e+02	1.775256447214933928e+02
1.200000000000000000e+02	2.608999999999999986e+01	1.320200000000000102e+02	1.314730000000000132e+02	1.671809829027107810e+02
1.200000000000000000e+02	2.289000000000000057e+01	1.269300000000000068e+02	1.278190000000000026e+02	1.617910049540504644e+02
1.200000000000000000e+02	1.855000000000000071e+01	1.218700000000000045e+02	1.227219999999999942e+02	1.480412302317746196e+02
1.200000000000000000e+02	1.497000000000000064e+01	1.173599999999999994e+02	1.183799999999999955e+02	1.303583108636251495e+02
1.200000000000000000e+02	1.185999999999999943e+01	1.125600000000000023e+02	1.144929999999999950e+02	1.210908858178477487e+02
1.200000000000000000e+02	1.007000000000000028e+01	1.109800000000000040e+02	1.122019999999999982e+02	1.204287655035906681e+02
1.200000000000000000e+02	8.289999999999999147e+00	1.090400000000000063e+02	1.098799999999999955e+02	1.214812194475526042e+02
1.200000000000000000e+02	6.490000000000000213e+00	1.054800000000000040e+02	1.074860000000000042e+02	1.209714709771294991e+02
1.200000000000000000e+02	4.730000000000000426e+00	1.030400000000000063e+02	1.050960000000000036e+02	1.155637689535424357e+02
1.200000000000000000e+02	3.009999999999999787e+00	1.016899999999999977e+02	1.027099999999999937e+02	1.141679215459820966e+02
1.200000000000000000e+02	1.189999999999999947e+00	9.948999999999999488e+01	1.001260000000000048e+02	1.119097042968702169e+02
1.000000000000000000e+02	3.132999999999999829e+01	2.184900000000000091e+02	2.230639999999999930e+02	2.049283014616802632e+02
1.000000000000000000e+02	2.910999999999999943e+01	2.154799999999999898e+02	2.181310000000000002e+02	2.049283014616802632e+02
1.000000000000000000e+02	2.767000000000000171e+01	2.121299999999999955e+02	2.149219999999999970e+02	2.152123860761523702e+02
1.000000000000000000e+02	2.687999999999999901e+01	2.107500000000000000e+02	2.131579999999999870e+02	2.152123860761523702e+02
1.000000000000000000e+02	2.526000000000000156e+01	2.068000000000000114e+02	2.095320000000000107e+02	2.051028384070381207e+02
1.000000000000000000e+02	2.405000000000000071e+01	2.055800000000000125e+02	2.068160000000000025e+02	1.867554105555497017e+02
1.000000000000000000e+02	2.333999999999999986e+01	2.036800000000000068e+02	2.052199999999999989e+02	1.865809034182949233e+02
1.000000000000000000e+02	2.205000000000000071e+01	2.015600000000000023e+02	2.023129999999999882e+02	1.865809034182949233e+02
1.000000000000000000e+02	2.042999999999999972e+01	1.984000000000000057e+02	1.986500000000000057e+02	1.925068179125450456e+02
1.000000000000000000e+02	1.853999999999999915e+01	1.939399999999999977e+02	1.943590000000000089e+02	1.788903735910909347e+02
1.000000000000000000e+02	1.655999999999999872e+01	1.900500000000000114e+02	1.898410000000000082e+02	1.807312897968796790e+02
1.000000000000000000e+02	1.259999999999999964e+01	1.819399999999999977e+02	1.807309999999999945e+02	1.710053434045522351e+02
1.000000000000000000e+02	9.869999999999999218e+00	1.743700000000000045e+02	1.743839999999999861e+02	1.620355934103889979e+02
1.000000000000000000e+02	9.410000000000000142e+00	1.759499999999999886e+02	1.733089999999999975e+02	1.619934186897354493e+02
1.000000000000000000e+02	7.379999999999999893e+00	1.695000000000000000e+02	1.685430000000000064e+02	1.610164094739511143e+02
1.000000000000000000e+02	5.900000000000000355e+00	1.693199999999999932e+02	1.650440000000000111e+02	1.617078606985684814e+02
1.000000000000000000e+02	3.299999999999999822e+00	1.616299999999999955e+02	1.588480000000000132e+02	1.666278979808659813e+02
1.000000000000000000e+02	2.330000000000000071e+00	1.626200000000000045e+02	1.565180000000000007e+02	1.661148707497295618e+02
1.000000000000000000e+02	1.800000000000000044e+00	1.599900000000000091e+02	1.552410000000000139e+02	1.661148707497295618e+02
1.000000000000000000e+02	1.000000000000000056e-01	1.347000000000000064e+01	1.511220000000000141e+02	1.642611576180962061e+02
9.900000000000000000e+01	1.000000000000000056e-01	1.343999999999999950e+01	1.548120000000000118e+02	1.642611576180962061e+02
1.044399999999999977e+02	1.000000000000000056e-01	1.370000000000000000e+02	1.364130000000000109e+02	1.393138642212741729e+02
1.044399999999999977e+02	6.899999999999999467e-01	1.375999999999999943e+02	1.376270000000000095e+02	1.393138642212741729e+02
1.044399999999999977e+02	1.379999999999999893e+00	1.384000000000000057e+02	1.390420000000000016e+02	1.405948626362387017e+02
1.044399999999999977e+02	2.069999999999999840e+00	1.393000000000000114e+02	1.404499999999999886e+02	1.411675773529075286e+02
1.044399999999999977e+02	2.759999999999999787e+00	1.403000000000000114e+02	1.418520000000000039e+02	1.411940141728832430e+02
1.044399999999999977e+02	3.450000000000000178e+00	1.411999999999999886e+02	1.432470000000000141e+02	1.416965785969912019e+02
1.044399999999999977e+02	4.139999999999999680e+00	1.423000000000000114e+02	1.446370000000000005e+02	1.418023432080338750e+02
1.044399999999999977e+02	5.519999999999999574e+00	1.445000000000000000e+02	1.474010000000000105e+02	1.481757473632261508e+02
1.044399999999999977e+02	6.900000000000000355e+00	1.470999999999999943e+02	1.501419999999999959e+02	1.495851689375683407e+02
1.044399999999999977e+02	8.619999999999999218e+00	1.506999999999999886e+02	1.535310000000000059e+02	1.531028255293463758e+02
1.044399999999999977e+02	1.033999999999999986e+01	1.546999999999999886e+02	1.568899999999999864e+02	1.541976444770981516e+02
1.044399999999999977e+02	1.207000000000000028e+01	1.580000000000000000e+02	1.602400000000000091e+02	1.639024601356067308e+02
1.044399999999999977e+02	1.378999999999999915e+01	1.635999999999999943e+02	1.635449999999999875e+02	1.643330060367232761e+02
1.044399999999999977e+02	1.723999999999999844e+01	1.734000000000000057e+02	1.701030000000000086e+02	1.743313896902100453e+02
1.044399999999999977e+02	2.067999999999999972e+01	1.839000000000000057e+02	1.765550000000000068e+02	1.838471306224376463e+02
1.044399999999999977e+02	2.757999999999999829e+01	2.061999999999999886e+02	1.892779999999999916e+02	2.008218781945037108e+02
1.044399999999999977e+02	3.446999999999999886e+01	2.285999999999999943e+02	2.017460000000000093e+02	2.249012348423264314e+02
1.044399999999999977e+02	4.136999999999999744e+01	2.510000000000000000e+02	2.140509999999999877e+02	2.299647148536718078e+02
1.044399999999999977e+02	4.825999999999999801e+01	2.720000000000000000e+02	2.262030000000000030e+02	2.375377349516000436e+02
1.044399999999999977e+02	5.515999999999999659e+01	2.940000000000000000e+02	2.382769999999999868e+02	2.490673895426857882e+02
1.377800000000000011e+02	6.899999999999999467e-01	1.470000000000000000e+02	7.035630000000000450e+01	1.332641982092281978e+02
1.377800000000000011e+02	1.379999999999999893e+00	1.478000000000000114e+02	7.124609999999999843e+01	1.372297680525650776e+02
1.377800000000000011e+02	2.069999999999999840e+00	1.485999999999999943e+02	7.212109999999999843e+01	1.384152208690667294e+02
1.377800000000000011e+02	2.759999999999999787e+00	1.494000000000000057e+02	7.298220000000000596e+01	1.396962880288322424e+02
1.377800000000000011e+02	3.450000000000000178e+00	1.503000000000000114e+02	7.382989999999999498e+01	1.407344605758770797e+02
1.377800000000000011e+02	4.139999999999999680e+00	1.511999999999999886e+02	7.466490000000000293e+01	1.420463130444879027e+02
1.377800000000000011e+02	5.519999999999999574e+00	1.531999999999999886e+02	7.629940000000000566e+01	1.441571711206415500e+02
1.377800000000000011e+02	6.900000000000000355e+00	1.554000000000000057e+02	7.788970000000000482e+01	1.460283560425303051e+02
1.377800000000000011e+02	8.619999999999999218e+00	1.584000000000000057e+02	7.981539999999999679e+01	1.539404990661832358e+02
1.377800000000000011e+02	1.033999999999999986e+01	1.616999999999999886e+02	8.168420000000000414e+01	1.540081426537514062e+02
1.377800000000000011e+02	1.207000000000000028e+01	1.633000000000000114e+02	8.351139999999999475e+01	1.560967084031361480e+02
1.377800000000000011e+02	1.378999999999999915e+01	1.690999999999999943e+02	8.528029999999999688e+01	1.567449621635456651e+02
1.377800000000000011e+02	1.723999999999999844e+01	1.774000000000000057e+02	8.869989999999999952e+01	1.481480625660720420e+02
1.377800000000000011e+02	2.067999999999999972e+01	1.860999999999999943e+02	9.195879999999999654e+01	1.493640706031766001e+02
1.377800000000000011e+02	2.757999999999999829e+01	2.049000000000000057e+02	9.811639999999999873e+01	1.620954660388636626e+02
1.377800000000000011e+02	3.446999999999999886e+01	2.240000000000000000e+02	1.038529999999999944e+02	1.766760193335759084e+02
1.377800000000000011e+02	4.136999999999999744e+01	2.430000000000000000e+02	1.092680000000000007e+02	1.918039403379809471e+02
1.377800000000000011e+02	4.825999999999999801e+01	2.610000000000000000e+02	1.144050000000000011e+02	2.078677638294157362e+02
1.377800000000000011e+02	5.515999999999999659e+01	2.800000000000000000e+02	1.193289999999999935e+02	2.290027117119506954e+02
