# Temperature (K)	Pressure (MPa)	Experimental(uPas)	NIST(uPas)	Model(uPas)
2.600000000000000000e+02	4.750000000000000000e+00	1.089600000000000080e+01	1.089070000000000071e+01	1.127446314082728307e+01
2.600000000000000000e+02	5.000000000000000000e+00	1.098799999999999955e+01	1.098070000000000057e+01	1.135386394528585186e+01
2.600000000000000000e+02	5.500000000000000000e+00	1.118200000000000038e+01	1.117329999999999934e+01	1.143371542475478542e+01
2.600000000000000000e+02	6.000000000000000000e+00	1.139400000000000013e+01	1.138330000000000020e+01	1.158214724493402414e+01
2.600000000000000000e+02	6.500000000000000000e+00	1.162299999999999933e+01	1.161180000000000057e+01	1.197514026377729124e+01
2.600000000000000000e+02	7.000000000000000000e+00	1.187100000000000044e+01	1.185989999999999966e+01	1.206965778599655970e+01
2.600000000000000000e+02	7.500000000000000000e+00	1.214100000000000001e+01	1.212829999999999941e+01	1.257389068751980865e+01
2.600000000000000000e+02	7.990000000000000213e+00	1.242800000000000082e+01	1.241189999999999927e+01	1.273888457943577102e+01
2.600000000000000000e+02	8.480000000000000426e+00	1.272600000000000087e+01	1.271630000000000038e+01	1.310011312998808997e+01
2.600000000000000000e+02	9.009999999999999787e+00	1.307199999999999918e+01	1.306930000000000014e+01	1.333617665036636524e+01
2.600000000000000000e+02	9.460000000000000853e+00	1.338899999999999935e+01	1.338819999999999943e+01	1.363053181526016289e+01
2.600000000000000000e+02	9.990000000000000213e+00	1.379100000000000037e+01	1.378589999999999982e+01	1.366057030151406693e+01
2.600000000000000000e+02	1.050000000000000000e+01	1.418500000000000050e+01	1.419030000000000058e+01	1.435704905908874629e+01
2.600000000000000000e+02	1.100999999999999979e+01	1.459699999999999953e+01	1.461430000000000007e+01	1.475081950858056601e+01
2.600000000000000000e+02	1.148000000000000043e+01	1.500399999999999956e+01	1.502089999999999925e+01	1.522181823550926083e+01
2.600000000000000000e+02	1.200999999999999979e+01	1.548199999999999932e+01	1.549510000000000076e+01	1.572794021161421618e+01
2.600000000000000000e+02	1.248000000000000043e+01	1.590300000000000047e+01	1.592719999999999914e+01	1.575404162691188503e+01
2.600000000000000000e+02	1.301999999999999957e+01	1.639600000000000080e+01	1.643430000000000035e+01	1.596761203854293498e+01
2.600000000000000000e+02	1.350000000000000000e+01	1.684600000000000009e+01	1.689179999999999993e+01	1.644210656790346192e+01
2.600000000000000000e+02	1.399000000000000021e+01	1.732600000000000051e+01	1.736289999999999978e+01	1.651317709191709326e+01
2.600000000000000000e+02	1.450000000000000000e+01	1.780000000000000071e+01	1.785529999999999973e+01	1.752309404568131868e+01
2.600000000000000000e+02	1.500999999999999979e+01	1.829200000000000159e+01	1.834740000000000038e+01	1.769615033245208124e+01
2.600000000000000000e+02	1.552999999999999936e+01	1.878600000000000136e+01	1.884690000000000154e+01	1.796073475235814954e+01
2.600000000000000000e+02	1.601000000000000156e+01	1.923999999999999844e+01	1.930450000000000088e+01	1.830730458410653583e+01
2.600000000000000000e+02	1.653999999999999915e+01	1.973499999999999943e+01	1.980460000000000065e+01	1.875750014491199025e+01
2.600000000000000000e+02	1.701999999999999957e+01	2.019200000000000017e+01	2.025199999999999889e+01	1.908592798950896352e+01
2.600000000000000000e+02	1.739000000000000057e+01	2.053200000000000003e+01	2.059280000000000044e+01	2.027413275741307430e+01
2.600000000000000000e+02	1.798999999999999844e+01	2.106200000000000117e+01	2.113759999999999906e+01	2.039097548697402829e+01
2.600000000000000000e+02	1.846999999999999886e+01	2.149599999999999866e+01	2.156599999999999895e+01	2.057698832657159826e+01
2.600000000000000000e+02	1.898999999999999844e+01	2.194300000000000139e+01	2.202260000000000062e+01	2.079155039243903147e+01
2.600000000000000000e+02	1.946999999999999886e+01	2.235900000000000176e+01	2.243680000000000163e+01	2.106459919700484207e+01
2.600000000000000000e+02	1.982000000000000028e+01	2.265200000000000102e+01	2.273460000000000036e+01	2.167742384727154459e+01
2.800000000000000000e+02	1.048000000000000043e+01	1.110699999999999932e+01	1.387749999999999950e+01	1.380538467996111684e+01
2.800000000000000000e+02	1.050000000000000000e+01	1.116200000000000081e+01	1.388879999999999981e+01	1.380538467996111684e+01
2.800000000000000000e+02	1.051999999999999957e+01	1.123499999999999943e+01	1.390019999999999989e+01	1.380538467996111684e+01
2.800000000000000000e+02	1.053999999999999915e+01	1.129499999999999993e+01	1.391150000000000020e+01	1.380538467996111684e+01
2.800000000000000000e+02	1.055000000000000071e+01	1.136800000000000033e+01	1.391719999999999935e+01	1.380538467996111684e+01
2.800000000000000000e+02	1.056000000000000050e+01	1.143999999999999950e+01	1.392290000000000028e+01	1.380538467996111684e+01
2.800000000000000000e+02	1.057000000000000028e+01	1.151399999999999935e+01	1.392859999999999943e+01	1.380538467996111684e+01
2.800000000000000000e+02	1.058999999999999986e+01	1.167600000000000016e+01	1.393999999999999950e+01	1.380538467996111684e+01
2.800000000000000000e+02	1.059999999999999964e+01	1.184500000000000064e+01	1.394570000000000043e+01	1.380538467996111684e+01
2.800000000000000000e+02	1.061999999999999922e+01	1.202699999999999925e+01	1.395710000000000051e+01	1.380538467996111684e+01
2.800000000000000000e+02	1.066000000000000014e+01	1.221799999999999997e+01	1.398000000000000043e+01	1.380538467996111684e+01
2.800000000000000000e+02	1.069999999999999929e+01	1.242099999999999937e+01	1.400300000000000011e+01	1.380538467996111684e+01
2.800000000000000000e+02	1.074000000000000021e+01	1.262700000000000067e+01	1.402599999999999980e+01	1.363163100440226394e+01
2.800000000000000000e+02	1.078999999999999915e+01	1.287500000000000000e+01	1.405499999999999972e+01	1.344417076526091748e+01
2.800000000000000000e+02	1.083000000000000007e+01	1.310500000000000043e+01	1.407820000000000071e+01	1.344417076526091748e+01
2.800000000000000000e+02	1.089000000000000057e+01	1.336100000000000065e+01	1.411320000000000086e+01	1.368800010401628242e+01
2.800000000000000000e+02	1.093999999999999950e+01	1.362500000000000000e+01	1.414240000000000030e+01	1.368800010401628242e+01
2.800000000000000000e+02	1.099000000000000021e+01	1.390199999999999925e+01	1.417179999999999929e+01	1.365509426468210030e+01
2.800000000000000000e+02	1.105000000000000071e+01	1.418999999999999950e+01	1.420720000000000027e+01	1.365509426468210030e+01
2.800000000000000000e+02	1.150000000000000000e+01	1.448199999999999932e+01	1.447770000000000046e+01	1.413223207531843961e+01
2.800000000000000000e+02	1.200000000000000000e+01	1.479499999999999993e+01	1.478829999999999956e+01	1.464810603796536626e+01
2.800000000000000000e+02	1.248000000000000043e+01	1.509800000000000075e+01	1.509580000000000055e+01	1.470231552755469728e+01
2.800000000000000000e+02	1.300000000000000000e+01	1.543999999999999950e+01	1.543820000000000014e+01	1.493441902508890706e+01
2.800000000000000000e+02	1.350000000000000000e+01	1.576600000000000001e+01	1.577560000000000073e+01	1.516706097313738688e+01
2.800000000000000000e+02	1.392999999999999972e+01	1.605900000000000105e+01	1.607150000000000034e+01	1.522439276408556985e+01
2.800000000000000000e+02	1.447000000000000064e+01	1.643100000000000094e+01	1.644940000000000069e+01	1.582559474096206209e+01
2.800000000000000000e+02	1.500000000000000000e+01	1.680699999999999861e+01	1.682600000000000051e+01	1.617876155379452996e+01
2.800000000000000000e+02	1.550000000000000000e+01	1.716700000000000159e+01	1.718540000000000134e+01	1.621672600496448169e+01
2.800000000000000000e+02	1.600000000000000000e+01	1.752299999999999969e+01	1.754769999999999897e+01	1.645554806038208184e+01
2.800000000000000000e+02	1.651000000000000156e+01	1.787699999999999889e+01	1.791929999999999978e+01	1.666548838318172088e+01
2.800000000000000000e+02	1.700000000000000000e+01	1.824699999999999989e+01	1.827740000000000009e+01	1.710087989249765528e+01
2.800000000000000000e+02	1.750000000000000000e+01	1.859600000000000009e+01	1.864310000000000045e+01	1.748986553264538912e+01
2.800000000000000000e+02	1.798999999999999844e+01	1.896099999999999852e+01	1.900110000000000099e+01	1.775853200844923663e+01
2.800000000000000000e+02	1.851000000000000156e+01	1.933099999999999952e+01	1.937989999999999924e+01	1.783628844814878533e+01
2.800000000000000000e+02	1.901000000000000156e+01	1.968599999999999994e+01	1.974249999999999972e+01	1.785888359832142314e+01
2.800000000000000000e+02	1.946999999999999886e+01	2.000600000000000023e+01	2.007430000000000092e+01	1.828489296182717183e+01
2.800000000000000000e+02	1.983999999999999986e+01	2.026800000000000068e+01	2.033970000000000056e+01	1.872649978014156957e+01
3.000000000000000000e+02	4.750000000000000000e+00	1.200099999999999945e+01	1.200370000000000026e+01	1.197047429736314328e+01
3.000000000000000000e+02	4.990000000000000213e+00	1.206400000000000006e+01	1.206460000000000043e+01	1.199186236764762548e+01
3.000000000000000000e+02	5.490000000000000213e+00	1.219699999999999918e+01	1.219710000000000072e+01	1.241894094311905583e+01
3.000000000000000000e+02	5.969999999999999751e+00	1.233200000000000074e+01	1.233159999999999989e+01	1.257088707481319645e+01
3.000000000000000000e+02	6.469999999999999751e+00	1.248199999999999932e+01	1.247940000000000005e+01	1.266575071539857689e+01
3.000000000000000000e+02	7.000000000000000000e+00	1.264799999999999969e+01	1.264470000000000027e+01	1.281281484527111303e+01
3.000000000000000000e+02	7.500000000000000000e+00	1.281300000000000061e+01	1.280910000000000082e+01	1.317517981580958519e+01
3.000000000000000000e+02	7.980000000000000426e+00	1.297899999999999920e+01	1.297450000000000081e+01	1.331680463281972848e+01
3.000000000000000000e+02	8.460000000000000853e+00	1.315499999999999936e+01	1.314760000000000062e+01	1.348605745201735040e+01
3.000000000000000000e+02	9.000000000000000000e+00	1.335699999999999932e+01	1.335120000000000040e+01	1.367956221733391331e+01
3.000000000000000000e+02	9.500000000000000000e+00	1.355400000000000027e+01	1.354829999999999934e+01	1.385237491134320464e+01
3.000000000000000000e+02	9.990000000000000213e+00	1.375500000000000078e+01	1.374920000000000009e+01	1.400841901902215092e+01
3.000000000000000000e+02	1.049000000000000021e+01	1.396799999999999997e+01	1.396209999999999951e+01	1.396561059084929290e+01
3.000000000000000000e+02	1.094999999999999929e+01	1.417200000000000060e+01	1.416479999999999961e+01	1.469127581771809332e+01
3.000000000000000000e+02	1.150999999999999979e+01	1.442600000000000016e+01	1.442019999999999946e+01	1.473883140630717747e+01
3.000000000000000000e+02	1.200000000000000000e+01	1.465799999999999947e+01	1.465109999999999957e+01	1.520646633816735971e+01
3.000000000000000000e+02	1.250000000000000000e+01	1.489799999999999969e+01	1.489370000000000083e+01	1.526067582775669074e+01
3.000000000000000000e+02	1.298000000000000043e+01	1.513499999999999979e+01	1.513269999999999982e+01	1.549277932529090052e+01
3.000000000000000000e+02	1.346000000000000085e+01	1.538000000000000078e+01	1.537739999999999974e+01	1.549277932529090052e+01
3.000000000000000000e+02	1.401999999999999957e+01	1.567200000000000060e+01	1.566960000000000086e+01	1.580065494317698871e+01
3.000000000000000000e+02	1.451999999999999957e+01	1.593900000000000006e+01	1.593619999999999948e+01	1.607989561576746596e+01
3.000000000000000000e+02	1.497000000000000064e+01	1.617800000000000082e+01	1.618019999999999925e+01	1.629117652296279317e+01
3.000000000000000000e+02	1.548000000000000043e+01	1.645700000000000074e+01	1.646109999999999829e+01	1.690052123670643525e+01
3.000000000000000000e+02	1.596000000000000085e+01	1.671799999999999997e+01	1.672909999999999897e+01	1.678661461802356314e+01
3.000000000000000000e+02	1.646999999999999886e+01	1.700300000000000011e+01	1.701729999999999876e+01	1.687125830439454788e+01
3.000000000000000000e+02	1.698000000000000043e+01	1.729599999999999937e+01	1.730849999999999866e+01	1.750867870420854544e+01
3.000000000000000000e+02	1.748000000000000043e+01	1.757999999999999829e+01	1.759639999999999915e+01	1.787816510240114809e+01
3.000000000000000000e+02	1.796000000000000085e+01	1.785999999999999943e+01	1.787460000000000093e+01	1.801902844073817178e+01
3.000000000000000000e+02	1.846999999999999886e+01	1.815099999999999980e+01	1.817170000000000130e+01	1.862031940752697068e+01
3.000000000000000000e+02	1.894000000000000128e+01	1.842000000000000171e+01	1.844650000000000034e+01	1.872929548675613631e+01
3.000000000000000000e+02	1.951999999999999957e+01	1.875499999999999901e+01	1.878640000000000043e+01	1.894996438887635648e+01
3.000000000000000000e+02	2.003000000000000114e+01	1.904799999999999827e+01	1.908559999999999945e+01	1.904833207760834668e+01
3.200000000000000000e+02	4.750000000000000000e+00	1.256400000000000006e+01	1.256930000000000014e+01	1.248225028289199479e+01
3.200000000000000000e+02	5.000000000000000000e+00	1.261999999999999922e+01	1.262509999999999977e+01	1.251447066518324114e+01
3.200000000000000000e+02	5.490000000000000213e+00	1.273399999999999999e+01	1.273859999999999992e+01	1.250821169876033068e+01
3.200000000000000000e+02	6.000000000000000000e+00	1.285899999999999999e+01	1.286250000000000071e+01	1.259823052858570769e+01
3.200000000000000000e+02	6.490000000000000213e+00	1.298700000000000010e+01	1.298719999999999963e+01	1.267367633969946361e+01
3.200000000000000000e+02	7.000000000000000000e+00	1.312500000000000000e+01	1.312289999999999957e+01	1.268891808044130265e+01
3.200000000000000000e+02	7.480000000000000426e+00	1.325699999999999967e+01	1.325619999999999976e+01	1.322313660625722598e+01
3.200000000000000000e+02	8.009999999999999787e+00	1.341000000000000014e+01	1.340949999999999953e+01	1.335982927295213152e+01
3.200000000000000000e+02	8.490000000000000213e+00	1.356000000000000050e+01	1.355410000000000004e+01	1.357325895405001503e+01
3.200000000000000000e+02	8.990000000000000213e+00	1.371499999999999986e+01	1.371039999999999992e+01	1.371501913164252962e+01
3.200000000000000000e+02	9.500000000000000000e+00	1.388000000000000078e+01	1.387570000000000014e+01	1.371712188814366229e+01
3.200000000000000000e+02	1.000000000000000000e+01	1.405100000000000016e+01	1.404349999999999987e+01	1.378862198252048543e+01
3.200000000000000000e+02	1.049000000000000021e+01	1.422100000000000009e+01	1.421340000000000003e+01	1.384214239605509178e+01
3.200000000000000000e+02	1.100000000000000000e+01	1.440099999999999980e+01	1.439579999999999949e+01	1.438229232041184424e+01
3.200000000000000000e+02	1.150000000000000000e+01	1.458600000000000030e+01	1.458009999999999984e+01	1.461626528520456247e+01
3.200000000000000000e+02	1.186999999999999922e+01	1.473300000000000054e+01	1.471979999999999933e+01	1.479421165772999203e+01
3.200000000000000000e+02	1.248000000000000043e+01	1.496599999999999930e+01	1.495620000000000083e+01	1.522692005464596576e+01
3.200000000000000000e+02	1.298000000000000043e+01	1.516799999999999926e+01	1.515540000000000020e+01	1.539399301165092915e+01
3.200000000000000000e+02	1.350000000000000000e+01	1.537899999999999956e+01	1.536739999999999995e+01	1.574983248926793422e+01
3.200000000000000000e+02	1.400000000000000000e+01	1.558900000000000041e+01	1.557579999999999920e+01	1.579213019586906519e+01
3.200000000000000000e+02	1.450000000000000000e+01	1.580199999999999960e+01	1.578839999999999932e+01	1.607481402382753188e+01
3.200000000000000000e+02	1.500000000000000000e+01	1.601000000000000156e+01	1.600499999999999901e+01	1.635180860449437290e+01
3.200000000000000000e+02	1.550000000000000000e+01	1.623199999999999932e+01	1.622510000000000119e+01	1.678863327614915946e+01
3.200000000000000000e+02	1.601999999999999957e+01	1.646399999999999864e+01	1.645779999999999887e+01	1.660176108165486042e+01
3.200000000000000000e+02	1.653000000000000114e+01	1.670400000000000063e+01	1.668919999999999959e+01	1.713398133331643081e+01
3.200000000000000000e+02	1.703999999999999915e+01	1.692800000000000082e+01	1.692360000000000042e+01	1.699939260020338594e+01
3.200000000000000000e+02	1.753999999999999915e+01	1.715899999999999892e+01	1.715599999999999881e+01	1.702295994061304185e+01
3.200000000000000000e+02	1.801000000000000156e+01	1.738400000000000034e+01	1.737650000000000006e+01	1.714221396598493641e+01
3.200000000000000000e+02	1.851999999999999957e+01	1.762199999999999989e+01	1.761789999999999878e+01	1.735153477161502877e+01
3.200000000000000000e+02	1.901999999999999957e+01	1.785999999999999943e+01	1.785630000000000095e+01	1.740010467167612163e+01
3.200000000000000000e+02	1.950000000000000000e+01	1.809199999999999875e+01	1.808660000000000068e+01	1.752017588756134714e+01
3.200000000000000000e+02	1.992999999999999972e+01	1.829299999999999926e+01	1.829400000000000048e+01	1.758967049681510275e+01
3.400000000000000000e+02	4.740000000000000213e+00	1.312100000000000044e+01	1.313059999999999938e+01	1.334174557073404799e+01
3.400000000000000000e+02	4.919999999999999929e+00	1.315700000000000003e+01	1.316649999999999920e+01	1.324454632208740534e+01
3.400000000000000000e+02	5.500000000000000000e+00	1.327500000000000036e+01	1.328580000000000005e+01	1.326937590452617499e+01
3.400000000000000000e+02	5.990000000000000213e+00	1.338000000000000078e+01	1.339119999999999955e+01	1.433654243174869691e+01
3.400000000000000000e+02	6.469999999999999751e+00	1.349200000000000088e+01	1.349849999999999994e+01	1.441329832297619085e+01
3.400000000000000000e+02	7.009999999999999787e+00	1.361800000000000033e+01	1.362410000000000032e+01	1.446068948861072911e+01
3.400000000000000000e+02	7.480000000000000426e+00	1.373700000000000010e+01	1.373760000000000048e+01	1.465261236412660040e+01
3.400000000000000000e+02	7.940000000000000391e+00	1.384999999999999964e+01	1.385239999999999938e+01	1.475212455267932299e+01
3.400000000000000000e+02	8.009999999999999787e+00	1.386899999999999977e+01	1.387020000000000053e+01	1.478216392870961826e+01
3.400000000000000000e+02	8.490000000000000213e+00	1.399600000000000044e+01	1.399460000000000015e+01	1.504255690267820356e+01
3.400000000000000000e+02	9.000000000000000000e+00	1.413199999999999967e+01	1.413109999999999999e+01	1.498994792416505817e+01
3.400000000000000000e+02	9.500000000000000000e+00	1.427200000000000024e+01	1.426919999999999966e+01	1.514695555533212001e+01
3.400000000000000000e+02	9.990000000000000213e+00	1.441399999999999970e+01	1.440869999999999962e+01	1.520745103103379847e+01
3.400000000000000000e+02	1.047000000000000064e+01	1.455700000000000038e+01	1.454920000000000080e+01	1.504366789346899402e+01
3.400000000000000000e+02	1.099000000000000021e+01	1.471499999999999986e+01	1.470570000000000022e+01	1.528503445174520259e+01
3.400000000000000000e+02	1.149000000000000021e+01	1.487299999999999933e+01	1.486020000000000074e+01	1.544962764069421013e+01
3.400000000000000000e+02	1.188000000000000078e+01	1.499399999999999977e+01	1.498349999999999937e+01	1.551738560740736617e+01
3.400000000000000000e+02	1.250000000000000000e+01	1.519699999999999918e+01	1.518420000000000059e+01	1.568801123994835223e+01
3.400000000000000000e+02	1.297000000000000064e+01	1.535599999999999987e+01	1.534009999999999962e+01	1.579246434015788303e+01
3.400000000000000000e+02	1.350000000000000000e+01	1.553700000000000081e+01	1.551970000000000027e+01	1.613927613715619813e+01
3.400000000000000000e+02	1.400999999999999979e+01	1.572199999999999953e+01	1.569619999999999926e+01	1.611250824834309014e+01
3.400000000000000000e+02	1.450000000000000000e+01	1.589499999999999957e+01	1.586890000000000001e+01	1.622910916983280316e+01
3.400000000000000000e+02	1.500999999999999979e+01	1.607600000000000051e+01	1.605189999999999984e+01	1.644970798674718537e+01
3.400000000000000000e+02	1.600000000000000000e+01	1.644000000000000128e+01	1.641580000000000084e+01	1.665692756058332336e+01
3.400000000000000000e+02	1.701999999999999957e+01	1.682600000000000051e+01	1.680150000000000077e+01	1.712015343145260005e+01
3.400000000000000000e+02	1.798999999999999844e+01	1.720200000000000173e+01	1.717729999999999890e+01	1.733949383737205707e+01
3.400000000000000000e+02	1.901999999999999957e+01	1.761100000000000065e+01	1.758449999999999847e+01	1.770523980890334315e+01
3.400000000000000000e+02	2.008999999999999986e+01	1.803900000000000148e+01	1.801490000000000080e+01	1.796485603182231827e+01
3.400000000000000000e+02	2.098999999999999844e+01	1.840899999999999892e+01	1.838159999999999883e+01	1.875372165238321642e+01
3.400000000000000000e+02	2.198999999999999844e+01	1.882000000000000028e+01	1.879289999999999949e+01	1.905054496882693726e+01
3.400000000000000000e+02	2.294999999999999929e+01	1.921900000000000119e+01	1.919059999999999988e+01	1.952379223552802046e+01
3.400000000000000000e+02	2.387999999999999901e+01	1.960300000000000153e+01	1.957770000000000010e+01	1.971690901715709998e+01
3.400000000000000000e+02	2.496000000000000085e+01	2.005399999999999849e+01	2.002840000000000131e+01	2.055087882137397770e+01
3.400000000000000000e+02	2.596000000000000085e+01	2.047899999999999920e+01	2.044600000000000151e+01	2.100068459136123167e+01
3.400000000000000000e+02	2.694999999999999929e+01	2.088800000000000168e+01	2.085889999999999844e+01	2.126506611644041200e+01
3.400000000000000000e+02	2.780000000000000071e+01	2.124399999999999977e+01	2.121249999999999858e+01	2.184063177449109716e+01
3.400000000000000000e+02	2.876999999999999957e+01	2.164699999999999847e+01	2.161469999999999914e+01	2.216261762816256464e+01
3.600000000000000000e+02	4.750000000000000000e+00	1.367200000000000060e+01	1.369079999999999941e+01	1.340167664372472522e+01
3.600000000000000000e+02	5.000000000000000000e+00	1.371499999999999986e+01	1.373620000000000019e+01	1.339212440648247693e+01
3.600000000000000000e+02	5.500000000000000000e+00	1.380599999999999916e+01	1.382949999999999946e+01	1.337750861534990676e+01
3.600000000000000000e+02	6.009999999999999787e+00	1.390600000000000058e+01	1.392830000000000013e+01	1.418776998415097523e+01
3.600000000000000000e+02	6.500000000000000000e+00	1.400399999999999956e+01	1.402660000000000018e+01	1.426452587537846917e+01
3.600000000000000000e+02	7.000000000000000000e+00	1.411299999999999955e+01	1.413030000000000008e+01	1.431191704101300743e+01
3.600000000000000000e+02	7.500000000000000000e+00	1.421700000000000053e+01	1.423739999999999917e+01	1.443633744488256632e+01
3.600000000000000000e+02	8.019999999999999574e+00	1.433300000000000018e+01	1.435239999999999938e+01	1.461786772831619174e+01
3.600000000000000000e+02	8.509999999999999787e+00	1.444999999999999929e+01	1.446419999999999995e+01	1.488662469418278000e+01
3.600000000000000000e+02	8.980000000000000426e+00	1.456099999999999994e+01	1.457440000000000069e+01	1.487279486353191693e+01
3.600000000000000000e+02	9.480000000000000426e+00	1.468399999999999928e+01	1.469490000000000052e+01	1.457056280914040336e+01
3.600000000000000000e+02	1.000000000000000000e+01	1.481400000000000006e+01	1.482370000000000054e+01	1.475542926437174351e+01
3.600000000000000000e+02	1.048000000000000043e+01	1.494100000000000072e+01	1.494560000000000066e+01	1.447829930826225997e+01
3.600000000000000000e+02	1.099000000000000021e+01	1.507600000000000051e+01	1.507840000000000025e+01	1.511452060050018531e+01
3.600000000000000000e+02	1.150000000000000000e+01	1.521299999999999919e+01	1.521439999999999948e+01	1.520561583075744494e+01
3.600000000000000000e+02	1.198000000000000043e+01	1.534600000000000009e+01	1.534529999999999994e+01	1.530741377864622166e+01
3.600000000000000000e+02	1.249000000000000021e+01	1.548700000000000010e+01	1.548729999999999940e+01	1.561106306425414303e+01
3.600000000000000000e+02	1.299000000000000021e+01	1.563199999999999967e+01	1.562950000000000017e+01	1.579991794337146871e+01
3.600000000000000000e+02	1.348000000000000043e+01	1.577800000000000047e+01	1.577149999999999963e+01	1.611266863902256574e+01
3.600000000000000000e+02	1.398000000000000043e+01	1.592699999999999960e+01	1.591910000000000025e+01	1.617246745949712050e+01
3.600000000000000000e+02	1.449000000000000021e+01	1.608200000000000074e+01	1.607239999999999824e+01	1.627127037952527999e+01
3.600000000000000000e+02	1.499000000000000021e+01	1.624099999999999966e+01	1.622510000000000119e+01	1.658625073813320228e+01
3.600000000000000000e+02	1.600000000000000000e+01	1.656200000000000117e+01	1.654090000000000060e+01	1.685346019547936791e+01
3.600000000000000000e+02	1.703999999999999915e+01	1.689699999999999847e+01	1.687539999999999907e+01	1.738400246990875431e+01
3.600000000000000000e+02	1.801999999999999957e+01	1.722200000000000131e+01	1.719849999999999923e+01	1.769182306451770614e+01
3.600000000000000000e+02	1.898999999999999844e+01	1.755000000000000071e+01	1.752479999999999905e+01	1.801480125277615585e+01
3.600000000000000000e+02	1.994000000000000128e+01	1.788200000000000145e+01	1.785010000000000119e+01	1.840417642606252713e+01
3.600000000000000000e+02	2.098000000000000043e+01	1.824800000000000111e+01	1.821160000000000068e+01	1.848703674908357542e+01
3.600000000000000000e+02	2.198000000000000043e+01	1.860500000000000043e+01	1.856390000000000029e+01	1.891390702798018353e+01
3.600000000000000000e+02	2.287999999999999901e+01	1.892999999999999972e+01	1.888400000000000034e+01	1.951190918670169339e+01
3.600000000000000000e+02	2.401999999999999957e+01	1.932799999999999940e+01	1.929289999999999949e+01	1.964641649195426609e+01
3.600000000000000000e+02	2.498999999999999844e+01	1.968900000000000006e+01	1.964320000000000022e+01	2.034283528651407380e+01
3.600000000000000000e+02	2.598000000000000043e+01	2.005199999999999960e+01	2.000209999999999866e+01	2.064317089300764607e+01
3.600000000000000000e+02	2.689999999999999858e+01	2.037999999999999901e+01	2.033650000000000091e+01	2.052146213711922940e+01
3.600000000000000000e+02	2.803000000000000114e+01	2.080000000000000071e+01	2.074769999999999825e+01	2.099878528621240292e+01
3.600000000000000000e+02	2.917999999999999972e+01	2.122500000000000142e+01	2.116610000000000014e+01	2.108701636711223415e+01
2.931499999999999773e+02	1.182000000000000028e+02	1.091999999999999993e+01	5.701370000000000005e+01	6.001003000471080639e+01
2.331500000000000057e+02	5.509999999999999787e+00	1.088000000000000078e+01	1.064509999999999934e+01	1.088725462902709928e+01
2.331500000000000057e+02	7.339999999999999858e+00	1.236100000000000065e+01	1.213690000000000069e+01	1.374001291920356493e+01
2.331500000000000057e+02	8.839999999999999858e+00	1.419699999999999918e+01	1.398969999999999914e+01	1.525379472531713709e+01
2.331500000000000057e+02	1.034999999999999964e+01	1.658099999999999952e+01	1.636510000000000176e+01	1.620990318004068698e+01
2.331500000000000057e+02	1.200999999999999979e+01	1.933200000000000074e+01	1.909390000000000143e+01	2.095655702690285338e+01
2.331500000000000057e+02	1.430000000000000071e+01	2.267899999999999849e+01	2.242549999999999955e+01	2.494336711697027908e+01
2.331500000000000057e+02	1.776000000000000156e+01	2.663100000000000023e+01	2.645370000000000132e+01	2.520869007815513285e+01
2.331500000000000057e+02	2.323000000000000043e+01	3.127799999999999869e+01	3.135480000000000089e+01	3.403719798722222833e+01
2.631499999999999773e+02	6.719999999999999751e+00	1.193999999999999950e+01	1.177069999999999972e+01	1.186750317561736878e+01
2.631499999999999773e+02	9.349999999999999645e+00	1.342200000000000060e+01	1.327420000000000044e+01	1.335713532454165886e+01
2.631499999999999773e+02	1.176999999999999957e+01	1.525000000000000000e+01	1.511989999999999945e+01	1.508489915129480607e+01
2.631499999999999773e+02	1.434999999999999964e+01	1.754599999999999937e+01	1.741339999999999932e+01	1.802298775974896117e+01
2.631499999999999773e+02	1.737999999999999901e+01	2.030799999999999983e+01	2.017099999999999937e+01	2.057294001820831753e+01
2.631499999999999773e+02	2.130000000000000071e+01	2.354700000000000060e+01	2.346059999999999945e+01	2.302732267996979587e+01
2.631499999999999773e+02	2.564000000000000057e+01	2.656800000000000139e+01	2.665530000000000044e+01	2.610054109157201196e+01
2.931499999999999773e+02	7.910000000000000142e+00	1.296599999999999930e+01	1.281559999999999988e+01	1.300873706813879593e+01
2.931499999999999773e+02	1.130000000000000071e+01	1.442800000000000082e+01	1.430240000000000045e+01	1.479801753457511815e+01
2.931499999999999773e+02	1.131000000000000050e+01	1.444200000000000017e+01	1.430739999999999945e+01	1.479801753457511815e+01
2.931499999999999773e+02	1.469999999999999929e+01	1.629299999999999926e+01	1.616939999999999955e+01	1.614098090941584829e+01
2.931499999999999773e+02	1.835000000000000142e+01	1.853500000000000014e+01	1.841479999999999961e+01	1.779481506701629812e+01
2.931499999999999773e+02	2.267999999999999972e+01	2.121099999999999852e+01	2.111820000000000164e+01	1.783392130092136796e+01
2.931499999999999773e+02	2.810999999999999943e+01	2.430399999999999849e+01	2.430580000000000140e+01	1.813246306137740405e+01
2.931499999999999773e+02	2.825000000000000000e+01	2.438200000000000145e+01	2.438410000000000011e+01	1.813246306137740405e+01
3.331499999999999773e+02	4.910000000000000142e+00	1.310599999999999987e+01	1.297320000000000029e+01	1.452722569018490617e+01
3.331499999999999773e+02	9.470000000000000639e+00	1.427899999999999991e+01	1.412030000000000030e+01	1.588704418756769243e+01
3.331499999999999773e+02	1.391000000000000014e+01	1.576800000000000068e+01	1.560319999999999929e+01	1.657081990244055092e+01
3.331499999999999773e+02	1.851999999999999957e+01	1.760800000000000054e+01	1.743609999999999971e+01	1.802842753184125968e+01
3.331499999999999773e+02	2.364999999999999858e+01	1.982900000000000063e+01	1.965520000000000067e+01	1.973087063653597539e+01
3.331499999999999773e+02	2.967000000000000171e+01	2.242800000000000082e+01	2.228280000000000172e+01	2.177283684520768858e+01
3.731499999999999773e+02	5.599999999999999645e+00	1.434600000000000009e+01	1.420299999999999940e+01	1.450812701349616418e+01
3.731499999999999773e+02	1.098000000000000043e+01	1.553100000000000058e+01	1.534140000000000015e+01	1.503835131238510670e+01
3.731499999999999773e+02	1.644000000000000128e+01	1.702799999999999869e+01	1.680679999999999907e+01	1.665235283287537627e+01
3.731499999999999773e+02	1.648000000000000043e+01	1.704700000000000060e+01	1.681850000000000023e+01	1.665235283287537627e+01
3.731499999999999773e+02	2.223000000000000043e+01	1.885399999999999920e+01	1.859990000000000165e+01	1.876426909719413061e+01
3.731499999999999773e+02	2.885000000000000142e+01	2.106700000000000017e+01	2.079309999999999903e+01	2.121875877043299852e+01
3.731499999999999773e+02	2.887999999999999901e+01	2.107900000000000063e+01	2.080310000000000059e+01	2.121875877043299852e+01
4.231499999999999773e+02	6.459999999999999964e+00	1.581199999999999939e+01	1.565859999999999985e+01	1.409339818137748246e+01
4.231499999999999773e+02	1.290000000000000036e+01	1.702299999999999969e+01	1.679530000000000101e+01	1.567958965118547532e+01
4.231499999999999773e+02	2.696000000000000085e+01	2.038400000000000034e+01	2.001490000000000080e+01	2.084759901497569956e+01
4.231499999999999773e+02	1.960000000000000142e+01	1.853399999999999892e+01	1.823620000000000019e+01	1.802404159514670923e+01
4.731499999999999773e+02	1.480000000000000071e+01	1.837900000000000134e+01	1.816809999999999903e+01	1.629895787568234411e+01
4.731499999999999773e+02	2.278999999999999915e+01	1.987199999999999989e+01	1.959840000000000160e+01	1.904858932177143416e+01
4.731499999999999773e+02	7.309999999999999609e+00	1.716499999999999915e+01	1.703559999999999874e+01	1.420714522152015391e+01
5.231499999999999773e+02	8.289999999999999147e+00	1.848199999999999932e+01	1.836199999999999832e+01	1.465358042209854794e+01
5.231499999999999773e+02	1.660999999999999943e+01	1.965599999999999881e+01	1.946239999999999881e+01	1.701859283313634563e+01
5.231499999999999773e+02	2.585999999999999943e+01	2.115399999999999991e+01	2.087659999999999982e+01	2.025113560869554519e+01
5.231499999999999773e+02	2.596000000000000085e+01	2.117699999999999960e+01	2.089270000000000138e+01	2.025113560869554519e+01
2.731000000000000227e+02	9.026000000000000512e+01	5.335000000000000142e+01	5.271320000000000050e+01	5.391803960209703206e+01
2.731000000000000227e+02	1.005999999999999943e+02	5.675000000000000000e+01	5.608469999999999800e+01	5.718290800419561037e+01
2.731000000000000227e+02	1.192000000000000028e+02	6.297999999999999687e+01	6.190899999999999892e+01	6.336659391458692170e+01
2.731000000000000227e+02	1.403000000000000114e+02	7.031999999999999318e+01	6.826670000000000016e+01	7.084123473453603026e+01
2.731000000000000227e+02	1.609000000000000057e+02	7.645999999999999375e+01	7.432189999999999941e+01	7.787645690732492199e+01
2.731000000000000227e+02	1.805000000000000000e+02	8.298000000000000398e+01	8.000960000000000605e+01	8.392647900733969379e+01
2.731000000000000227e+02	4.620000000000000107e+00	1.124000000000000021e+01	1.120899999999999963e+01	1.150954069879327157e+01
2.731000000000000227e+02	5.120000000000000107e+00	1.150999999999999979e+01	1.136660000000000004e+01	1.168562302319065971e+01
2.731000000000000227e+02	5.419999999999999929e+00	1.177999999999999936e+01	1.146710000000000029e+01	1.169336672203258765e+01
2.731000000000000227e+02	5.750000000000000000e+00	1.175000000000000000e+01	1.158290000000000042e+01	1.190041761995809289e+01
2.731000000000000227e+02	6.129999999999999893e+00	1.196000000000000085e+01	1.172330000000000005e+01	1.181143137313991964e+01
2.731000000000000227e+02	6.400000000000000355e+00	1.216999999999999993e+01	1.182779999999999987e+01	1.192421191586637796e+01
2.731000000000000227e+02	6.750000000000000000e+00	1.226999999999999957e+01	1.196920000000000073e+01	1.214411874223736909e+01
2.731000000000000227e+02	7.129999999999999893e+00	1.242999999999999972e+01	1.213049999999999962e+01	1.245759258863501628e+01
2.731000000000000227e+02	7.469999999999999751e+00	1.267999999999999972e+01	1.228190000000000026e+01	1.277405519897561348e+01
2.731000000000000227e+02	7.959999999999999964e+00	1.274000000000000021e+01	1.251190000000000069e+01	1.282313645521620415e+01
2.731000000000000227e+02	8.500000000000000000e+00	1.308999999999999986e+01	1.278190000000000026e+01	1.290328391869433311e+01
2.731000000000000227e+02	9.000000000000000000e+00	1.325999999999999979e+01	1.304729999999999990e+01	1.301975240211271867e+01
2.731000000000000227e+02	9.539999999999999147e+00	1.351999999999999957e+01	1.335079999999999956e+01	1.309013054784781360e+01
2.731000000000000227e+02	1.002999999999999936e+01	1.391999999999999993e+01	1.364090000000000025e+01	1.310219002513451336e+01
2.731000000000000227e+02	1.075000000000000000e+01	1.433000000000000007e+01	1.409210000000000029e+01	1.327733421992721397e+01
2.731000000000000227e+02	1.150000000000000000e+01	1.471000000000000085e+01	1.459140000000000015e+01	1.449467967456871165e+01
2.731000000000000227e+02	1.246000000000000085e+01	1.544999999999999929e+01	1.526970000000000027e+01	1.531898834857277159e+01
2.731000000000000227e+02	1.349000000000000021e+01	1.607000000000000028e+01	1.603750000000000142e+01	1.590787263228910220e+01
2.731000000000000227e+02	1.456000000000000050e+01	1.703999999999999915e+01	1.686659999999999826e+01	1.648843889868904711e+01
2.731000000000000227e+02	1.547000000000000064e+01	1.764999999999999858e+01	1.758689999999999998e+01	1.674672602601728499e+01
2.731000000000000227e+02	1.714000000000000057e+01	1.896999999999999886e+01	1.891920000000000002e+01	1.843718130936533584e+01
2.731000000000000227e+02	1.851999999999999957e+01	2.014999999999999858e+01	2.000900000000000034e+01	1.976873974395011047e+01
2.731000000000000227e+02	2.005000000000000071e+01	2.119999999999999929e+01	2.118840000000000146e+01	2.151765465882608552e+01
2.731000000000000227e+02	2.146999999999999886e+01	2.233999999999999986e+01	2.224820000000000064e+01	2.176592324189929784e+01
2.731000000000000227e+02	2.276999999999999957e+01	2.323000000000000043e+01	2.318629999999999924e+01	2.676813980150169670e+01
2.731000000000000227e+02	2.450000000000000000e+01	2.453000000000000114e+01	2.438670000000000115e+01	2.663451842333951092e+01
2.731000000000000227e+02	2.607000000000000028e+01	2.551000000000000156e+01	2.543009999999999948e+01	2.889746540188841806e+01
2.731000000000000227e+02	2.798000000000000043e+01	2.669000000000000128e+01	2.664430000000000121e+01	2.962304818290208885e+01
2.731000000000000227e+02	3.000000000000000000e+01	2.794999999999999929e+01	2.786840000000000117e+01	2.973307378565643688e+01
2.731000000000000227e+02	3.256000000000000227e+01	2.928000000000000114e+01	2.934120000000000061e+01	3.283629100685369195e+01
2.731000000000000227e+02	3.539999999999999858e+01	3.107999999999999829e+01	3.088629999999999853e+01	3.283629100685369195e+01
2.731000000000000227e+02	3.865999999999999659e+01	3.275999999999999801e+01	3.256269999999999953e+01	3.895540925547712163e+01
2.731000000000000227e+02	4.052000000000000313e+01	3.367000000000000171e+01	3.347930000000000206e+01	3.895540925547712163e+01
2.731000000000000227e+02	4.418999999999999773e+01	3.554999999999999716e+01	3.521540000000000248e+01	3.895540925547712163e+01
2.731000000000000227e+02	4.699000000000000199e+01	3.657000000000000028e+01	3.648369999999999891e+01	4.577187111696090227e+01
2.731000000000000227e+02	5.010999999999999943e+01	3.829999999999999716e+01	3.784779999999999944e+01	4.577187111696090227e+01
2.731000000000000227e+02	5.527000000000000313e+01	3.996999999999999886e+01	4.000750000000000028e+01	4.838085826452110183e+01
2.731000000000000227e+02	6.021999999999999886e+01	4.209000000000000341e+01	4.198490000000000322e+01	4.838085826452110183e+01
2.731499999999999773e+02	6.523999999999999488e+01	4.415999999999999659e+01	4.390279999999999916e+01	4.889979660115806581e+01
2.731499999999999773e+02	7.023999999999999488e+01	4.621000000000000085e+01	4.575730000000000075e+01	4.889979660115806581e+01
2.731499999999999773e+02	7.529999999999999716e+01	4.806000000000000227e+01	4.757780000000000342e+01	5.733869685516358317e+01
2.731499999999999773e+02	8.056999999999999318e+01	4.985999999999999943e+01	4.942260000000000275e+01	5.845535731271677804e+01
2.731499999999999773e+02	8.056999999999999318e+01	4.975000000000000000e+01	4.942260000000000275e+01	5.845535731271677804e+01
2.731499999999999773e+02	8.525000000000000000e+01	5.182000000000000028e+01	5.102300000000000324e+01	5.845535731271677804e+01
2.731499999999999773e+02	9.026999999999999602e+01	5.372999999999999687e+01	5.270530000000000115e+01	5.103288210164790684e+01
2.731499999999999773e+02	9.506000000000000227e+01	5.600000000000000000e+01	5.428130000000000166e+01	4.530907817266709969e+01
2.731499999999999773e+02	1.005900000000000034e+02	5.707999999999999829e+01	5.606980000000000075e+01	4.627027825791457616e+01
2.731499999999999773e+02	1.099899999999999949e+02	6.071999999999999886e+01	5.904540000000000077e+01	4.633992284876298129e+01
2.731499999999999773e+02	1.200900000000000034e+02	6.339000000000000057e+01	6.216899999999999693e+01	5.158865161009977385e+01
2.731499999999999773e+02	1.298700000000000045e+02	6.757999999999999829e+01	6.513649999999999807e+01	6.068531609303791896e+01
2.731499999999999773e+02	1.403300000000000125e+02	7.081999999999999318e+01	6.826210000000000377e+01	6.059927851643329433e+01
2.731499999999999773e+02	1.501200000000000045e+02	7.443000000000000682e+01	7.115290000000000248e+01	7.067505635986022128e+01
2.731499999999999773e+02	1.609399999999999977e+02	7.779000000000000625e+01	7.431910000000000593e+01	7.126894709616200885e+01
2.731499999999999773e+02	1.805099999999999909e+02	8.396999999999999886e+01	7.999720000000000653e+01	7.842268524616878267e+01
2.981499999999999773e+02	4.990000000000000213e+00	1.200999999999999979e+01	1.201309999999999967e+01	1.255521430202627009e+01
3.231499999999999773e+02	4.719999999999999751e+00	1.275000000000000000e+01	1.265179999999999971e+01	1.245400592880293722e+01
3.481499999999999773e+02	4.740000000000000213e+00	1.344999999999999929e+01	1.335890000000000022e+01	1.309959680597845733e+01
3.731499999999999773e+02	4.940000000000000391e+00	1.414000000000000057e+01	1.408670000000000044e+01	1.379445201264527121e+01
2.981499999999999773e+02	5.219999999999999751e+00	1.231000000000000050e+01	1.207390000000000008e+01	1.260074012918018305e+01
2.981499999999999773e+02	7.469999999999999751e+00	1.326999999999999957e+01	1.275910000000000011e+01	1.316349336448365648e+01
2.981499999999999773e+02	9.539999999999999147e+00	1.403999999999999915e+01	1.353950000000000031e+01	1.387626754412508134e+01
2.981499999999999773e+02	1.222000000000000064e+01	1.524000000000000021e+01	1.475869999999999926e+01	1.517367959549021705e+01
2.981499999999999773e+02	1.516999999999999993e+01	1.691000000000000014e+01	1.632740000000000080e+01	1.639176575727963581e+01
2.981499999999999773e+02	1.767000000000000171e+01	1.835000000000000142e+01	1.777530000000000143e+01	1.725441387868597687e+01
2.981499999999999773e+02	2.048999999999999844e+01	2.014999999999999858e+01	1.945680000000000121e+01	1.850762001652798716e+01
2.981499999999999773e+02	2.505999999999999872e+01	2.298000000000000043e+01	2.213449999999999918e+01	2.122212473540212230e+01
2.981499999999999773e+02	3.046999999999999886e+01	2.607000000000000028e+01	2.509329999999999927e+01	2.346418507004147713e+01
2.981499999999999773e+02	3.400999999999999801e+01	2.798000000000000043e+01	2.689089999999999847e+01	2.370107858000925560e+01
2.981499999999999773e+02	4.024000000000000199e+01	3.121999999999999886e+01	2.981899999999999906e+01	2.365510853939422731e+01
2.981499999999999773e+02	5.045000000000000284e+01	3.567999999999999972e+01	3.411399999999999721e+01	2.317341009088415760e+01
2.981499999999999773e+02	5.995000000000000284e+01	3.985000000000000142e+01	3.771410000000000196e+01	2.318382450448776311e+01
2.981499999999999773e+02	6.992000000000000171e+01	4.410000000000000142e+01	4.120969999999999800e+01	1.223556061097395009e+01
2.981499999999999773e+02	8.101999999999999602e+01	4.800999999999999801e+01	4.485949999999999704e+01	1.201617035222549745e+01
2.981499999999999773e+02	9.206000000000000227e+01	5.182000000000000028e+01	4.830680000000000263e+01	1.201540895455626234e+01
2.981499999999999773e+02	1.031500000000000057e+02	5.560999999999999943e+01	5.163510000000000133e+01	1.193686080934777394e+01
2.981499999999999773e+02	1.243499999999999943e+02	6.288000000000000256e+01	5.773910000000000053e+01	1.156755816780800572e+01
2.981499999999999773e+02	1.501200000000000045e+02	7.123000000000000398e+01	6.487800000000000011e+01	1.552274751644247708e+01
2.981499999999999773e+02	1.758799999999999955e+02	7.876000000000000512e+01	7.185890000000000555e+01	1.885580451041143846e+01
3.000000000000000000e+02	2.751999999999999957e+01	2.307999999999999829e+01	2.335269999999999868e+01	2.369917622293197823e+01
3.000000000000000000e+02	2.460999999999999943e+01	2.162999999999999901e+01	2.173809999999999931e+01	2.125779270828181211e+01
3.000000000000000000e+02	2.198000000000000043e+01	2.010999999999999943e+01	2.022640000000000171e+01	1.896106340537081891e+01
3.000000000000000000e+02	1.985999999999999943e+01	1.889000000000000057e+01	1.898590000000000089e+01	1.902768221968791806e+01
3.000000000000000000e+02	1.758999999999999986e+01	1.760000000000000142e+01	1.766000000000000014e+01	1.752248785156511346e+01
3.000000000000000000e+02	1.422000000000000064e+01	1.617000000000000171e+01	1.577570000000000050e+01	1.589838553217076900e+01
3.000000000000000000e+02	1.066000000000000014e+01	1.409999999999999964e+01	1.403630000000000067e+01	1.311376360526767293e+01
3.000000000000000000e+02	8.589999999999999858e+00	1.342999999999999972e+01	1.319570000000000043e+01	1.347428850722658034e+01
3.000000000000000000e+02	6.580000000000000071e+00	1.257000000000000028e+01	1.251290000000000013e+01	1.249667115585804567e+01
2.500000000000000000e+02	3.310999999999999943e+01	3.390999999999999659e+01	3.394069999999999965e+01	2.910263009540664214e+01
2.500000000000000000e+02	3.021000000000000085e+01	3.211999999999999744e+01	3.217759999999999820e+01	2.715204393090407464e+01
2.500000000000000000e+02	2.626000000000000156e+01	2.955999999999999872e+01	2.955949999999999989e+01	2.584385095795177634e+01
2.500000000000000000e+02	2.342999999999999972e+01	2.744000000000000128e+01	2.748079999999999856e+01	2.488843435684635708e+01
2.500000000000000000e+02	1.991000000000000014e+01	2.455000000000000071e+01	2.456940000000000168e+01	2.173932557180906500e+01
2.500000000000000000e+02	1.564000000000000057e+01	2.032999999999999829e+01	2.038090000000000046e+01	1.847343294864838370e+01
2.500000000000000000e+02	1.422000000000000064e+01	1.930000000000000071e+01	1.881240000000000023e+01	1.755456047129924713e+01
2.500000000000000000e+02	1.283000000000000007e+01	1.723999999999999844e+01	1.722500000000000142e+01	1.595899397521923646e+01
2.500000000000000000e+02	1.149000000000000021e+01	1.586999999999999922e+01	1.570909999999999940e+01	1.485435584540204168e+01
2.500000000000000000e+02	1.009999999999999964e+01	1.456000000000000050e+01	1.424629999999999974e+01	1.378352449018946402e+01
2.500000000000000000e+02	8.689999999999999503e+00	1.311999999999999922e+01	1.296560000000000024e+01	1.360242065512337639e+01
2.500000000000000000e+02	7.250000000000000000e+00	1.231000000000000050e+01	1.190930000000000000e+01	1.237419004411589540e+01
2.500000000000000000e+02	5.799999999999999822e+00	1.135999999999999943e+01	1.108970000000000056e+01	1.123786450214851840e+01
2.000000000000000000e+02	2.607000000000000028e+01	4.554999999999999716e+01	4.526389999999999958e+01	3.073347214604912025e+01
2.000000000000000000e+02	2.278999999999999915e+01	4.325999999999999801e+01	4.279449999999999932e+01	2.988739649196747550e+01
2.000000000000000000e+02	1.714999999999999858e+01	3.846999999999999886e+01	3.797549999999999670e+01	2.641837372756039315e+01
2.000000000000000000e+02	1.349000000000000021e+01	3.449000000000000199e+01	3.419839999999999947e+01	2.289453116587076664e+01
2.000000000000000000e+02	1.075000000000000000e+01	3.117999999999999972e+01	3.069660000000000011e+01	1.682682192703859414e+01
2.000000000000000000e+02	8.980000000000000426e+00	2.810999999999999943e+01	2.777929999999999922e+01	1.424097472983477530e+01
2.000000000000000000e+02	7.929999999999999716e+00	2.603000000000000114e+01	2.550240000000000151e+01	1.323082384369093667e+01
2.000000000000000000e+02	7.099999999999999645e+00	2.325000000000000000e+01	2.302070000000000149e+01	1.234945522820365582e+01
2.000000000000000000e+02	6.089999999999999858e+00	1.773000000000000043e+01	1.714389999999999858e+01	1.091759631950022147e+01
2.000000000000000000e+02	5.719999999999999751e+00	1.397000000000000064e+01	1.367660000000000053e+01	1.083812653271626125e+01
2.000000000000000000e+02	5.339999999999999858e+00	1.227999999999999936e+01	1.153180000000000049e+01	1.083505462072449710e+01
2.000000000000000000e+02	5.059999999999999609e+00	1.143999999999999950e+01	1.066189999999999927e+01	1.087736210134640658e+01
2.000000000000000000e+02	4.690000000000000391e+00	1.071000000000000085e+01	9.922000000000000597e+00	1.086350892138239388e+01
2.731499999999999773e+02	6.059999999999999609e+00	1.159699999999999953e+01	1.169800000000000040e+01	1.188054367777883336e+01
2.731499999999999773e+02	1.011999999999999922e+01	1.330799999999999983e+01	1.369539999999999935e+01	1.381251871920991015e+01
2.731499999999999773e+02	1.416999999999999993e+01	1.638100000000000023e+01	1.655880000000000152e+01	1.691654027200786103e+01
2.731499999999999773e+02	2.023999999999999844e+01	2.103999999999999915e+01	2.132659999999999911e+01	2.131412258281918071e+01
2.731499999999999773e+02	3.032000000000000028e+01	2.766300000000000026e+01	2.804960000000000164e+01	2.966653017634404677e+01
2.731499999999999773e+02	4.047999999999999687e+01	3.308599999999999852e+01	3.345150000000000290e+01	3.354151815384307866e+01
2.731499999999999773e+02	5.057000000000000028e+01	3.767999999999999972e+01	3.803589999999999804e+01	3.769058571774236555e+01
2.231500000000000057e+02	8.099999999999999645e+00	1.376500000000000057e+01	1.405160000000000053e+01	1.349442819396647586e+01
2.231500000000000057e+02	1.011999999999999922e+01	1.817500000000000071e+01	1.848440000000000083e+01	1.645730460649429006e+01
2.231500000000000057e+02	1.416999999999999993e+01	2.484799999999999898e+01	2.535470000000000113e+01	2.495960421073451130e+01
2.231500000000000057e+02	2.023000000000000043e+01	3.120299999999999940e+01	3.181230000000000047e+01	2.710597771133912559e+01
2.231500000000000057e+02	3.033999999999999986e+01	3.856799999999999784e+01	3.938060000000000116e+01	3.265446560556183897e+01
2.231500000000000057e+02	4.047999999999999687e+01	4.458299999999999841e+01	4.541129999999999711e+01	3.846440941249335310e+01
2.231500000000000057e+02	5.057999999999999829e+01	4.987500000000000000e+01	5.063750000000000284e+01	4.226761237796480231e+01
1.981500000000000057e+02	6.080000000000000071e+00	1.950600000000000023e+01	1.990980000000000061e+01	1.091759631950022147e+01
1.981500000000000057e+02	7.099999999999999645e+00	2.436199999999999832e+01	2.462419999999999831e+01	1.234945522820365582e+01
1.981500000000000057e+02	1.010999999999999943e+01	3.067899999999999849e+01	3.076139999999999830e+01	1.645730460649429006e+01
1.981500000000000057e+02	1.408000000000000007e+01	3.574199999999999733e+01	3.575930000000000319e+01	2.355956768105465926e+01
1.981500000000000057e+02	2.023000000000000043e+01	4.111500000000000199e+01	4.156629999999999825e+01	2.710597771133912559e+01
1.981500000000000057e+02	3.033999999999999986e+01	4.850500000000000256e+01	4.908279999999999887e+01	3.265446560556183897e+01
1.981500000000000057e+02	4.046000000000000085e+01	5.477300000000000324e+01	5.537469999999999715e+01	3.846440941249335310e+01
1.981500000000000057e+02	5.020000000000000284e+01	6.075500000000000256e+01	6.075469999999999970e+01	4.276038211608721440e+01
2.775899999999999750e+02	1.024099999999999966e+02	1.243800000000000061e+01	5.562599999999999767e+01	4.239910137057418638e+01
2.775899999999999750e+02	1.024099999999999966e+02	1.245899999999999963e+01	5.562599999999999767e+01	4.239910137057418638e+01
2.775899999999999750e+02	1.024099999999999966e+02	1.244500000000000028e+01	5.562599999999999767e+01	4.239910137057418638e+01
3.109300000000000068e+02	9.234999999999999432e+01	1.282300000000000040e+01	4.628110000000000213e+01	2.139635072656621873e+01
3.109300000000000068e+02	9.234999999999999432e+01	1.283500000000000085e+01	4.628110000000000213e+01	2.139635072656621873e+01
3.109300000000000068e+02	1.500099999999999909e+02	1.428700000000000081e+01	6.211730000000000018e+01	1.425573196971329892e+01
3.109300000000000068e+02	1.500099999999999909e+02	1.424900000000000055e+01	6.211730000000000018e+01	1.428851864759406531e+01
3.109300000000000068e+02	1.500000000000000000e+02	1.432799999999999940e+01	6.211460000000000292e+01	1.428851864759406531e+01
3.109300000000000068e+02	1.969799999999999898e+02	1.553599999999999959e+01	7.434329999999999927e+01	3.075740968875555836e+01
3.109300000000000068e+02	1.969799999999999898e+02	1.553599999999999959e+01	7.434329999999999927e+01	3.075740968875555836e+01
3.109300000000000068e+02	1.969799999999999898e+02	1.563400000000000034e+01	7.434329999999999927e+01	3.075740968875555836e+01
3.109300000000000068e+02	1.969799999999999898e+02	1.564199999999999946e+01	7.434329999999999927e+01	3.075740968875555836e+01
3.775899999999999750e+02	1.036700000000000017e+02	1.463899999999999935e+01	4.127859999999999729e+01	1.694030102411166183e+01
3.775899999999999750e+02	1.036800000000000068e+02	1.465799999999999947e+01	4.128090000000000259e+01	1.694030102411166183e+01
3.775899999999999750e+02	1.036800000000000068e+02	1.465600000000000058e+01	4.128090000000000259e+01	1.694030102411166183e+01
4.442599999999999909e+02	1.027399999999999949e+02	1.637699999999999889e+01	3.651180000000000092e+01	1.455712578118505363e+01
4.442599999999999909e+02	1.027699999999999960e+02	1.635699999999999932e+01	3.651760000000000161e+01	1.455712578118505363e+01
4.442599999999999909e+02	1.028100000000000023e+02	1.635800000000000054e+01	3.652530000000000143e+01	1.695216069566211559e+01
4.775899999999999750e+02	1.040400000000000063e+02	1.724200000000000088e+01	3.529950000000000188e+01	1.776021969904848774e+01
4.775899999999999750e+02	1.040799999999999983e+02	1.725300000000000011e+01	3.530649999999999977e+01	1.776021969904848774e+01
4.775899999999999750e+02	1.041299999999999955e+02	1.721399999999999864e+01	3.531539999999999679e+01	1.776021969904848774e+01
2.275900000000000034e+02	6.080000000000000071e+00	1.087500000000000000e+01	1.103040000000000020e+01	1.348406096943437760e+01
2.275900000000000034e+02	8.109999999999999432e+00	1.352800000000000047e+01	1.346950000000000003e+01	1.392780775218824729e+01
2.275900000000000034e+02	1.216000000000000014e+01	2.164099999999999824e+01	2.088670000000000115e+01	2.105520141673878598e+01
2.275900000000000034e+02	1.418999999999999950e+01	2.501300000000000168e+01	2.391169999999999973e+01	2.455455632587872827e+01
2.414799999999999898e+02	6.080000000000000071e+00	1.111700000000000088e+01	1.110469999999999935e+01	1.151960264574131543e+01
2.414799999999999898e+02	8.109999999999999432e+00	1.239000000000000057e+01	1.265639999999999965e+01	1.285752276722262444e+01
2.414799999999999898e+02	1.013000000000000078e+01	1.414400000000000013e+01	1.489959999999999951e+01	1.547360916941439690e+01
2.414799999999999898e+02	1.418999999999999950e+01	1.869200000000000017e+01	2.028760000000000119e+01	2.342089853640791830e+01
2.414799999999999898e+02	1.621000000000000085e+01	2.086499999999999844e+01	2.268609999999999971e+01	2.436466307066837800e+01
2.553700000000000045e+02	4.940000000000000391e+00	1.126399999999999935e+01	1.083880000000000088e+01	1.097913353773065559e+01
2.553700000000000045e+02	7.009999999999999787e+00	1.200999999999999979e+01	1.180749999999999922e+01	1.197437108744045986e+01
2.553700000000000045e+02	9.890000000000000568e+00	1.345400000000000063e+01	1.383120000000000083e+01	1.370409111239063726e+01
2.553700000000000045e+02	1.334999999999999964e+01	1.579899999999999949e+01	1.718370000000000175e+01	1.607811056192883115e+01
2.553700000000000045e+02	1.689000000000000057e+01	1.848699999999999832e+01	2.079429999999999978e+01	1.996952454724527470e+01
2.692599999999999909e+02	5.549999999999999822e+00	1.212299999999999933e+01	1.141639999999999944e+01	1.162544337375747894e+01
2.692599999999999909e+02	7.980000000000000426e+00	1.292300000000000004e+01	1.247729999999999961e+01	1.271551352305020544e+01
2.692599999999999909e+02	1.150000000000000000e+01	1.438400000000000034e+01	1.468570000000000064e+01	1.483088949173242632e+01
2.692599999999999909e+02	1.593999999999999950e+01	1.673100000000000165e+01	1.827400000000000091e+01	1.797955209214011063e+01
2.692599999999999909e+02	1.776000000000000156e+01	1.770899999999999963e+01	1.979380000000000095e+01	1.994641952657305239e+01
2.970400000000000205e+02	5.559999999999999609e+00	1.350399999999999956e+01	1.213729999999999976e+01	1.226740903835630192e+01
2.970400000000000205e+02	8.140000000000000568e+00	1.411899999999999977e+01	1.297470000000000034e+01	1.333533100028949647e+01
2.970400000000000205e+02	1.211999999999999922e+01	1.522199999999999953e+01	1.471069999999999922e+01	1.519491948228300693e+01
2.970400000000000205e+02	1.467999999999999972e+01	1.606599999999999895e+01	1.607450000000000045e+01	1.641089947469086852e+01
2.970400000000000205e+02	1.764999999999999858e+01	1.710000000000000142e+01	1.780720000000000169e+01	1.827590958459586190e+01
3.387099999999999795e+02	5.679999999999999716e+00	1.561999999999999922e+01	1.328919999999999924e+01	1.342265391987707268e+01
3.387099999999999795e+02	8.509999999999999787e+00	1.605499999999999972e+01	1.397059999999999924e+01	1.404302459323111663e+01
3.387099999999999795e+02	1.272000000000000064e+01	1.683099999999999952e+01	1.524029999999999951e+01	1.534370749052963845e+01
3.387099999999999795e+02	1.577999999999999936e+01	1.749599999999999866e+01	1.632959999999999923e+01	1.641998253413722964e+01
3.387099999999999795e+02	1.723000000000000043e+01	1.782700000000000173e+01	1.688400000000000034e+01	1.715853817328612507e+01
