# Temperature (K)	Pressure (MPa)	Experimental(uPas)	NIST(uPas)	Model(uPas)
2.929599999999999795e+02	3.400000000000000244e-01	1.092600000000000016e+01	1.093950000000000067e+01	1.098847344244434510e+01
2.970799999999999841e+02	3.400000000000000244e-01	1.106199999999999939e+01	1.107300000000000040e+01	1.111987228257818927e+01
3.238600000000000136e+02	3.400000000000000244e-01	1.191399999999999970e+01	1.192430000000000057e+01	1.196454327458897993e+01
3.505500000000000114e+02	3.400000000000000244e-01	1.273499999999999943e+01	1.274559999999999960e+01	1.279635136422035124e+01
3.781499999999999773e+02	3.400000000000000244e-01	1.356199999999999939e+01	1.356850000000000023e+01	1.362825369960695632e+01
4.058799999999999955e+02	3.400000000000000244e-01	1.436500000000000021e+01	1.437010000000000076e+01	1.413084336138630803e+01
4.338299999999999841e+02	3.400000000000000244e-01	1.514899999999999913e+01	1.515450000000000053e+01	1.575394670210619097e+01
4.618500000000000227e+02	3.400000000000000244e-01	1.591200000000000081e+01	1.591869999999999941e+01	1.651300039626306315e+01
4.901299999999999955e+02	3.400000000000000244e-01	1.666300000000000026e+01	1.666929999999999978e+01	1.698636470234182383e+01
5.188300000000000409e+02	3.400000000000000244e-01	1.739799999999999969e+01	1.741130000000000067e+01	1.698636470234182383e+01
5.426000000000000227e+02	3.400000000000000244e-01	1.799599999999999866e+01	1.801180000000000092e+01	1.698636470234182383e+01
5.653799999999999955e+02	3.400000000000000244e-01	1.856400000000000006e+01	1.857620000000000005e+01	1.698636470234182383e+01
5.940800000000000409e+02	3.400000000000000244e-01	1.926099999999999923e+01	1.927260000000000062e+01	1.698636470234182383e+01
6.233300000000000409e+02	3.400000000000000244e-01	1.995299999999999940e+01	1.996679999999999922e+01	1.698636470234182383e+01
2.919300000000000068e+02	3.400000000000000244e-01	1.089100000000000001e+01	1.090600000000000058e+01	1.098847344244434510e+01
2.964300000000000068e+02	3.400000000000000244e-01	1.102899999999999991e+01	1.105199999999999960e+01	1.111987228257818927e+01
2.890500000000000114e+02	3.400000000000000244e-01	1.081300000000000061e+01	1.081209999999999916e+01	1.098847344244434510e+01
2.965699999999999932e+02	3.400000000000000244e-01	1.104800000000000004e+01	1.105649999999999977e+01	1.111987228257818927e+01
3.234300000000000068e+02	3.400000000000000244e-01	1.188599999999999923e+01	1.191080000000000005e+01	1.196454327458897993e+01
3.506399999999999864e+02	3.400000000000000244e-01	1.272499999999999964e+01	1.274830000000000041e+01	1.279635136422035124e+01
3.782500000000000000e+02	3.400000000000000244e-01	1.355199999999999960e+01	1.357140000000000057e+01	1.362825369960695632e+01
4.060299999999999727e+02	3.400000000000000244e-01	1.435999999999999943e+01	1.437439999999999962e+01	1.413084336138630803e+01
4.340199999999999818e+02	3.400000000000000244e-01	1.514100000000000001e+01	1.515970000000000084e+01	1.575394670210619097e+01
4.617500000000000000e+02	3.400000000000000244e-01	1.590099999999999980e+01	1.591600000000000037e+01	1.651300039626306315e+01
4.901499999999999773e+02	3.400000000000000244e-01	1.664900000000000091e+01	1.666979999999999862e+01	1.698636470234182383e+01
5.187999999999999545e+02	3.400000000000000244e-01	1.740299999999999869e+01	1.741049999999999898e+01	1.698636470234182383e+01
5.423600000000000136e+02	3.400000000000000244e-01	1.798100000000000165e+01	1.800580000000000069e+01	1.698636470234182383e+01
5.651000000000000227e+02	3.400000000000000244e-01	1.854400000000000048e+01	1.856929999999999836e+01	1.698636470234182383e+01
5.938400000000000318e+02	3.400000000000000244e-01	1.923900000000000077e+01	1.926689999999999969e+01	1.698636470234182383e+01
6.230499999999999545e+02	3.400000000000000244e-01	1.993400000000000105e+01	1.996020000000000039e+01	1.698636470234182383e+01
2.904100000000000250e+02	3.400000000000000244e-01	1.083300000000000018e+01	1.085650000000000048e+01	1.098847344244434510e+01
2.107599999999999909e+02	0.000000000000000000e+00	8.080000000000000071e+00	8.075350000000000250e+00	1.609390818202134099e+01
2.258100000000000023e+02	0.000000000000000000e+00	8.621999999999999886e+00	8.613369999999999749e+00	1.597940709681345872e+01
2.482500000000000000e+02	0.000000000000000000e+00	9.407999999999999474e+00	9.397270000000000678e+00	1.591172358245529317e+01
2.731600000000000250e+02	0.000000000000000000e+00	1.025399999999999956e+01	1.024189999999999934e+01	1.453217723846834453e+01
2.981399999999999864e+02	0.000000000000000000e+00	1.107499999999999929e+01	1.106259999999999977e+01	1.116606757481994983e+01
2.981499999999999773e+02	0.000000000000000000e+00	1.107300000000000040e+01	1.106290000000000084e+01	1.116606757481994983e+01
2.981499999999999773e+02	0.000000000000000000e+00	1.107499999999999929e+01	1.106290000000000084e+01	1.116606757481994983e+01
3.132200000000000273e+02	0.000000000000000000e+00	1.155700000000000038e+01	1.154579999999999984e+01	1.131161847825718780e+01
3.315500000000000114e+02	0.000000000000000000e+00	1.213199999999999967e+01	1.212139999999999951e+01	1.229096637422582283e+01
3.525699999999999932e+02	0.000000000000000000e+00	1.277500000000000036e+01	1.276600000000000001e+01	1.276212689594278160e+01
3.711899999999999977e+02	0.000000000000000000e+00	1.332900000000000063e+01	1.332399999999999984e+01	1.347286919209125777e+01
3.915400000000000205e+02	0.000000000000000000e+00	1.392300000000000004e+01	1.392050000000000054e+01	1.367492943346482726e+01
3.915500000000000114e+02	0.000000000000000000e+00	1.392300000000000004e+01	1.392079999999999984e+01	1.367492943346482726e+01
2.107599999999999909e+02	1.000000000000000056e-01	8.067000000000000171e+00	8.088309999999999889e+00	1.609390818202134099e+01
2.258100000000000023e+02	1.000000000000000056e-01	8.608999999999999986e+00	8.626689999999999969e+00	1.597940709681345872e+01
2.482500000000000000e+02	1.000000000000000056e-01	9.394999999999999574e+00	9.410709999999999908e+00	1.591172358245529317e+01
2.731600000000000250e+02	1.000000000000000056e-01	1.024200000000000088e+01	1.025510000000000055e+01	1.453217723846834453e+01
2.981399999999999864e+02	1.000000000000000056e-01	1.106400000000000006e+01	1.107549999999999990e+01	1.116606757481994983e+01
2.981499999999999773e+02	1.000000000000000056e-01	1.106099999999999994e+01	1.107579999999999920e+01	1.116606757481994983e+01
2.981499999999999773e+02	1.000000000000000056e-01	1.106400000000000006e+01	1.107579999999999920e+01	1.116606757481994983e+01
3.132200000000000273e+02	1.000000000000000056e-01	1.154599999999999937e+01	1.155840000000000067e+01	1.131161847825718780e+01
3.315500000000000114e+02	1.000000000000000056e-01	1.212100000000000044e+01	1.213359999999999950e+01	1.229096637422582283e+01
3.525699999999999932e+02	1.000000000000000056e-01	1.276399999999999935e+01	1.277779999999999916e+01	1.276212689594278160e+01
3.711899999999999977e+02	1.000000000000000056e-01	1.331900000000000084e+01	1.333539999999999992e+01	1.347286919209125777e+01
3.915400000000000205e+02	1.000000000000000056e-01	1.391399999999999970e+01	1.393159999999999954e+01	1.367492943346482726e+01
3.915500000000000114e+02	1.000000000000000056e-01	1.391399999999999970e+01	1.393190000000000062e+01	1.367492943346482726e+01
2.600000000000000000e+02	1.000000000000000056e-01	9.814999999999999503e+00	9.812369999999999592e+00	1.591172358245529317e+01
2.600000000000000000e+02	2.000000000000000111e-01	9.836000000000000298e+00	9.826060000000000016e+00	9.959479195631585569e+00
2.600000000000000000e+02	2.999999999999999889e-01	9.851000000000000867e+00	9.840099999999999625e+00	9.959479195631585569e+00
2.600000000000000000e+02	4.000000000000000222e-01	9.865000000000000213e+00	9.854469999999999175e+00	9.959479195631585569e+00
2.600000000000000000e+02	5.000000000000000000e-01	9.878999999999999559e+00	9.869180000000000064e+00	9.959479195631585569e+00
2.600000000000000000e+02	5.999999999999999778e-01	9.896000000000000796e+00	9.884249999999999758e+00	1.002328188978535906e+01
2.600000000000000000e+02	6.999999999999999556e-01	9.906000000000000583e+00	9.899660000000000792e+00	1.002328188978535906e+01
2.600000000000000000e+02	8.000000000000000444e-01	9.923999999999999488e+00	9.915440000000000254e+00	1.002328188978535906e+01
2.600000000000000000e+02	9.000000000000000222e-01	9.939000000000000057e+00	9.931580000000000297e+00	1.002328188978535906e+01
2.600000000000000000e+02	1.000000000000000000e+00	9.954000000000000625e+00	9.948090000000000543e+00	1.002328188978535906e+01
2.600000000000000000e+02	1.250000000000000000e+00	1.000000000000000000e+01	9.990999999999999659e+00	1.018678635335228044e+01
2.600000000000000000e+02	1.500000000000000000e+00	1.004199999999999982e+01	1.003630000000000067e+01	1.018678635335228044e+01
2.600000000000000000e+02	1.750000000000000000e+00	1.008799999999999919e+01	1.008419999999999916e+01	1.021448326301402432e+01
2.600000000000000000e+02	2.000000000000000000e+00	1.013499999999999979e+01	1.013460000000000072e+01	1.021448326301402432e+01
2.600000000000000000e+02	2.259999999999999787e+00	1.019599999999999973e+01	1.018989999999999974e+01	1.025156711174781066e+01
2.600000000000000000e+02	2.500000000000000000e+00	1.024900000000000055e+01	1.024370000000000047e+01	1.030133714634619402e+01
2.600000000000000000e+02	2.729999999999999982e+00	1.030199999999999960e+01	1.029770000000000074e+01	1.049295901974620371e+01
2.600000000000000000e+02	2.990000000000000213e+00	1.036200000000000010e+01	1.036180000000000057e+01	1.048116331024011494e+01
2.600000000000000000e+02	3.250000000000000000e+00	1.042900000000000027e+01	1.042919999999999980e+01	1.050711147833902892e+01
2.600000000000000000e+02	3.479999999999999982e+00	1.049900000000000055e+01	1.049179999999999957e+01	1.051217619401477066e+01
2.600000000000000000e+02	3.740000000000000213e+00	1.056799999999999962e+01	1.056589999999999918e+01	1.058967001366720062e+01
2.600000000000000000e+02	3.990000000000000213e+00	1.064199999999999946e+01	1.064080000000000048e+01	1.063046253595584645e+01
2.600000000000000000e+02	4.259999999999999787e+00	1.073300000000000054e+01	1.072560000000000002e+01	1.069399706861107902e+01
2.600000000000000000e+02	4.480000000000000426e+00	1.080700000000000038e+01	1.079790000000000028e+01	1.072668043515143488e+01
2.800000000000000000e+02	1.000000000000000056e-01	1.048399999999999999e+01	1.048230000000000040e+01	1.047422062001787779e+01
2.800000000000000000e+02	2.000000000000000111e-01	1.050399999999999956e+01	1.049569999999999936e+01	1.046008108625311195e+01
2.800000000000000000e+02	2.999999999999999889e-01	1.051900000000000013e+01	1.050939999999999941e+01	1.046008108625311195e+01
2.800000000000000000e+02	4.000000000000000222e-01	1.053599999999999959e+01	1.052330000000000076e+01	1.046398870449758434e+01
2.800000000000000000e+02	5.000000000000000000e-01	1.054700000000000060e+01	1.053759999999999941e+01	1.047456518441844331e+01
2.800000000000000000e+02	5.999999999999999778e-01	1.056400000000000006e+01	1.055209999999999937e+01	1.054359591674093011e+01
2.800000000000000000e+02	6.999999999999999556e-01	1.057399999999999984e+01	1.056690000000000040e+01	1.054359591674093011e+01
2.800000000000000000e+02	8.000000000000000444e-01	1.058900000000000041e+01	1.058200000000000074e+01	1.054359591674093011e+01
2.800000000000000000e+02	9.000000000000000222e-01	1.060399999999999920e+01	1.059730000000000061e+01	1.054359591674093011e+01
2.800000000000000000e+02	1.000000000000000000e+00	1.061899999999999977e+01	1.061299999999999955e+01	1.054359591674093011e+01
2.800000000000000000e+02	1.239999999999999991e+00	1.065600000000000058e+01	1.065179999999999971e+01	1.068212549996863814e+01
2.800000000000000000e+02	1.500000000000000000e+00	1.069899999999999984e+01	1.069570000000000043e+01	1.068212549996863814e+01
2.800000000000000000e+02	1.750000000000000000e+00	1.074200000000000088e+01	1.074000000000000021e+01	1.067402257376905972e+01
2.800000000000000000e+02	1.989999999999999991e+00	1.078899999999999970e+01	1.078439999999999976e+01	1.067402257376905972e+01
2.800000000000000000e+02	2.229999999999999982e+00	1.083200000000000074e+01	1.083060000000000045e+01	1.068300907599425464e+01
2.800000000000000000e+02	2.500000000000000000e+00	1.088700000000000045e+01	1.088490000000000002e+01	1.073260715373952401e+01
2.800000000000000000e+02	2.740000000000000213e+00	1.093900000000000006e+01	1.093529999999999980e+01	1.093913352059723465e+01
2.800000000000000000e+02	3.000000000000000000e+00	1.099000000000000021e+01	1.099210000000000065e+01	1.106321042854303727e+01
2.800000000000000000e+02	3.250000000000000000e+00	1.104800000000000004e+01	1.104909999999999926e+01	1.109542678589493114e+01
3.000000000000000000e+02	1.000000000000000056e-01	1.114199999999999946e+01	1.113550000000000040e+01	1.132597141634340687e+01
3.000000000000000000e+02	2.000000000000000111e-01	1.116099999999999959e+01	1.114860000000000007e+01	1.132597141634340687e+01
3.000000000000000000e+02	2.999999999999999889e-01	1.117300000000000004e+01	1.116179999999999950e+01	1.133045084686948378e+01
3.000000000000000000e+02	4.000000000000000222e-01	1.118999999999999950e+01	1.117530000000000001e+01	1.133045084686948378e+01
3.000000000000000000e+02	5.000000000000000000e-01	1.120400000000000063e+01	1.118900000000000006e+01	1.134722575904581277e+01
3.000000000000000000e+02	5.999999999999999778e-01	1.121599999999999930e+01	1.120289999999999964e+01	1.135368254327301507e+01
3.000000000000000000e+02	6.999999999999999556e-01	1.122799999999999976e+01	1.121710000000000029e+01	1.135368254327301507e+01
3.000000000000000000e+02	8.000000000000000444e-01	1.123799999999999955e+01	1.123150000000000048e+01	1.136069980982459704e+01
3.000000000000000000e+02	9.000000000000000222e-01	1.125300000000000011e+01	1.124610000000000021e+01	1.136199451879387468e+01
3.000000000000000000e+02	1.000000000000000000e+00	1.126800000000000068e+01	1.126099999999999923e+01	1.139217495534265545e+01
3.000000000000000000e+02	1.250000000000000000e+00	1.130599999999999916e+01	1.129920000000000080e+01	1.144313176058350834e+01
3.000000000000000000e+02	1.489999999999999991e+00	1.134200000000000053e+01	1.133719999999999928e+01	1.148167638084876963e+01
3.000000000000000000e+02	1.750000000000000000e+00	1.138299999999999912e+01	1.138010000000000055e+01	1.164246478517737238e+01
3.000000000000000000e+02	2.000000000000000000e+00	1.142399999999999949e+01	1.142290000000000028e+01	1.164960670559585232e+01
3.000000000000000000e+02	2.250000000000000000e+00	1.146799999999999997e+01	1.146720000000000006e+01	1.167856321882558568e+01
3.000000000000000000e+02	2.490000000000000213e+00	1.151099999999999923e+01	1.151130000000000031e+01	1.174613076332825123e+01
3.000000000000000000e+02	2.740000000000000213e+00	1.155799999999999983e+01	1.155889999999999951e+01	1.186513065805382183e+01
3.000000000000000000e+02	2.990000000000000213e+00	1.160500000000000043e+01	1.160810000000000031e+01	1.185186440780690020e+01
3.000000000000000000e+02	3.250000000000000000e+00	1.165700000000000003e+01	1.166099999999999959e+01	1.188960551076722538e+01
3.000000000000000000e+02	3.500000000000000000e+00	1.171100000000000030e+01	1.171369999999999933e+01	1.188960551076722538e+01
3.000000000000000000e+02	3.750000000000000000e+00	1.176699999999999946e+01	1.176810000000000045e+01	1.198842930667573370e+01
3.000000000000000000e+02	3.990000000000000213e+00	1.182000000000000028e+01	1.182199999999999918e+01	1.200256700669437571e+01
3.000000000000000000e+02	4.250000000000000000e+00	1.187899999999999956e+01	1.188219999999999921e+01	1.205849174659240397e+01
3.000000000000000000e+02	4.500000000000000000e+00	1.193900000000000006e+01	1.194200000000000017e+01	1.209193752852333503e+01
3.200000000000000000e+02	1.000000000000000056e-01	1.177299999999999969e+01	1.177270000000000039e+01	1.196277294898237464e+01
3.200000000000000000e+02	2.000000000000000111e-01	1.179499999999999993e+01	1.178529999999999944e+01	1.192401988712881611e+01
3.200000000000000000e+02	2.999999999999999889e-01	1.180899999999999928e+01	1.179809999999999981e+01	1.193701807167659723e+01
3.200000000000000000e+02	4.000000000000000222e-01	1.182099999999999973e+01	1.181109999999999971e+01	1.193492966930298671e+01
3.200000000000000000e+02	5.000000000000000000e-01	1.183500000000000085e+01	1.182429999999999914e+01	1.198022334916609744e+01
3.200000000000000000e+02	5.999999999999999778e-01	1.184600000000000009e+01	1.183760000000000012e+01	1.199269221153135412e+01
3.200000000000000000e+02	6.999999999999999556e-01	1.185899999999999999e+01	1.185120000000000040e+01	1.199269221153135412e+01
3.200000000000000000e+02	8.000000000000000444e-01	1.187100000000000044e+01	1.186500000000000021e+01	1.201539697343611479e+01
3.200000000000000000e+02	9.000000000000000222e-01	1.188199999999999967e+01	1.187889999999999979e+01	1.201539697343611479e+01
3.200000000000000000e+02	1.000000000000000000e+00	1.189799999999999969e+01	1.189300000000000068e+01	1.203029689804562352e+01
3.200000000000000000e+02	1.250000000000000000e+00	1.193200000000000038e+01	1.192919999999999980e+01	1.219410904546704089e+01
3.200000000000000000e+02	1.500000000000000000e+00	1.196700000000000053e+01	1.196659999999999968e+01	1.219410904546704089e+01
3.200000000000000000e+02	1.750000000000000000e+00	1.200300000000000011e+01	1.200520000000000032e+01	1.219053141790306682e+01
3.200000000000000000e+02	2.000000000000000000e+00	1.204400000000000048e+01	1.204499999999999993e+01	1.229225269819283817e+01
3.200000000000000000e+02	2.250000000000000000e+00	1.208399999999999963e+01	1.208610000000000007e+01	1.230461963927815994e+01
3.200000000000000000e+02	2.490000000000000213e+00	1.212299999999999933e+01	1.212679999999999936e+01	1.231557113070668841e+01
3.200000000000000000e+02	2.740000000000000213e+00	1.216699999999999982e+01	1.217040000000000077e+01	1.242721940783017054e+01
3.200000000000000000e+02	3.000000000000000000e+00	1.221000000000000085e+01	1.221710000000000029e+01	1.234222563004799511e+01
3.200000000000000000e+02	3.259999999999999787e+00	1.225999999999999979e+01	1.226529999999999987e+01	1.240007010920575681e+01
3.200000000000000000e+02	3.490000000000000213e+00	1.230300000000000082e+01	1.230899999999999928e+01	1.241680640074158504e+01
3.200000000000000000e+02	3.759999999999999787e+00	1.235299999999999976e+01	1.236190000000000033e+01	1.246258940482540822e+01
3.200000000000000000e+02	4.009999999999999787e+00	1.240600000000000058e+01	1.241220000000000034e+01	1.249103507322112527e+01
3.200000000000000000e+02	4.250000000000000000e+00	1.245500000000000007e+01	1.246189999999999998e+01	1.251203178534528426e+01
3.200000000000000000e+02	4.509999999999999787e+00	1.251299999999999990e+01	1.251699999999999946e+01	1.256251631295927140e+01
3.400000000000000000e+02	1.000000000000000056e-01	1.240199999999999925e+01	1.239450000000000074e+01	1.252967106817718168e+01
3.400000000000000000e+02	2.000000000000000111e-01	1.242099999999999937e+01	1.240670000000000073e+01	1.250610044856873770e+01
3.400000000000000000e+02	2.999999999999999889e-01	1.243900000000000006e+01	1.241910000000000025e+01	1.251749505574059285e+01
3.400000000000000000e+02	4.000000000000000222e-01	1.245199999999999996e+01	1.243159999999999954e+01	1.251540665336698233e+01
3.400000000000000000e+02	5.000000000000000000e-01	1.246100000000000030e+01	1.244430000000000014e+01	1.251540665336698233e+01
3.400000000000000000e+02	5.999999999999999778e-01	1.247199999999999953e+01	1.245710000000000051e+01	1.252787551573223901e+01
3.400000000000000000e+02	6.999999999999999556e-01	1.248399999999999999e+01	1.247010000000000041e+01	1.249182722182642280e+01
3.400000000000000000e+02	8.000000000000000444e-01	1.249600000000000044e+01	1.248320000000000007e+01	1.261574925099264810e+01
3.400000000000000000e+02	9.100000000000000311e-01	1.250900000000000034e+01	1.249779999999999980e+01	1.268649438869400292e+01
3.400000000000000000e+02	1.000000000000000000e+00	1.252100000000000080e+01	1.250999999999999979e+01	1.358648088260778408e+01
3.400000000000000000e+02	1.260000000000000009e+00	1.255799999999999983e+01	1.254570000000000007e+01	1.354182112921589898e+01
3.400000000000000000e+02	1.489999999999999991e+00	1.258399999999999963e+01	1.257820000000000071e+01	1.349534102221700493e+01
3.400000000000000000e+02	1.750000000000000000e+00	1.261599999999999966e+01	1.261589999999999989e+01	1.352788341811077899e+01
3.400000000000000000e+02	1.989999999999999991e+00	1.265399999999999991e+01	1.265179999999999971e+01	1.353442906316395522e+01
3.400000000000000000e+02	2.250000000000000000e+00	1.268999999999999950e+01	1.269159999999999933e+01	1.349283509274918202e+01
3.400000000000000000e+02	2.500000000000000000e+00	1.272799999999999976e+01	1.273099999999999987e+01	1.349283509274918202e+01
3.400000000000000000e+02	2.750000000000000000e+00	1.276299999999999990e+01	1.277139999999999986e+01	1.362068025186776410e+01
3.400000000000000000e+02	3.000000000000000000e+00	1.280400000000000027e+01	1.281290000000000084e+01	1.381969478045451005e+01
3.400000000000000000e+02	3.240000000000000213e+00	1.284399999999999942e+01	1.285360000000000014e+01	1.369220934105561049e+01
3.400000000000000000e+02	3.509999999999999787e+00	1.289000000000000057e+01	1.290070000000000050e+01	1.369220934105561049e+01
3.400000000000000000e+02	3.750000000000000000e+00	1.293200000000000038e+01	1.294350000000000023e+01	1.370681652615759560e+01
3.400000000000000000e+02	4.000000000000000000e+00	1.297799999999999976e+01	1.298920000000000030e+01	1.377008966382543420e+01
3.400000000000000000e+02	4.250000000000000000e+00	1.302599999999999980e+01	1.303589999999999982e+01	1.378013584236948930e+01
3.400000000000000000e+02	4.490000000000000213e+00	1.306900000000000084e+01	1.308179999999999943e+01	1.383737777021671533e+01
3.600000000000000000e+02	1.000000000000000056e-01	1.299499999999999922e+01	1.300169999999999959e+01	1.326489097216011182e+01
3.600000000000000000e+02	2.000000000000000111e-01	1.301800000000000068e+01	1.301350000000000051e+01	1.326022506660894251e+01
3.600000000000000000e+02	2.999999999999999889e-01	1.303200000000000003e+01	1.302549999999999919e+01	1.327650515785320628e+01
3.600000000000000000e+02	4.000000000000000222e-01	1.304400000000000048e+01	1.303749999999999964e+01	1.327650515785320628e+01
3.600000000000000000e+02	5.000000000000000000e-01	1.305799999999999983e+01	1.304969999999999963e+01	1.328484135515083153e+01
3.600000000000000000e+02	5.999999999999999778e-01	1.306700000000000017e+01	1.306199999999999939e+01	1.329505313537970146e+01
3.600000000000000000e+02	6.999999999999999556e-01	1.307900000000000063e+01	1.307450000000000045e+01	1.327626393594470855e+01
3.600000000000000000e+02	8.000000000000000444e-01	1.309200000000000053e+01	1.308709999999999951e+01	1.327626393594470855e+01
3.600000000000000000e+02	9.000000000000000222e-01	1.309999999999999964e+01	1.309980000000000011e+01	1.332986757072463568e+01
3.600000000000000000e+02	1.000000000000000000e+00	1.311400000000000077e+01	1.311260000000000048e+01	1.335197084065569939e+01
3.600000000000000000e+02	1.250000000000000000e+00	1.314499999999999957e+01	1.314530000000000065e+01	1.334107575450312133e+01
3.600000000000000000e+02	1.500000000000000000e+00	1.317600000000000016e+01	1.317880000000000074e+01	1.330574230516918988e+01
3.600000000000000000e+02	1.750000000000000000e+00	1.320700000000000074e+01	1.321310000000000073e+01	1.331409646244838108e+01
3.600000000000000000e+02	2.000000000000000000e+00	1.323799999999999955e+01	1.324830000000000041e+01	1.331409646244838108e+01
3.600000000000000000e+02	2.250000000000000000e+00	1.327500000000000036e+01	1.328420000000000023e+01	1.320161858893083995e+01
3.600000000000000000e+02	2.500000000000000000e+00	1.331000000000000050e+01	1.332109999999999950e+01	1.320654156607314356e+01
3.600000000000000000e+02	2.740000000000000213e+00	1.333999999999999986e+01	1.335720000000000063e+01	1.320654156607314356e+01
3.600000000000000000e+02	3.000000000000000000e+00	1.337700000000000067e+01	1.339729999999999954e+01	1.334911562626604997e+01
3.600000000000000000e+02	3.250000000000000000e+00	1.341600000000000037e+01	1.343660000000000032e+01	1.335282481555396572e+01
3.600000000000000000e+02	3.500000000000000000e+00	1.345400000000000063e+01	1.347690000000000055e+01	1.325026767607257838e+01
3.600000000000000000e+02	3.750000000000000000e+00	1.349600000000000044e+01	1.351789999999999914e+01	1.326837262772554027e+01
3.600000000000000000e+02	4.000000000000000000e+00	1.353899999999999970e+01	1.355990000000000073e+01	1.327588940902564119e+01
3.600000000000000000e+02	4.250000000000000000e+00	1.358000000000000007e+01	1.360260000000000069e+01	1.328564297773248981e+01
3.600000000000000000e+02	4.500000000000000000e+00	1.362400000000000055e+01	1.364630000000000010e+01	1.328564297773248981e+01
2.331500000000000057e+02	1.300000000000000044e-01	8.941000000000000725e+00	8.889709999999999113e+00	8.680602459876425314e+00
2.331500000000000057e+02	3.149999999999999911e+00	9.743000000000000327e+00	9.557660000000000267e+00	9.182832375607977937e+00
2.631499999999999773e+02	1.300000000000000044e-01	9.968999999999999417e+00	9.923090000000000188e+00	9.916154057395971222e+00
2.631499999999999773e+02	3.689999999999999947e+00	1.079800000000000004e+01	1.064649999999999963e+01	1.057336327528308217e+01
2.931499999999999773e+02	1.499999999999999944e-01	1.097899999999999920e+01	1.092019999999999946e+01	1.092068078606388326e+01
2.931499999999999773e+02	1.600000000000000033e-01	1.097700000000000031e+01	1.092149999999999999e+01	1.092068078606388326e+01
2.931499999999999773e+02	4.219999999999999751e+00	1.180700000000000038e+01	1.167559999999999931e+01	1.172901724466683149e+01
3.331499999999999773e+02	1.700000000000000122e-01	1.226099999999999923e+01	1.219180000000000064e+01	1.212259771638998274e+01
3.731499999999999773e+02	1.900000000000000022e-01	1.347899999999999920e+01	1.340380000000000038e+01	1.351523607591404286e+01
3.731499999999999773e+02	2.000000000000000111e-01	1.348199999999999932e+01	1.340499999999999936e+01	1.351523607591404286e+01
4.231499999999999773e+02	2.099999999999999922e-01	1.490099999999999980e+01	1.484350000000000058e+01	1.513170896950525268e+01
4.731499999999999773e+02	2.300000000000000100e-01	1.628000000000000114e+01	1.621020000000000039e+01	1.649142678371403292e+01
5.231499999999999773e+02	2.600000000000000089e-01	1.757700000000000173e+01	1.751409999999999911e+01	1.737032768967356944e+01
5.231499999999999773e+02	2.700000000000000178e-01	1.758999999999999986e+01	1.751500000000000057e+01	1.737032768967356944e+01
2.731000000000000227e+02	1.060000000000000053e+00	1.052999999999999936e+01	1.039530000000000065e+01	1.038188071466721141e+01
2.731000000000000227e+02	1.429999999999999938e+00	1.058000000000000007e+01	1.045780000000000065e+01	1.042279924128711777e+01
2.731000000000000227e+02	1.810000000000000053e+00	1.058999999999999986e+01	1.052679999999999971e+01	1.045045603965897918e+01
2.731000000000000227e+02	2.609999999999999876e+00	1.082000000000000028e+01	1.068880000000000052e+01	1.093057054032183117e+01
2.731000000000000227e+02	3.009999999999999787e+00	1.078999999999999915e+01	1.077890000000000015e+01	1.098231358577274719e+01
2.731000000000000227e+02	3.569999999999999840e+00	1.100000000000000000e+01	1.091580000000000084e+01	1.098231358577274719e+01
2.731000000000000227e+02	4.240000000000000213e+00	1.116000000000000014e+01	1.109720000000000084e+01	1.111786379402882652e+01
2.981499999999999773e+02	1.000000000000000056e-01	1.117999999999999972e+01	1.107579999999999920e+01	1.110896393070019883e+01
2.981499999999999773e+02	1.199999999999999956e-01	1.118999999999999950e+01	1.107840000000000025e+01	1.110896393070019883e+01
2.981499999999999773e+02	1.700000000000000122e-01	1.118999999999999950e+01	1.108489999999999931e+01	1.114217649890309225e+01
2.981499999999999773e+02	2.899999999999999800e-01	1.118999999999999950e+01	1.110079999999999956e+01	1.115353917370159031e+01
2.981499999999999773e+02	5.000000000000000000e-01	1.123000000000000043e+01	1.112940000000000040e+01	1.119728880064590015e+01
2.981499999999999773e+02	1.020000000000000018e+00	1.130000000000000071e+01	1.120470000000000077e+01	1.124612613603627942e+01
2.981499999999999773e+02	1.510000000000000009e+00	1.133000000000000007e+01	1.128170000000000073e+01	1.130461468935932423e+01
2.981499999999999773e+02	2.029999999999999805e+00	1.141000000000000014e+01	1.136989999999999945e+01	1.143845393397781685e+01
2.981499999999999773e+02	2.520000000000000018e+00	1.152999999999999936e+01	1.145940000000000047e+01	1.150381817783284788e+01
2.981499999999999773e+02	3.000000000000000000e+00	1.158999999999999986e+01	1.155330000000000013e+01	1.174006796194436042e+01
2.981499999999999773e+02	3.529999999999999805e+00	1.171000000000000085e+01	1.166450000000000031e+01	1.174350037477046094e+01
2.981499999999999773e+02	4.019999999999999574e+00	1.182000000000000028e+01	1.177439999999999998e+01	1.179653596793096249e+01
3.231499999999999773e+02	1.000000000000000056e-01	1.198000000000000043e+01	1.187160000000000082e+01	1.184945229109277420e+01
3.231499999999999773e+02	5.200000000000000178e-01	1.202999999999999936e+01	1.192559999999999931e+01	1.186622649055951051e+01
3.231499999999999773e+02	9.699999999999999734e-01	1.208000000000000007e+01	1.198690000000000033e+01	1.191477635448300276e+01
3.231499999999999773e+02	1.969999999999999973e+00	1.223000000000000043e+01	1.213690000000000069e+01	1.197535770599633764e+01
3.231499999999999773e+02	3.520000000000000018e+00	1.250999999999999979e+01	1.240799999999999947e+01	1.234031834405504569e+01
3.481499999999999773e+02	1.000000000000000056e-01	1.278999999999999915e+01	1.264370000000000083e+01	1.270918121800557898e+01
3.481499999999999773e+02	5.200000000000000178e-01	1.283000000000000007e+01	1.269519999999999982e+01	1.272395211398504600e+01
3.481499999999999773e+02	1.540000000000000036e+00	1.293999999999999950e+01	1.283099999999999952e+01	1.291136286567915192e+01
3.481499999999999773e+02	2.600000000000000089e+00	1.309999999999999964e+01	1.298850000000000016e+01	1.291581186026172112e+01
3.481499999999999773e+02	3.580000000000000071e+00	1.326999999999999957e+01	1.314930000000000021e+01	1.307684734053184705e+01
3.731499999999999773e+02	1.000000000000000056e-01	1.350999999999999979e+01	1.339339999999999975e+01	1.347102115246944543e+01
3.731499999999999773e+02	5.200000000000000178e-01	1.356000000000000050e+01	1.344270000000000032e+01	1.346705081524465442e+01
3.731499999999999773e+02	1.010000000000000009e+00	1.358000000000000007e+01	1.350270000000000081e+01	1.347440117750943323e+01
3.731499999999999773e+02	2.029999999999999805e+00	1.372000000000000064e+01	1.363659999999999961e+01	1.354740026939368036e+01
3.731499999999999773e+02	2.939999999999999947e+00	1.383999999999999986e+01	1.376650000000000063e+01	1.351503360102819329e+01
3.731499999999999773e+02	4.089999999999999858e+00	1.400000000000000000e+01	1.394480000000000075e+01	1.363560638065171382e+01
2.981499999999999773e+02	1.100000000000000006e-01	1.105000000000000071e+01	1.107709999999999972e+01	1.110896393070019883e+01
2.981499999999999773e+02	9.699999999999999734e-01	1.103999999999999915e+01	1.119720000000000049e+01	1.124612613603627942e+01
2.981499999999999773e+02	3.209999999999999964e+00	1.155000000000000071e+01	1.159639999999999915e+01	1.174006796194436042e+01
3.000000000000000000e+02	4.459999999999999964e+00	1.213000000000000078e+01	1.193229999999999968e+01	1.191941970317806287e+01
3.000000000000000000e+02	2.350000000000000089e+00	1.166999999999999993e+01	1.148540000000000028e+01	1.146288928829021003e+01
2.500000000000000000e+02	4.509999999999999787e+00	1.083999999999999986e+01	1.053369999999999962e+01	1.012729043026924103e+01
2.500000000000000000e+02	3.040000000000000036e+00	1.057000000000000028e+01	1.005819999999999936e+01	9.908970457502849882e+00
2.000000000000000000e+02	4.179999999999999716e+00	1.006000000000000050e+01	9.272930000000000561e+00	9.179943336628619832e+00
2.000000000000000000e+02	3.509999999999999787e+00	9.580000000000000071e+00	8.734270000000000422e+00	8.945671643330529221e+00
2.000000000000000000e+02	2.540000000000000036e+00	9.050000000000000711e+00	8.256230000000000402e+00	8.699225840674046140e+00
1.700000000000000000e+02	2.330000000000000071e+00	3.878000000000000114e+01	3.843460000000000321e+01	8.699225840674046140e+00
1.700000000000000000e+02	2.330000000000000071e+00	3.871999999999999886e+01	3.843460000000000321e+01	8.699225840674046140e+00
1.400000000000000000e+02	6.400000000000000133e-01	6.618000000000000682e+01	5.390640000000000320e+00	8.220025248275591778e+00
1.490000000000000000e+02	1.000000000000000056e-01	1.489000000000000057e+01	5.780000000000000249e+00	8.170207776850631376e+00
1.500000000000000000e+02	1.000000000000000056e-01	1.491999999999999993e+01	5.818469999999999587e+00	8.170207776850631376e+00
2.000000000000000000e+02	1.000000000000000056e-01	1.626999999999999957e+01	7.697259999999999991e+00	8.170207776850631376e+00
2.010000000000000000e+02	1.000000000000000056e-01	1.630000000000000071e+01	7.733810000000000073e+00	8.170207776850631376e+00
2.731499999999999773e+02	4.099999999999999756e-01	1.020700000000000074e+01	1.029759999999999920e+01	1.034068521298170218e+01
2.731499999999999773e+02	1.010000000000000009e+00	1.029499999999999993e+01	1.038879999999999981e+01	1.039553281467236978e+01
2.731499999999999773e+02	2.029999999999999805e+00	1.045400000000000063e+01	1.057070000000000043e+01	1.071334638615925705e+01
2.731499999999999773e+02	4.049999999999999822e+00	1.096299999999999919e+01	1.104519999999999946e+01	1.105715483639145091e+01
2.231500000000000057e+02	4.099999999999999756e-01	8.502000000000000668e+00	8.576539999999999608e+00	8.201637585932544994e+00
2.231500000000000057e+02	1.010000000000000009e+00	8.585000000000000853e+00	8.676690000000000680e+00	8.287470724286770007e+00
2.231500000000000057e+02	4.049999999999999822e+00	9.513999999999999346e+00	9.624330000000000496e+00	9.122153380484336438e+00
1.981500000000000057e+02	4.099999999999999756e-01	7.639000000000000234e+00	7.671630000000000393e+00	8.201637585932544994e+00
1.981500000000000057e+02	1.010000000000000009e+00	7.753999999999999559e+00	7.771889999999999965e+00	8.287470724286770007e+00
1.981500000000000057e+02	2.029999999999999805e+00	8.022000000000000242e+00	8.017970000000000041e+00	8.578626794185710835e+00
1.981500000000000057e+02	4.049999999999999822e+00	9.218999999999999417e+00	9.132669999999999177e+00	9.122153380484336438e+00
1.731500000000000057e+02	4.099999999999999756e-01	6.671999999999999709e+00	6.733900000000000219e+00	8.201637585932544994e+00
1.731500000000000057e+02	1.010000000000000009e+00	6.766000000000000014e+00	6.818920000000000314e+00	8.287470724286770007e+00
1.731500000000000057e+02	2.020000000000000018e+00	7.059000000000000163e+00	7.057010000000000005e+00	8.578626794185710835e+00
2.040000000000000000e+02	1.000000000000000056e-01	1.639999999999999858e+01	7.843219999999999636e+00	8.170207776850631376e+00
1.377800000000000011e+02	1.000000000000000056e-01	1.465000000000000000e+02	5.346569999999999823e+00	8.170207776850631376e+00
2.775899999999999750e+02	1.639999999999999902e+00	1.047899999999999920e+01	1.064189999999999969e+01	1.073345064021930284e+01
2.775899999999999750e+02	1.639999999999999902e+00	1.055199999999999960e+01	1.064189999999999969e+01	1.073345064021930284e+01
2.775899999999999750e+02	1.639999999999999902e+00	1.055799999999999983e+01	1.064189999999999969e+01	1.073345064021930284e+01
3.109300000000000068e+02	1.770000000000000018e+00	1.168500000000000050e+01	1.172669999999999924e+01	1.162628827646586416e+01
3.109300000000000068e+02	1.800000000000000044e+00	1.160200000000000031e+01	1.173160000000000025e+01	1.162628827646586416e+01
3.109300000000000068e+02	1.820000000000000062e+00	1.160299999999999976e+01	1.173489999999999966e+01	1.162628827646586416e+01
3.109300000000000068e+02	1.820000000000000062e+00	1.161400000000000077e+01	1.173489999999999966e+01	1.162628827646586416e+01
3.109300000000000068e+02	1.820000000000000062e+00	1.162899999999999956e+01	1.173489999999999966e+01	1.162628827646586416e+01
3.109300000000000068e+02	1.850000000000000089e+00	1.168399999999999928e+01	1.173980000000000068e+01	1.162628827646586416e+01
3.109300000000000068e+02	1.939999999999999947e+00	1.156900000000000084e+01	1.175459999999999994e+01	1.172170311327429992e+01
3.109300000000000068e+02	1.939999999999999947e+00	1.161599999999999966e+01	1.175459999999999994e+01	1.172170311327429992e+01
3.109300000000000068e+02	1.939999999999999947e+00	1.164400000000000013e+01	1.175459999999999994e+01	1.172170311327429992e+01
3.775899999999999750e+02	1.860000000000000098e+00	1.361999999999999922e+01	1.374220000000000041e+01	1.371911305239043166e+01
3.775899999999999750e+02	1.860000000000000098e+00	1.362100000000000044e+01	1.374220000000000041e+01	1.371911305239043166e+01
3.775899999999999750e+02	1.860000000000000098e+00	1.365300000000000047e+01	1.374220000000000041e+01	1.371911305239043166e+01
4.442599999999999909e+02	1.969999999999999973e+00	1.557900000000000063e+01	1.561880000000000024e+01	1.513670023371296125e+01
4.442599999999999909e+02	1.969999999999999973e+00	1.560200000000000031e+01	1.561880000000000024e+01	1.513670023371296125e+01
4.442599999999999909e+02	1.969999999999999973e+00	1.560399999999999920e+01	1.561880000000000024e+01	1.513670023371296125e+01
4.442599999999999909e+02	1.969999999999999973e+00	1.560500000000000043e+01	1.561880000000000024e+01	1.513670023371296125e+01
4.775899999999999750e+02	3.169999999999999929e+00	1.652599999999999980e+01	1.663650000000000162e+01	1.611678967274145791e+01
4.775899999999999750e+02	3.169999999999999929e+00	1.655099999999999838e+01	1.663650000000000162e+01	1.611678967274145791e+01
4.775899999999999750e+02	3.169999999999999929e+00	1.655300000000000082e+01	1.663650000000000162e+01	1.611678967274145791e+01
2.275900000000000034e+02	2.029999999999999805e+00	8.820000000000000284e+00	9.051880000000000592e+00	8.862904090603663576e+00
2.414799999999999898e+02	1.010000000000000009e+00	9.554999999999999716e+00	9.318149999999999267e+00	9.257904683877335117e+00
2.414799999999999898e+02	3.040000000000000036e+00	9.980000000000000426e+00	9.787509999999999266e+00	9.895858149098128109e+00
2.553700000000000045e+02	2.620000000000000107e+00	1.064400000000000013e+01	1.012209999999999965e+01	1.030802421436072791e+01
2.692599999999999909e+02	2.899999999999999911e+00	1.147899999999999920e+01	1.063250000000000028e+01	1.083670039752362690e+01
2.970400000000000205e+02	2.899999999999999911e+00	1.303700000000000081e+01	1.149910000000000032e+01	1.153420155425547122e+01
3.387099999999999795e+02	1.169999999999999929e+00	1.506300000000000061e+01	1.249390000000000001e+01	1.254605791631700029e+01
3.387099999999999795e+02	2.850000000000000089e+00	1.523300000000000054e+01	1.274970000000000070e+01	1.280914397272126060e+01
