# Temperature (K)	Pressure (MPa)	Experimental(kJ/mol)	NIST(kJ/mol)	Model(kJ/mol)
1.800000000000000000e+02	3.200000000000000178e+00	7.157000000000000028e+00	8.670930000000000248e+00	1.083432487343783279e+01
1.850000000000000000e+02	3.200000000000000178e+00	7.581699999999999662e+00	9.097229999999999706e+00	1.090229622489890104e+01
1.900000000000000000e+02	3.200000000000000178e+00	7.924500000000000099e+00	9.432550000000000878e+00	1.097394929821203036e+01
2.000000000000000000e+02	3.200000000000000178e+00	8.508300000000000196e+00	9.995900000000000674e+00	1.111893791021902267e+01
2.100000000000000000e+02	3.200000000000000178e+00	8.974099999999999966e+00	1.048949999999999960e+01	1.126679114712650076e+01
3.387099999999999795e+02	3.450000000000000178e+00	4.254000000000000004e-01	1.566549999999999976e+01	1.348991468816184813e+01
2.942599999999999909e+02	3.450000000000000178e+00	5.661000000000000476e-01	1.390900000000000070e+01	1.249639452296629116e+01
3.109300000000000068e+02	3.450000000000000178e+00	4.993000000000000216e-01	1.456509999999999927e+01	1.283272473656845847e+01
3.275899999999999750e+02	3.450000000000000178e+00	4.552999999999999825e-01	1.522330000000000005e+01	1.308802394690894211e+01
3.442599999999999909e+02	3.450000000000000178e+00	4.190999999999999726e-01	1.588739999999999952e+01	1.339185833641311874e+01
3.609300000000000068e+02	3.450000000000000178e+00	3.803000000000000269e-01	1.655930000000000035e+01	1.365362613635805999e+01
3.775899999999999750e+02	3.450000000000000178e+00	3.512000000000000122e-01	1.724060000000000059e+01	1.398167074471958493e+01
9.981999999999999318e+01	0.000000000000000000e+00	8.449299999999999145e+00	7.901449999999999640e+00	9.886052533292215116e+00
1.053700000000000045e+02	0.000000000000000000e+00	8.632099999999999440e+00	8.086130000000000706e+00	9.952358768092606667e+00
1.109300000000000068e+02	0.000000000000000000e+00	8.818699999999999761e+00	8.271160000000000068e+00	1.002285683549238904e+01
1.164800000000000040e+02	0.000000000000000000e+00	9.001599999999999824e+00	8.455859999999999488e+00	1.008696591719651003e+01
1.220400000000000063e+02	0.000000000000000000e+00	9.184499999999999886e+00	8.640900000000000247e+00	1.015222245911763288e+01
1.275900000000000034e+02	0.000000000000000000e+00	9.367300000000000182e+00	8.825620000000000687e+00	1.022073502368845332e+01
1.331500000000000057e+02	0.000000000000000000e+00	9.553900000000000503e+00	9.010690000000000310e+00	1.028755791245242435e+01
1.387100000000000080e+02	0.000000000000000000e+00	9.736800000000000566e+00	9.195790000000000575e+00	1.035715415435751474e+01
1.442599999999999909e+02	0.000000000000000000e+00	9.919700000000000628e+00	9.380570000000000519e+00	1.042698101420660706e+01
1.498199999999999932e+02	0.000000000000000000e+00	1.010260000000000069e+01	9.565720000000000667e+00	1.049865015052740880e+01
1.553700000000000045e+02	0.000000000000000000e+00	1.028919999999999924e+01	9.750569999999999737e+00	1.056776640557649216e+01
1.609300000000000068e+02	0.000000000000000000e+00	1.047199999999999953e+01	9.935810000000000031e+00	1.063959358403834798e+01
1.664799999999999898e+02	0.000000000000000000e+00	1.065489999999999959e+01	1.012079999999999913e+01	1.071129157692743128e+01
1.720399999999999920e+02	0.000000000000000000e+00	1.083779999999999966e+01	1.030620000000000047e+01	1.078243491051654601e+01
1.775900000000000034e+02	0.000000000000000000e+00	1.102439999999999998e+01	1.049140000000000050e+01	1.085417871288955283e+01
1.831500000000000057e+02	0.000000000000000000e+00	1.120720000000000027e+01	1.067699999999999960e+01	1.092513700436531821e+01
1.859300000000000068e+02	0.000000000000000000e+00	1.130049999999999955e+01	1.076989999999999981e+01	1.096109867187679754e+01
1.887100000000000080e+02	0.000000000000000000e+00	1.139380000000000059e+01	1.086280000000000001e+01	1.099687186503244085e+01
1.905900000000000034e+02	0.000000000000000000e+00	1.145730000000000004e+01	1.092559999999999931e+01	1.102119349446800456e+01
1.942599999999999909e+02	0.000000000000000000e+00	1.158039999999999914e+01	1.104840000000000089e+01	1.106803891008237173e+01
1.970399999999999920e+02	0.000000000000000000e+00	1.167370000000000019e+01	1.114150000000000063e+01	1.110400725597422600e+01
1.998199999999999932e+02	0.000000000000000000e+00	1.176699999999999946e+01	1.123460000000000036e+01	1.113997560186608027e+01
2.025900000000000034e+02	0.000000000000000000e+00	1.186030000000000051e+01	1.132750000000000057e+01	1.117581456521875616e+01
2.053700000000000045e+02	0.000000000000000000e+00	1.195359999999999978e+01	1.142070000000000007e+01	1.121152339476985738e+01
2.109300000000000068e+02	0.000000000000000000e+00	1.214020000000000010e+01	1.160749999999999993e+01	1.128264137118621058e+01
2.164799999999999898e+02	0.000000000000000000e+00	1.232680000000000042e+01	1.179429999999999978e+01	1.135406192817543314e+01
2.220399999999999920e+02	0.000000000000000000e+00	1.251340000000000074e+01	1.198179999999999978e+01	1.142553203869284850e+01
2.275900000000000034e+02	0.000000000000000000e+00	1.269999999999999929e+01	1.216929999999999978e+01	1.149715730588348350e+01
2.331500000000000057e+02	0.000000000000000000e+00	1.288659999999999961e+01	1.235779999999999923e+01	1.156843048292556020e+01
2.387100000000000080e+02	0.000000000000000000e+00	1.307319999999999993e+01	1.254669999999999952e+01	1.164011609921811186e+01
2.442599999999999909e+02	0.000000000000000000e+00	1.325980000000000025e+01	1.273590000000000089e+01	1.171095757496980383e+01
2.498199999999999932e+02	0.000000000000000000e+00	1.345020000000000060e+01	1.292600000000000016e+01	1.178255340966427234e+01
2.553700000000000045e+02	0.000000000000000000e+00	1.364049999999999940e+01	1.311660000000000004e+01	1.185402047487188071e+01
2.609300000000000068e+02	0.000000000000000000e+00	1.383079999999999998e+01	1.330819999999999936e+01	1.192561630956634744e+01
2.664800000000000182e+02	0.000000000000000000e+00	1.402120000000000033e+01	1.350019999999999953e+01	1.199415163933771744e+01
2.720400000000000205e+02	0.000000000000000000e+00	1.421519999999999939e+01	1.369350000000000023e+01	1.206547888355769871e+01
2.775899999999999750e+02	0.000000000000000000e+00	1.440930000000000000e+01	1.388729999999999976e+01	1.213667784136720940e+01
2.831499999999999773e+02	0.000000000000000000e+00	1.460340000000000060e+01	1.408239999999999981e+01	1.220571342419018102e+01
1.275900000000000034e+02	3.400000000000000244e-01	1.533900000000000041e+00	9.115229999999999722e-01	1.250578003953053674e+01
1.331500000000000057e+02	3.400000000000000244e-01	9.359899999999999665e+00	8.768509999999999138e+00	1.039846770703538681e+01
1.387100000000000080e+02	3.400000000000000244e-01	9.546499999999999986e+00	8.975479999999999237e+00	1.046207630166142977e+01
1.442599999999999909e+02	3.400000000000000244e-01	9.733100000000000307e+00	9.178520000000000678e+00	1.052407854539961285e+01
1.498199999999999932e+02	3.400000000000000244e-01	9.927099999999999369e+00	9.379250000000000753e+00	1.058852853810009265e+01
1.553700000000000045e+02	3.400000000000000244e-01	1.012119999999999997e+01	9.577540000000000830e+00	1.065468279474169222e+01
1.609300000000000068e+02	3.400000000000000244e-01	1.031530000000000058e+01	9.774530000000000385e+00	1.071971196380705749e+01
1.664799999999999898e+02	3.400000000000000244e-01	1.050929999999999964e+01	9.969839999999999591e+00	1.078490803084992855e+01
1.720399999999999920e+02	3.400000000000000244e-01	1.070340000000000025e+01	1.016440000000000055e+01	1.085134205967026588e+01
1.775900000000000034e+02	3.400000000000000244e-01	1.089750000000000085e+01	1.035779999999999923e+01	1.091693720332978401e+01
1.831500000000000057e+02	3.400000000000000244e-01	1.108779999999999966e+01	1.055090000000000039e+01	1.098284816754862092e+01
1.859300000000000068e+02	3.400000000000000244e-01	1.118479999999999919e+01	1.064719999999999978e+01	1.101610942246364644e+01
1.887100000000000080e+02	3.400000000000000244e-01	1.127810000000000024e+01	1.074339999999999939e+01	1.104914950261017204e+01
1.905900000000000034e+02	3.400000000000000244e-01	1.134529999999999994e+01	1.080840000000000067e+01	1.107149170800788518e+01
1.942599999999999909e+02	3.400000000000000244e-01	1.146850000000000058e+01	1.093510000000000026e+01	1.111516675476790184e+01
1.970399999999999920e+02	3.400000000000000244e-01	1.156550000000000011e+01	1.103100000000000058e+01	1.114844111690589301e+01
1.998199999999999932e+02	3.400000000000000244e-01	1.165879999999999939e+01	1.112689999999999912e+01	1.118123661418817782e+01
2.025900000000000034e+02	3.400000000000000244e-01	1.175580000000000069e+01	1.122240000000000038e+01	1.121422804111661620e+01
2.053700000000000045e+02	3.400000000000000244e-01	1.184909999999999997e+01	1.131819999999999915e+01	1.124735552578401965e+01
2.109300000000000068e+02	3.400000000000000244e-01	1.203950000000000031e+01	1.150970000000000049e+01	1.131299279474379738e+01
2.164799999999999898e+02	3.400000000000000244e-01	1.222979999999999912e+01	1.170079999999999920e+01	1.137904078538340968e+01
2.220399999999999920e+02	3.400000000000000244e-01	1.242009999999999970e+01	1.189240000000000030e+01	1.144514107006473225e+01
2.275900000000000034e+02	3.400000000000000244e-01	1.261050000000000004e+01	1.208370000000000033e+01	1.151101958303976147e+01
2.331500000000000057e+02	3.400000000000000244e-01	1.280080000000000062e+01	1.227570000000000050e+01	1.157737652416718532e+01
2.387100000000000080e+02	3.400000000000000244e-01	1.299109999999999943e+01	1.246790000000000020e+01	1.164253300578067929e+01
2.442599999999999909e+02	3.400000000000000244e-01	1.318520000000000003e+01	1.266019999999999968e+01	1.170787537286238411e+01
2.498199999999999932e+02	3.400000000000000244e-01	1.337550000000000061e+01	1.285330000000000084e+01	1.177310881951903099e+01
2.553700000000000045e+02	3.400000000000000244e-01	1.356589999999999918e+01	1.304649999999999999e+01	1.183794847346660184e+01
2.609300000000000068e+02	3.400000000000000244e-01	1.375990000000000002e+01	1.324070000000000036e+01	1.190257719051297158e+01
2.664800000000000182e+02	3.400000000000000244e-01	1.395400000000000063e+01	1.343520000000000003e+01	1.196372135714845442e+01
2.720400000000000205e+02	3.400000000000000244e-01	1.415179999999999971e+01	1.363080000000000069e+01	1.202909465186398386e+01
2.775899999999999750e+02	3.400000000000000244e-01	1.434960000000000058e+01	1.382680000000000042e+01	1.209228421898685113e+01
2.831499999999999773e+02	3.400000000000000244e-01	1.454739999999999966e+01	1.402399999999999913e+01	1.215749524922588165e+01
1.442599999999999909e+02	6.899999999999999467e-01	9.531599999999999184e+00	8.935200000000000031e+00	1.052976998424628796e+01
1.498199999999999932e+02	6.899999999999999467e-01	9.733100000000000307e+00	9.160360000000000724e+00	1.059687267892575591e+01
1.553700000000000045e+02	6.899999999999999467e-01	9.938299999999999912e+00	9.378249999999999531e+00	1.066385468530543967e+01
1.609300000000000068e+02	6.899999999999999467e-01	1.014359999999999928e+01	9.591599999999999682e+00	1.072950949817137278e+01
1.664799999999999898e+02	6.899999999999999467e-01	1.034510000000000041e+01	9.800800000000000622e+00	1.079420644436339494e+01
1.720399999999999920e+02	6.899999999999999467e-01	1.054669999999999952e+01	1.000740000000000052e+01	1.086058822465054874e+01
1.775900000000000034e+02	6.899999999999999467e-01	1.074820000000000064e+01	1.021119999999999983e+01	1.092709304538266224e+01
1.831500000000000057e+02	6.899999999999999467e-01	1.094599999999999973e+01	1.041350000000000087e+01	1.099460732383613326e+01
1.859300000000000068e+02	6.899999999999999467e-01	1.104669999999999952e+01	1.051399999999999935e+01	1.102776383031727647e+01
1.887100000000000080e+02	6.899999999999999467e-01	1.114380000000000059e+01	1.061420000000000030e+01	1.106102527382982181e+01
1.905900000000000034e+02	6.899999999999999467e-01	1.121100000000000030e+01	1.068169999999999931e+01	1.108371023439204350e+01
1.942599999999999909e+02	6.899999999999999467e-01	1.134159999999999968e+01	1.081320000000000014e+01	1.112832827325661178e+01
1.970399999999999920e+02	6.899999999999999467e-01	1.144229999999999947e+01	1.091249999999999964e+01	1.116149701776942749e+01
1.998199999999999932e+02	6.899999999999999467e-01	1.153940000000000055e+01	1.101159999999999961e+01	1.119494080481496034e+01
2.025900000000000034e+02	6.899999999999999467e-01	1.164390000000000036e+01	1.111009999999999920e+01	1.122824237727261831e+01
2.053700000000000045e+02	6.899999999999999467e-01	1.173719999999999963e+01	1.120880000000000010e+01	1.126205809440049599e+01
2.109300000000000068e+02	6.899999999999999467e-01	1.193500000000000050e+01	1.140579999999999927e+01	1.132903647764912058e+01
2.164799999999999898e+02	6.899999999999999467e-01	1.212899999999999956e+01	1.160190000000000055e+01	1.139652163432954879e+01
2.220399999999999920e+02	6.899999999999999467e-01	1.232310000000000016e+01	1.179809999999999981e+01	1.146342590772560044e+01
2.275900000000000034e+02	6.899999999999999467e-01	1.251720000000000077e+01	1.199360000000000070e+01	1.153043450705619044e+01
2.331500000000000057e+02	6.899999999999999467e-01	1.271499999999999986e+01	1.218950000000000067e+01	1.159693790606546315e+01
2.387100000000000080e+02	6.899999999999999467e-01	1.291280000000000072e+01	1.238540000000000063e+01	1.166252191272823602e+01
2.442599999999999909e+02	6.899999999999999467e-01	1.310679999999999978e+01	1.258109999999999928e+01	1.172884357029462699e+01
2.498199999999999932e+02	6.899999999999999467e-01	1.330090000000000039e+01	1.277730000000000032e+01	1.179505368473010485e+01
2.553700000000000045e+02	6.899999999999999467e-01	1.349869999999999948e+01	1.297349999999999959e+01	1.186085905129794682e+01
2.609300000000000068e+02	6.899999999999999467e-01	1.369650000000000034e+01	1.317050000000000054e+01	1.192772149688775585e+01
2.664800000000000182e+02	6.899999999999999467e-01	1.389429999999999943e+01	1.336759999999999948e+01	1.199446368628046145e+01
2.720400000000000205e+02	6.899999999999999467e-01	1.409210000000000029e+01	1.356569999999999965e+01	1.206132613187027047e+01
2.775899999999999750e+02	6.899999999999999467e-01	1.428989999999999938e+01	1.376399999999999935e+01	1.212608260578156916e+01
2.831499999999999773e+02	6.899999999999999467e-01	1.448770000000000024e+01	1.396340000000000003e+01	1.218360801273498950e+01
1.498199999999999932e+02	1.030000000000000027e+00	2.892300000000000093e+00	8.907339999999999591e+00	1.060031938393491302e+01
1.553700000000000045e+02	1.030000000000000027e+00	9.707000000000000739e+00	9.156230000000000757e+00	1.066622542075963764e+01
1.609300000000000068e+02	1.030000000000000027e+00	9.938299999999999912e+00	9.392580000000000595e+00	1.072522909595419627e+01
1.664799999999999898e+02	1.030000000000000027e+00	1.016600000000000037e+01	9.620050000000000878e+00	1.079018142945625236e+01
1.720399999999999920e+02	1.030000000000000027e+00	1.038250000000000028e+01	9.841739999999999711e+00	1.085681322597010912e+01
1.775900000000000034e+02	1.030000000000000027e+00	1.059520000000000017e+01	1.005829999999999913e+01	1.092238871738276274e+01
1.831500000000000057e+02	1.030000000000000027e+00	1.080790000000000006e+01	1.027149999999999963e+01	1.098909323013674033e+01
1.859300000000000068e+02	1.030000000000000027e+00	1.091610000000000014e+01	1.037689999999999912e+01	1.102244548651372824e+01
1.887100000000000080e+02	1.030000000000000027e+00	1.101689999999999969e+01	1.048170000000000002e+01	1.105579774289071793e+01
1.905900000000000034e+02	1.030000000000000027e+00	1.106540000000000035e+01	1.055209999999999937e+01	1.107814362298969968e+01
1.942599999999999909e+02	1.030000000000000027e+00	1.122220000000000084e+01	1.068900000000000006e+01	1.112095776435656092e+01
1.970399999999999920e+02	1.030000000000000027e+00	1.132670000000000066e+01	1.079209999999999958e+01	1.115411990602851589e+01
1.998199999999999932e+02	1.030000000000000027e+00	1.142740000000000045e+01	1.089480000000000004e+01	1.118731681976002257e+01
2.025900000000000034e+02	1.030000000000000027e+00	1.153190000000000026e+01	1.099670000000000059e+01	1.122039779570367379e+01
2.053700000000000045e+02	1.030000000000000027e+00	1.163269999999999982e+01	1.109859999999999935e+01	1.125362299379358433e+01
2.109300000000000068e+02	1.030000000000000027e+00	1.183419999999999916e+01	1.130150000000000077e+01	1.132043584442373074e+01
2.164799999999999898e+02	1.030000000000000027e+00	1.203570000000000029e+01	1.150300000000000011e+01	1.138678064258202660e+01
2.220399999999999920e+02	1.030000000000000027e+00	1.223349999999999937e+01	1.170400000000000063e+01	1.145320889793579511e+01
2.275900000000000034e+02	1.030000000000000027e+00	1.243510000000000026e+01	1.190409999999999968e+01	1.151942267666577457e+01
2.331500000000000057e+02	1.030000000000000027e+00	1.263659999999999961e+01	1.210410000000000075e+01	1.158513334155968444e+01
2.387100000000000080e+02	1.030000000000000027e+00	1.283440000000000047e+01	1.230380000000000074e+01	1.165114061007593627e+01
2.442599999999999909e+02	1.030000000000000027e+00	1.303219999999999956e+01	1.250290000000000035e+01	1.171683405085707541e+01
2.498199999999999932e+02	1.030000000000000027e+00	1.323000000000000043e+01	1.270250000000000057e+01	1.178241597527046025e+01
2.553700000000000045e+02	1.030000000000000027e+00	1.343149999999999977e+01	1.290169999999999995e+01	1.184865040420639026e+01
2.609300000000000068e+02	1.030000000000000027e+00	1.362930000000000064e+01	1.310149999999999970e+01	1.191500417445572069e+01
2.664800000000000182e+02	1.030000000000000027e+00	1.383079999999999998e+01	1.330129999999999946e+01	1.197975681848568463e+01
2.720400000000000205e+02	1.030000000000000027e+00	1.403240000000000087e+01	1.350189999999999912e+01	1.204424145615237052e+01
2.775899999999999750e+02	1.030000000000000027e+00	1.423390000000000022e+01	1.370260000000000034e+01	1.210616396398645378e+01
2.831499999999999773e+02	1.030000000000000027e+00	1.443169999999999931e+01	1.390419999999999945e+01	1.216962911257387603e+01
1.609300000000000068e+02	1.379999999999999893e+00	9.707000000000000739e+00	9.155680000000000263e+00	1.072913450613901354e+01
1.664799999999999898e+02	1.379999999999999893e+00	9.960699999999999221e+00	9.411129999999999995e+00	1.079530779588959355e+01
1.720399999999999920e+02	1.379999999999999893e+00	1.019960000000000022e+01	9.654090000000000060e+00	1.085885995478772159e+01
1.775900000000000034e+02	1.379999999999999893e+00	1.043099999999999916e+01	9.887620000000000076e+00	1.092304608564931101e+01
1.831500000000000057e+02	1.379999999999999893e+00	1.065859999999999985e+01	1.011490000000000045e+01	1.098972766036870219e+01
1.859300000000000068e+02	1.379999999999999893e+00	1.077059999999999995e+01	1.022649999999999970e+01	1.102306844772839689e+01
1.887100000000000080e+02	1.379999999999999893e+00	1.087880000000000003e+01	1.033689999999999998e+01	1.105607217581599144e+01
1.905900000000000034e+02	1.379999999999999893e+00	1.095340000000000025e+01	1.041099999999999959e+01	1.107797521481557546e+01
1.942599999999999909e+02	1.379999999999999893e+00	1.109529999999999994e+01	1.055439999999999934e+01	1.112055803862797632e+01
1.970399999999999920e+02	1.379999999999999893e+00	1.120350000000000001e+01	1.066210000000000058e+01	1.115372556946045179e+01
1.998199999999999932e+02	1.379999999999999893e+00	1.131170000000000009e+01	1.076900000000000013e+01	1.118691975709128705e+01
2.025900000000000034e+02	1.379999999999999893e+00	1.141249999999999964e+01	1.087490000000000023e+01	1.122003747136129448e+01
2.053700000000000045e+02	1.379999999999999893e+00	1.152069999999999972e+01	1.098060000000000080e+01	1.125347792311986339e+01
2.109300000000000068e+02	1.379999999999999893e+00	1.172969999999999935e+01	1.119040000000000035e+01	1.131961010647050614e+01
2.164799999999999898e+02	1.379999999999999893e+00	1.193500000000000050e+01	1.139799999999999969e+01	1.138636595746662117e+01
2.220399999999999920e+02	1.379999999999999893e+00	1.214020000000000010e+01	1.160459999999999958e+01	1.145286045049342505e+01
2.275900000000000034e+02	1.379999999999999893e+00	1.234549999999999947e+01	1.180969999999999942e+01	1.151915840989879491e+01
2.331500000000000057e+02	1.379999999999999893e+00	1.255070000000000086e+01	1.201420000000000066e+01	1.158596510832506432e+01
2.387100000000000080e+02	1.379999999999999893e+00	1.275600000000000023e+01	1.221809999999999974e+01	1.165156917033812789e+01
2.442599999999999909e+02	1.379999999999999893e+00	1.295749999999999957e+01	1.242120000000000068e+01	1.171812248828021552e+01
2.498199999999999932e+02	1.379999999999999893e+00	1.315910000000000046e+01	1.262420000000000009e+01	1.178393546456569752e+01
2.553700000000000045e+02	1.379999999999999893e+00	1.336059999999999981e+01	1.282680000000000042e+01	1.185039765179429416e+01
2.609300000000000068e+02	1.379999999999999893e+00	1.356209999999999916e+01	1.302970000000000006e+01	1.191328287751336568e+01
2.664800000000000182e+02	1.379999999999999893e+00	1.376370000000000005e+01	1.323240000000000016e+01	1.197793695486048904e+01
2.720400000000000205e+02	1.379999999999999893e+00	1.396519999999999939e+01	1.343560000000000088e+01	1.204232958674026222e+01
2.775899999999999750e+02	1.379999999999999893e+00	1.416670000000000051e+01	1.363879999999999981e+01	1.210618490719665807e+01
2.831499999999999773e+02	1.379999999999999893e+00	1.436819999999999986e+01	1.384280000000000044e+01	1.216969883584185297e+01
1.664799999999999898e+02	1.719999999999999973e+00	9.725600000000000023e+00	9.175330000000000652e+00	1.079888245988145279e+01
1.720399999999999920e+02	1.719999999999999973e+00	9.998100000000000875e+00	9.449350000000000804e+00	1.086319430322874524e+01
1.775900000000000034e+02	1.719999999999999973e+00	1.025559999999999938e+01	9.705489999999999284e+00	1.093099649095660908e+01
1.831500000000000057e+02	1.719999999999999973e+00	1.049440000000000062e+01	9.950369999999999493e+00	1.099690794879223787e+01
1.859300000000000068e+02	1.719999999999999973e+00	1.061379999999999946e+01	1.006949999999999967e+01	1.103050780485491522e+01
1.887100000000000080e+02	1.719999999999999973e+00	1.072949999999999982e+01	1.018670000000000009e+01	1.106457095510573474e+01
1.905900000000000034e+02	1.719999999999999973e+00	1.080790000000000006e+01	1.026510000000000034e+01	1.108736029535279854e+01
1.942599999999999909e+02	1.719999999999999973e+00	1.095720000000000027e+01	1.041610000000000014e+01	1.113192125218045092e+01
1.970399999999999920e+02	1.719999999999999973e+00	1.106910000000000061e+01	1.052899999999999991e+01	1.116544005016735674e+01
1.998199999999999932e+02	1.719999999999999973e+00	1.118110000000000070e+01	1.064080000000000048e+01	1.119954664962641289e+01
2.025900000000000034e+02	1.719999999999999973e+00	1.129310000000000080e+01	1.075120000000000076e+01	1.123328661028365438e+01
2.053700000000000045e+02	1.719999999999999973e+00	1.139760000000000062e+01	1.086100000000000065e+01	1.126739902973643481e+01
2.164799999999999898e+02	1.719999999999999973e+00	1.183050000000000068e+01	1.129269999999999996e+01	1.140372600100275946e+01
2.220399999999999920e+02	1.719999999999999973e+00	1.204320000000000057e+01	1.150520000000000032e+01	1.147195083990831854e+01
2.275900000000000034e+02	1.719999999999999973e+00	1.225220000000000020e+01	1.171570000000000000e+01	1.153878452956937295e+01
2.331500000000000057e+02	1.719999999999999973e+00	1.246119999999999983e+01	1.192500000000000071e+01	1.160641526387430034e+01
2.387100000000000080e+02	1.719999999999999973e+00	1.267019999999999946e+01	1.213330000000000020e+01	1.167448681842269664e+01
2.442599999999999909e+02	1.719999999999999973e+00	1.287540000000000084e+01	1.234029999999999916e+01	1.174175045375695881e+01
2.498199999999999932e+02	1.719999999999999973e+00	1.308070000000000022e+01	1.254710000000000036e+01	1.180974876491917946e+01
2.553700000000000045e+02	1.719999999999999973e+00	1.328599999999999959e+01	1.275309999999999988e+01	1.187663070852787861e+01
2.609300000000000068e+02	1.719999999999999973e+00	1.349119999999999919e+01	1.295909999999999940e+01	1.194334319268318367e+01
2.664800000000000182e+02	1.719999999999999973e+00	1.369650000000000034e+01	1.316469999999999985e+01	1.201100958736969559e+01
2.720400000000000205e+02	1.719999999999999973e+00	1.390169999999999995e+01	1.337059999999999960e+01	1.207879790348807703e+01
2.775899999999999750e+02	1.719999999999999973e+00	1.410699999999999932e+01	1.357639999999999958e+01	1.214262501428530783e+01
2.831499999999999773e+02	1.719999999999999973e+00	1.431230000000000047e+01	1.378270000000000017e+01	1.221011400075666842e+01
1.720399999999999920e+02	2.069999999999999840e+00	9.755499999999999616e+00	9.204290000000000305e+00	1.086142671895221490e+01
1.775900000000000034e+02	2.069999999999999840e+00	1.005030000000000001e+01	9.495340000000000558e+00	1.092401267856326186e+01
1.831500000000000057e+02	2.069999999999999840e+00	1.032269999999999932e+01	9.764939999999999287e+00	1.099067496268909849e+01
1.859300000000000068e+02	2.069999999999999840e+00	1.044960000000000022e+01	9.894030000000000769e+00	1.102466577892683297e+01
1.887100000000000080e+02	2.069999999999999840e+00	1.057280000000000086e+01	1.002009999999999934e+01	1.105821729397387898e+01
1.905900000000000034e+02	2.069999999999999840e+00	1.065859999999999985e+01	1.010389999999999944e+01	1.108121610343639851e+01
1.942599999999999909e+02	2.069999999999999840e+00	1.081910000000000061e+01	1.026449999999999996e+01	1.112563444193076201e+01
1.970399999999999920e+02	2.069999999999999840e+00	1.093479999999999919e+01	1.038390000000000057e+01	1.115935313377741167e+01
1.998199999999999932e+02	2.069999999999999840e+00	1.105790000000000006e+01	1.050159999999999982e+01	1.119308372694176512e+01
2.025900000000000034e+02	2.069999999999999840e+00	1.116990000000000016e+01	1.061739999999999995e+01	1.122625577882389969e+01
2.053700000000000045e+02	2.069999999999999840e+00	1.128560000000000052e+01	1.073230000000000040e+01	1.125983463239050941e+01
2.109300000000000068e+02	2.069999999999999840e+00	1.150949999999999918e+01	1.095850000000000080e+01	1.132799618747057480e+01
2.164799999999999898e+02	2.069999999999999840e+00	1.172600000000000087e+01	1.118060000000000009e+01	1.139603514982567489e+01
2.220399999999999920e+02	2.069999999999999840e+00	1.194239999999999924e+01	1.139990000000000059e+01	1.146419670490574028e+01
2.275900000000000034e+02	2.069999999999999840e+00	1.215889999999999915e+01	1.161640000000000050e+01	1.153091681293450321e+01
2.331500000000000057e+02	2.069999999999999840e+00	1.237160000000000082e+01	1.183109999999999928e+01	1.159898368363281662e+01
2.387100000000000080e+02	2.069999999999999840e+00	1.258430000000000071e+01	1.204429999999999978e+01	1.166588270757063484e+01
2.442599999999999909e+02	2.069999999999999840e+00	1.279330000000000034e+01	1.225569999999999915e+01	1.173371097374979222e+01
2.498199999999999932e+02	2.069999999999999840e+00	1.300229999999999997e+01	1.246649999999999991e+01	1.179916916289239559e+01
2.553700000000000045e+02	2.069999999999999840e+00	1.321129999999999960e+01	1.267609999999999992e+01	1.186574585332364151e+01
2.609300000000000068e+02	2.069999999999999840e+00	1.342029999999999923e+01	1.288560000000000016e+01	1.193215162989865696e+01
2.664800000000000182e+02	2.069999999999999840e+00	1.362930000000000064e+01	1.309430000000000049e+01	1.199810397267103745e+01
2.720400000000000205e+02	2.069999999999999840e+00	1.383830000000000027e+01	1.330310000000000059e+01	1.206045973928075199e+01
2.775899999999999750e+02	2.069999999999999840e+00	1.404359999999999964e+01	1.351159999999999961e+01	1.212729616152979695e+01
2.831499999999999773e+02	2.069999999999999840e+00	1.425249999999999950e+01	1.372049999999999947e+01	1.219200312789080165e+01
1.720399999999999920e+02	2.410000000000000142e+00	9.460599999999999454e+00	8.908709999999999241e+00	1.086187205223741437e+01
1.775900000000000034e+02	2.410000000000000142e+00	9.815200000000000813e+00	9.259130000000000749e+00	1.092907275065643091e+01
1.831500000000000057e+02	2.410000000000000142e+00	1.012119999999999997e+01	9.564109999999999445e+00	1.099494366495875219e+01
1.859300000000000068e+02	2.410000000000000142e+00	1.026299999999999990e+01	9.706440000000000623e+00	1.102807180662525610e+01
1.887100000000000080e+02	2.410000000000000142e+00	1.040109999999999957e+01	9.843840000000000146e+00	1.106076794909413152e+01
1.905900000000000034e+02	2.410000000000000142e+00	1.049070000000000036e+01	9.934419999999999362e+00	1.108362039390089748e+01
1.942599999999999909e+02	2.410000000000000142e+00	1.066239999999999988e+01	1.010670000000000002e+01	1.112768752637737002e+01
1.970399999999999920e+02	2.410000000000000142e+00	1.079299999999999926e+01	1.023380000000000045e+01	1.116112685811111049e+01
1.998199999999999932e+02	2.410000000000000142e+00	1.091610000000000014e+01	1.035839999999999961e+01	1.119495617206098004e+01
2.025900000000000034e+02	2.410000000000000142e+00	1.103930000000000078e+01	1.048039999999999949e+01	1.122806992029151552e+01
2.053700000000000045e+02	2.410000000000000142e+00	1.115869999999999962e+01	1.060089999999999932e+01	1.126165328388246678e+01
2.109300000000000068e+02	2.410000000000000142e+00	1.139010000000000034e+01	1.083719999999999928e+01	1.132798004846431006e+01
2.164799999999999898e+02	2.410000000000000142e+00	1.161769999999999925e+01	1.106770000000000032e+01	1.139561928261474932e+01
2.220399999999999920e+02	2.410000000000000142e+00	1.184169999999999945e+01	1.129439999999999955e+01	1.146295924956392653e+01
2.275900000000000034e+02	2.410000000000000142e+00	1.206189999999999962e+01	1.151730000000000054e+01	1.152925037314474288e+01
2.331500000000000057e+02	2.410000000000000142e+00	1.228200000000000003e+01	1.173780000000000001e+01	1.159691602052524395e+01
2.387100000000000080e+02	2.410000000000000142e+00	1.250220000000000020e+01	1.195599999999999952e+01	1.166398525295349842e+01
2.442599999999999909e+02	2.410000000000000142e+00	1.271499999999999986e+01	1.217200000000000060e+01	1.173078530127459018e+01
2.498199999999999932e+02	2.410000000000000142e+00	1.292769999999999975e+01	1.238700000000000045e+01	1.179749765210661749e+01
2.553700000000000045e+02	2.410000000000000142e+00	1.314039999999999964e+01	1.260040000000000049e+01	1.186483668764893551e+01
2.609300000000000068e+02	2.410000000000000142e+00	1.335309999999999953e+01	1.281329999999999991e+01	1.193110414759967597e+01
2.664800000000000182e+02	2.410000000000000142e+00	1.356589999999999918e+01	1.302519999999999989e+01	1.199407791288319380e+01
2.720400000000000205e+02	2.410000000000000142e+00	1.377480000000000082e+01	1.323700000000000010e+01	1.206106317159923158e+01
2.775899999999999750e+02	2.410000000000000142e+00	1.398380000000000045e+01	1.344819999999999993e+01	1.212792795323124828e+01
2.831499999999999773e+02	2.410000000000000142e+00	1.419280000000000008e+01	1.365970000000000084e+01	1.219269538714257450e+01
1.775900000000000034e+02	2.759999999999999787e+00	9.512900000000000134e+00	8.960679999999999978e+00	1.092884418684117342e+01
1.831500000000000057e+02	2.759999999999999787e+00	9.878600000000000492e+00	9.327070000000000860e+00	1.098896578619949871e+01
1.859300000000000068e+02	2.759999999999999787e+00	1.003909999999999947e+01	9.489440000000000097e+00	1.102296628673087397e+01
1.887100000000000080e+02	2.759999999999999787e+00	1.019589999999999996e+01	9.643039999999999168e+00	1.105633864029717905e+01
1.905900000000000034e+02	2.759999999999999787e+00	1.030030000000000001e+01	9.743000000000000327e+00	1.107896099141005131e+01
1.942599999999999909e+02	2.759999999999999787e+00	1.048690000000000033e+01	9.930839999999999890e+00	1.112390395086106842e+01
1.970399999999999920e+02	2.759999999999999787e+00	1.062500000000000000e+01	1.006789999999999985e+01	1.115794793649426353e+01
1.998199999999999932e+02	2.759999999999999787e+00	1.075939999999999941e+01	1.020120000000000005e+01	1.119162222331793188e+01
2.025900000000000034e+02	2.759999999999999787e+00	1.088630000000000031e+01	1.033089999999999975e+01	1.122460395104191733e+01
2.053700000000000045e+02	2.759999999999999787e+00	1.101319999999999943e+01	1.045839999999999925e+01	1.125810675211551271e+01
2.109300000000000068e+02	2.759999999999999787e+00	1.125949999999999918e+01	1.070659999999999989e+01	1.132632986974624245e+01
2.164799999999999898e+02	2.759999999999999787e+00	1.149830000000000041e+01	1.094710000000000072e+01	1.139351369794808910e+01
2.220399999999999920e+02	2.759999999999999787e+00	1.173339999999999961e+01	1.118229999999999968e+01	1.146085726955423034e+01
2.275900000000000034e+02	2.759999999999999787e+00	1.196110000000000007e+01	1.141249999999999964e+01	1.152849907882264979e+01
2.331500000000000057e+02	2.759999999999999787e+00	1.218500000000000050e+01	1.163940000000000019e+01	1.159619317890890322e+01
2.387100000000000080e+02	2.759999999999999787e+00	1.240889999999999915e+01	1.186330000000000062e+01	1.166376326302861699e+01
2.442599999999999909e+02	2.759999999999999787e+00	1.262909999999999933e+01	1.208430000000000071e+01	1.173175090341031179e+01
2.498199999999999932e+02	2.759999999999999787e+00	1.284559999999999924e+01	1.230380000000000074e+01	1.179904075027221211e+01
2.553700000000000045e+02	2.759999999999999787e+00	1.306199999999999939e+01	1.252139999999999986e+01	1.186200245303744083e+01
2.609300000000000068e+02	2.759999999999999787e+00	1.327849999999999930e+01	1.273799999999999955e+01	1.192957355689150845e+01
2.664800000000000182e+02	2.759999999999999787e+00	1.349489999999999945e+01	1.295340000000000025e+01	1.199419985473909911e+01
2.720400000000000205e+02	2.759999999999999787e+00	1.370770000000000088e+01	1.316830000000000034e+01	1.206153076947235725e+01
2.775899999999999750e+02	2.759999999999999787e+00	1.392040000000000077e+01	1.338240000000000052e+01	1.212874058543810918e+01
2.831499999999999773e+02	2.759999999999999787e+00	1.413310000000000066e+01	1.359660000000000046e+01	1.219385779753884691e+01
1.831500000000000057e+02	3.100000000000000089e+00	9.591300000000000381e+00	9.050280000000000769e+00	1.100597281709021757e+01
1.859300000000000068e+02	3.100000000000000089e+00	9.789099999999999469e+00	9.244949999999999335e+00	1.103977186705861158e+01
1.887100000000000080e+02	3.100000000000000089e+00	9.968199999999999505e+00	9.422319999999999141e+00	1.107452982207035852e+01
1.905900000000000034e+02	3.100000000000000089e+00	1.008760000000000012e+01	9.535259999999999181e+00	1.109803520171859148e+01
1.942599999999999909e+02	3.100000000000000089e+00	1.029659999999999975e+01	9.743629999999999569e+00	1.114169766914238480e+01
1.970399999999999920e+02	3.100000000000000089e+00	1.044589999999999996e+01	9.893200000000000216e+00	1.117655334301724857e+01
1.998199999999999932e+02	3.100000000000000089e+00	1.059140000000000015e+01	1.003720000000000034e+01	1.121098398333226953e+01
2.025900000000000034e+02	3.100000000000000089e+00	1.073329999999999984e+01	1.017619999999999969e+01	1.124535162773498875e+01
2.053700000000000045e+02	3.100000000000000089e+00	1.086759999999999948e+01	1.031179999999999986e+01	1.128023971414630111e+01
2.109300000000000068e+02	3.100000000000000089e+00	1.112889999999999979e+01	1.057360000000000078e+01	1.134944903668695915e+01
2.164799999999999898e+02	3.100000000000000089e+00	1.137889999999999979e+01	1.082520000000000060e+01	1.141913322632539618e+01
2.220399999999999920e+02	3.100000000000000089e+00	1.162149999999999928e+01	1.106959999999999944e+01	1.148894297306228118e+01
2.275900000000000034e+02	3.100000000000000089e+00	1.185660000000000025e+01	1.130770000000000053e+01	1.155770686230404465e+01
2.331500000000000057e+02	3.100000000000000089e+00	1.208799999999999919e+01	1.154139999999999944e+01	1.162698582521183255e+01
2.387100000000000080e+02	3.100000000000000089e+00	1.231939999999999991e+01	1.177130000000000010e+01	1.169615541528260039e+01
2.442599999999999909e+02	3.100000000000000089e+00	1.254330000000000034e+01	1.199760000000000026e+01	1.176573301605776933e+01
2.498199999999999932e+02	3.100000000000000089e+00	1.276350000000000051e+01	1.222180000000000000e+01	1.183543598187938173e+01
2.553700000000000045e+02	3.100000000000000089e+00	1.298370000000000068e+01	1.244350000000000023e+01	1.190407752416512288e+01
2.609300000000000068e+02	3.100000000000000089e+00	1.320390000000000086e+01	1.266409999999999947e+01	1.197369541546305705e+01
2.664800000000000182e+02	3.100000000000000089e+00	1.342029999999999923e+01	1.288289999999999935e+01	1.204318809472628082e+01
2.720400000000000205e+02	3.100000000000000089e+00	1.363679999999999914e+01	1.310110000000000063e+01	1.211125749297206156e+01
2.775899999999999750e+02	3.100000000000000089e+00	1.385319999999999929e+01	1.331809999999999938e+01	1.217881339692058162e+01
2.831499999999999773e+02	3.100000000000000089e+00	1.406969999999999921e+01	1.353500000000000014e+01	1.224816866552835037e+01
1.831500000000000057e+02	3.450000000000000178e+00	9.218099999999999739e+00	8.671160000000000423e+00	1.100077174812244785e+01
1.859300000000000068e+02	3.450000000000000178e+00	9.471799999999999997e+00	8.935850000000000293e+00	1.103544938242633222e+01
1.887100000000000080e+02	3.450000000000000178e+00	9.695800000000000196e+00	9.155760000000000787e+00	1.107012701673021482e+01
1.905900000000000034e+02	3.450000000000000178e+00	9.848800000000000665e+00	9.289680000000000604e+00	1.109295190759181082e+01
1.942599999999999909e+02	3.450000000000000178e+00	1.008760000000000012e+01	9.528729999999999478e+00	1.113876611589799559e+01
1.970399999999999920e+02	3.450000000000000178e+00	1.025929999999999964e+01	9.695830000000000837e+00	1.117289637619382248e+01
1.998199999999999932e+02	3.450000000000000178e+00	1.041600000000000037e+01	9.854150000000000631e+00	1.120762531146791829e+01
2.025900000000000034e+02	3.450000000000000178e+00	1.056910000000000061e+01	1.000510000000000055e+01	1.124180222177840349e+01
2.053700000000000045e+02	3.450000000000000178e+00	1.071460000000000079e+01	1.015090000000000003e+01	1.127654870522002639e+01
2.109300000000000068e+02	3.450000000000000178e+00	1.099080000000000013e+01	1.042960000000000065e+01	1.134542211425418579e+01
2.164799999999999898e+02	3.450000000000000178e+00	1.125200000000000067e+01	1.069430000000000014e+01	1.141430617138179215e+01
2.220399999999999920e+02	3.450000000000000178e+00	1.150580000000000069e+01	1.094960000000000022e+01	1.148288555268431743e+01
2.275900000000000034e+02	3.450000000000000178e+00	1.174840000000000018e+01	1.119660000000000011e+01	1.155232624028704791e+01
2.331500000000000057e+02	3.450000000000000178e+00	1.198719999999999963e+01	1.143800000000000061e+01	1.162137991230346756e+01
2.387100000000000080e+02	3.450000000000000178e+00	1.222230000000000061e+01	1.167450000000000010e+01	1.169034036434817736e+01
2.442599999999999909e+02	3.450000000000000178e+00	1.245369999999999955e+01	1.190659999999999918e+01	1.175903984847302652e+01
2.498199999999999932e+02	3.450000000000000178e+00	1.267759999999999998e+01	1.213599999999999923e+01	1.182770298408784448e+01
2.553700000000000045e+02	3.450000000000000178e+00	1.290160000000000018e+01	1.236239999999999917e+01	1.189695066444315152e+01
2.609300000000000068e+02	3.450000000000000178e+00	1.312550000000000061e+01	1.258699999999999974e+01	1.196407451124089327e+01
2.664800000000000182e+02	3.450000000000000178e+00	1.334570000000000078e+01	1.280959999999999965e+01	1.203312789814500228e+01
2.720400000000000205e+02	3.450000000000000178e+00	1.356589999999999918e+01	1.303120000000000012e+01	1.210230570556605656e+01
2.775899999999999750e+02	3.450000000000000178e+00	1.378599999999999959e+01	1.325140000000000029e+01	1.216953523729414144e+01
2.831499999999999773e+02	3.450000000000000178e+00	1.400619999999999976e+01	1.347119999999999962e+01	1.223857535570883748e+01
1.859300000000000068e+02	3.790000000000000036e+00	9.035199999999999676e+00	8.516379999999999839e+00	1.103924818301342903e+01
1.887100000000000080e+02	3.790000000000000036e+00	9.378500000000000725e+00	8.831649999999999778e+00	1.107240440944282867e+01
1.905900000000000034e+02	3.790000000000000036e+00	9.565099999999999270e+00	9.003130000000000521e+00	1.109512132129917283e+01
1.942599999999999909e+02	3.790000000000000036e+00	9.852499999999999147e+00	9.290089999999999293e+00	1.113884680144180628e+01
1.970399999999999920e+02	3.790000000000000036e+00	1.004659999999999975e+01	9.481730000000000658e+00	1.117238535989673309e+01
1.998199999999999932e+02	3.790000000000000036e+00	1.022199999999999953e+01	9.658939999999999415e+00	1.120677441678281561e+01
2.025900000000000034e+02	3.790000000000000036e+00	1.038620000000000054e+01	9.824939999999999785e+00	1.123971833120340236e+01
2.053700000000000045e+02	3.790000000000000036e+00	1.054289999999999949e+01	9.983349999999999724e+00	1.127476849772841483e+01
2.109300000000000068e+02	3.790000000000000036e+00	1.084520000000000017e+01	1.028170000000000073e+01	1.134416528425439274e+01
2.164799999999999898e+02	3.790000000000000036e+00	1.112509999999999977e+01	1.056140000000000079e+01	1.141361213737140190e+01
2.220399999999999920e+02	3.790000000000000036e+00	1.138640000000000008e+01	1.082859999999999978e+01	1.148278240969350783e+01
2.275900000000000034e+02	3.790000000000000036e+00	1.164010000000000034e+01	1.108539999999999992e+01	1.155236005953850409e+01
2.331500000000000057e+02	3.790000000000000036e+00	1.189020000000000010e+01	1.133500000000000085e+01	1.162255443105792452e+01
2.387100000000000080e+02	3.790000000000000036e+00	1.213279999999999959e+01	1.157850000000000001e+01	1.169216395372652428e+01
2.442599999999999909e+02	3.790000000000000036e+00	1.236790000000000056e+01	1.181670000000000087e+01	1.176219409876371635e+01
2.498199999999999932e+02	3.790000000000000036e+00	1.259929999999999950e+01	1.205129999999999946e+01	1.183235042424241712e+01
2.553700000000000045e+02	3.790000000000000036e+00	1.283070000000000022e+01	1.228240000000000087e+01	1.190238056927960741e+01
2.609300000000000068e+02	3.790000000000000036e+00	1.305829999999999913e+01	1.251130000000000031e+01	1.197253689475830818e+01
2.664800000000000182e+02	3.790000000000000036e+00	1.328219999999999956e+01	1.273770000000000024e+01	1.203996447643675438e+01
2.720400000000000205e+02	3.790000000000000036e+00	1.350609999999999999e+01	1.296279999999999966e+01	1.210681858398434585e+01
2.775899999999999750e+02	3.790000000000000036e+00	1.373010000000000019e+01	1.318609999999999971e+01	1.217093542268713335e+01
2.831499999999999773e+02	3.790000000000000036e+00	1.395030000000000037e+01	1.340889999999999915e+01	1.224022515438987213e+01
1.887100000000000080e+02	4.139999999999999680e+00	8.889599999999999724e+00	8.340550000000000352e+00	1.106329669000019500e+01
1.905900000000000034e+02	4.139999999999999680e+00	9.173299999999999343e+00	8.615330000000000155e+00	1.108552066911075684e+01
1.942599999999999909e+02	4.139999999999999680e+00	9.553900000000000503e+00	8.997769999999999158e+00	1.113132055195632297e+01
1.970399999999999920e+02	4.139999999999999680e+00	9.792799999999999727e+00	9.229430000000000689e+00	1.116601365122353684e+01
1.998199999999999932e+02	4.139999999999999680e+00	9.998100000000000875e+00	9.434670000000000556e+00	1.120070675049075071e+01
2.025900000000000034e+02	4.139999999999999680e+00	1.018469999999999942e+01	9.621700000000000585e+00	1.123415661636635221e+01
2.053700000000000045e+02	4.139999999999999680e+00	1.036379999999999946e+01	9.796770000000000422e+00	1.126889882154176270e+01
2.109300000000000068e+02	4.139999999999999680e+00	1.068469999999999942e+01	1.012010000000000076e+01	1.133838323189258190e+01
2.164799999999999898e+02	4.139999999999999680e+00	1.098329999999999984e+01	1.041799999999999926e+01	1.140774267028233879e+01
2.220399999999999920e+02	4.139999999999999680e+00	1.126319999999999943e+01	1.069919999999999938e+01	1.147611901582684624e+01
2.275900000000000034e+02	4.139999999999999680e+00	1.152820000000000000e+01	1.096720000000000006e+01	1.154551034523819553e+01
2.331500000000000057e+02	4.139999999999999680e+00	1.178570000000000029e+01	1.122610000000000063e+01	1.161502670407190685e+01
2.387100000000000080e+02	4.139999999999999680e+00	1.203200000000000003e+01	1.147739999999999938e+01	1.168454306290561817e+01
2.442599999999999909e+02	4.139999999999999680e+00	1.227459999999999951e+01	1.172230000000000061e+01	1.175257677252534982e+01
2.498199999999999932e+02	4.139999999999999680e+00	1.251340000000000074e+01	1.196279999999999966e+01	1.182119370836582739e+01
2.553700000000000045e+02	4.139999999999999680e+00	1.274849999999999994e+01	1.219899999999999984e+01	1.188947310738688579e+01
2.609300000000000068e+02	4.139999999999999680e+00	1.297990000000000066e+01	1.243249999999999922e+01	1.195650278157428126e+01
2.664800000000000182e+02	4.139999999999999680e+00	1.321129999999999960e+01	1.266300000000000026e+01	1.202412140837933130e+01
2.720400000000000205e+02	4.139999999999999680e+00	1.343520000000000003e+01	1.289179999999999993e+01	1.209001086971870187e+01
2.775899999999999750e+02	4.139999999999999680e+00	1.365920000000000023e+01	1.311849999999999916e+01	1.215316234076354718e+01
2.831499999999999773e+02	4.139999999999999680e+00	1.388310000000000066e+01	1.334430000000000049e+01	1.221936404399204434e+01
1.905900000000000034e+02	4.309999999999999609e+00	8.923199999999999577e+00	8.354689999999999728e+00	1.109277906112332879e+01
1.942599999999999909e+02	4.309999999999999609e+00	9.382300000000000750e+00	8.829579999999999984e+00	1.113800266265161909e+01
1.970399999999999920e+02	4.309999999999999609e+00	9.639799999999999258e+00	9.090830000000000410e+00	1.117132254405456848e+01
1.998199999999999932e+02	4.309999999999999609e+00	9.863699999999999690e+00	9.314780000000000726e+00	1.120562038172307240e+01
2.025900000000000034e+02	4.309999999999999609e+00	1.006900000000000084e+01	9.514989999999999171e+00	1.123979484587478339e+01
2.053700000000000045e+02	4.309999999999999609e+00	1.025559999999999938e+01	9.700070000000000192e+00	1.127356746684073840e+01
2.109300000000000068e+02	4.309999999999999609e+00	1.059890000000000043e+01	1.003780000000000072e+01	1.133968489245780376e+01
2.164799999999999898e+02	4.309999999999999609e+00	1.090869999999999962e+01	1.034580000000000055e+01	1.140840351976575207e+01
2.220399999999999920e+02	4.309999999999999609e+00	1.119599999999999973e+01	1.063449999999999918e+01	1.147667177603110922e+01
2.275900000000000034e+02	4.309999999999999609e+00	1.146850000000000058e+01	1.090840000000000032e+01	1.154486801580094735e+01
2.331500000000000057e+02	4.309999999999999609e+00	1.173719999999999963e+01	1.117210000000000036e+01	1.161258179328860152e+01
2.387100000000000080e+02	4.309999999999999609e+00	1.198349999999999937e+01	1.142750000000000021e+01	1.168082477593069513e+01
2.442599999999999909e+02	4.309999999999999609e+00	1.222979999999999912e+01	1.167580000000000062e+01	1.174743020312718045e+01
2.498199999999999932e+02	4.309999999999999609e+00	1.247240000000000038e+01	1.191929999999999978e+01	1.181282593244765167e+01
2.553700000000000045e+02	4.309999999999999609e+00	1.270749999999999957e+01	1.215809999999999924e+01	1.188108779313523300e+01
2.609300000000000068e+02	4.309999999999999609e+00	1.294260000000000055e+01	1.239390000000000036e+01	1.194947264816639532e+01
2.664800000000000182e+02	4.309999999999999609e+00	1.317399999999999949e+01	1.262650000000000006e+01	1.201773450885397665e+01
2.720400000000000205e+02	4.309999999999999609e+00	1.340160000000000018e+01	1.285710000000000086e+01	1.208142085307505553e+01
2.775899999999999750e+02	4.309999999999999609e+00	1.362930000000000064e+01	1.308549999999999969e+01	1.214747106903572949e+01
2.831499999999999773e+02	4.309999999999999609e+00	1.385699999999999932e+01	1.331290000000000084e+01	1.221319770745354916e+01
