# Temperature (K)	Pressure (MPa)	Experimental(J/mol*K)	NIST(J/mol*K)	Model(J/mol*K)
2.942599999999999909e+02	0.000000000000000000e+00	3.559660000000000224e+01	3.556640000000000157e+01	7.374636202779448979e+01
2.942599999999999909e+02	1.719999999999999973e+00	3.722800000000000153e+01	3.732690000000000197e+01	7.391935586816896375e+01
2.942599999999999909e+02	3.450000000000000178e+00	3.900719999999999743e+01	3.935609999999999786e+01	7.409308534334694230e+01
3.109300000000000068e+02	0.000000000000000000e+00	3.625450000000000017e+01	3.620420000000000016e+01	7.793018284814523611e+01
3.109300000000000068e+02	1.719999999999999973e+00	3.768460000000000321e+01	3.771249999999999858e+01	7.810332255413661073e+01
3.109300000000000068e+02	3.450000000000000178e+00	3.924219999999999686e+01	3.939690000000000225e+01	7.827705202931456085e+01
3.275899999999999750e+02	0.000000000000000000e+00	3.695949999999999847e+01	3.691270000000000095e+01	8.211149387796189103e+01
3.275899999999999750e+02	1.719999999999999973e+00	3.821490000000000009e+01	3.822030000000000172e+01	8.228470854156778103e+01
3.275899999999999750e+02	3.450000000000000178e+00	3.956439999999999912e+01	3.964549999999999841e+01	8.245850883724628488e+01
3.442599999999999909e+02	0.000000000000000000e+00	3.773160000000000025e+01	3.768430000000000035e+01	8.629531469831262314e+01
3.442599999999999909e+02	1.719999999999999973e+00	3.881920000000000215e+01	3.882900000000000063e+01	8.646852972951417371e+01
3.442599999999999909e+02	3.450000000000000178e+00	4.000079999999999814e+01	4.005319999999999681e+01	8.664247552321391765e+01
3.609300000000000068e+02	0.000000000000000000e+00	3.859089999999999776e+01	3.850970000000000226e+01	9.047913551866344051e+01
3.609300000000000068e+02	1.719999999999999973e+00	3.953090000000000259e+01	3.952040000000000219e+01	9.065235091746055218e+01
3.609300000000000068e+02	3.450000000000000178e+00	4.055140000000000100e+01	4.058509999999999707e+01	9.082634400666165675e+01
3.775899999999999750e+02	0.000000000000000000e+00	3.947710000000000008e+01	3.937989999999999924e+01	9.466044654848002438e+01
3.775899999999999750e+02	1.719999999999999973e+00	4.031640000000000157e+01	4.027890000000000015e+01	9.483366231465234364e+01
3.775899999999999750e+02	3.450000000000000178e+00	4.120259999999999678e+01	4.121450000000000102e+01	5.835727960398425296e+01
1.800000000000000000e+02	3.200000000000000178e+00	1.277547900000000027e+03	1.034530000000000030e+02	5.409049301432123968e+01
1.805000000000000000e+02	3.200000000000000178e+00	9.664186999999999443e+02	9.820130000000000337e+01	5.391470449553391830e+01
1.805999999999999943e+02	3.200000000000000178e+00	9.712496999999999616e+02	9.725650000000000261e+01	5.387954679177644834e+01
1.855000000000000000e+02	3.200000000000000178e+00	7.256199999999999761e+01	7.180429999999999779e+01	5.215810505147646836e+01
1.931999999999999886e+02	3.200000000000000178e+00	5.798859999999999815e+01	5.785020000000000095e+01	4.946926838535875959e+01
1.930999999999999943e+02	3.200000000000000178e+00	5.810099999999999909e+01	5.796350000000000335e+01	4.950418834206159602e+01
2.029000000000000057e+02	3.200000000000000178e+00	5.020439999999999969e+01	5.030830000000000268e+01	4.637245259955903265e+01
2.029000000000000057e+02	3.200000000000000178e+00	5.002790000000000248e+01	5.030830000000000268e+01	4.637245259955903265e+01
1.553700000000000045e+02	1.030000000000000027e+00	4.209550000000000125e+01	4.348660000000000281e+01	2.496184019731774839e+01
1.609300000000000068e+02	1.030000000000000027e+00	4.048420000000000130e+01	4.165720000000000312e+01	2.541863460813609521e+01
1.664799999999999898e+02	1.030000000000000027e+00	3.934290000000000020e+01	4.037669999999999959e+01	2.587460744627310660e+01
1.720399999999999920e+02	1.030000000000000027e+00	3.853719999999999857e+01	3.940959999999999752e+01	2.633140185709145698e+01
1.775900000000000034e+02	1.030000000000000027e+00	3.800010000000000332e+01	3.865540000000000020e+01	2.678796816252647517e+01
1.831500000000000057e+02	1.030000000000000027e+00	3.759729999999999706e+01	3.805330000000000013e+01	2.724569697066452534e+01
1.887100000000000080e+02	1.030000000000000027e+00	3.726160000000000139e+01	3.756830000000000069e+01	2.770342577880258261e+01
1.942599999999999909e+02	1.030000000000000027e+00	3.699300000000000210e+01	3.717569999999999908e+01	2.816033133368858188e+01
1.998199999999999932e+02	1.030000000000000027e+00	3.672449999999999903e+01	3.685620000000000118e+01	5.396726556115415008e+01
2.053700000000000045e+02	1.030000000000000027e+00	3.652309999999999945e+01	3.659779999999999944e+01	5.544061149752285189e+01
2.109300000000000068e+02	1.030000000000000027e+00	3.638880000000000337e+01	3.638949999999999818e+01	5.691661935582796872e+01
2.164799999999999898e+02	1.030000000000000027e+00	3.625450000000000017e+01	3.622480000000000189e+01	5.838997252374041835e+01
2.220399999999999920e+02	1.030000000000000027e+00	3.605310000000000059e+01	3.609709999999999752e+01	5.986598038204554229e+01
2.275900000000000034e+02	1.030000000000000027e+00	3.598599999999999710e+01	3.600240000000000151e+01	6.133933354995803455e+01
2.331500000000000057e+02	1.030000000000000027e+00	3.591879999999999740e+01	3.593690000000000140e+01	6.281534140826314427e+01
2.387100000000000080e+02	1.030000000000000027e+00	3.591879999999999740e+01	3.589789999999999992e+01	6.429134926656827531e+01
2.442599999999999909e+02	1.030000000000000027e+00	3.585170000000000101e+01	3.588309999999999889e+01	6.576470243448073916e+01
2.498199999999999932e+02	1.030000000000000027e+00	3.591879999999999740e+01	3.589039999999999964e+01	6.724071029278584888e+01
2.553700000000000045e+02	1.030000000000000027e+00	3.591879999999999740e+01	3.591819999999999879e+01	6.871406346069832694e+01
2.609300000000000068e+02	1.030000000000000027e+00	3.598599999999999710e+01	3.596529999999999916e+01	7.019007131900343666e+01
2.664800000000000182e+02	1.030000000000000027e+00	3.605310000000000059e+01	3.603029999999999688e+01	7.166342448691592892e+01
2.720400000000000205e+02	1.030000000000000027e+00	3.612019999999999698e+01	3.611229999999999762e+01	7.313943234522099601e+01
2.775899999999999750e+02	1.030000000000000027e+00	3.618739999999999668e+01	3.621000000000000085e+01	7.461278551313351670e+01
2.831499999999999773e+02	1.030000000000000027e+00	3.625450000000000017e+01	3.632309999999999661e+01	7.608879337143861221e+01
1.720399999999999920e+02	2.069999999999999840e+00	5.545600000000000307e+01	5.519189999999999685e+01	4.700274663175508749e+01
1.775900000000000034e+02	2.069999999999999840e+00	5.062210000000000321e+01	5.015529999999999688e+01	3.781444396765488136e+01
1.831500000000000057e+02	2.069999999999999840e+00	4.733229999999999649e+01	4.703629999999999711e+01	3.897978643024836742e+01
1.887100000000000080e+02	2.069999999999999840e+00	4.491530000000000200e+01	4.487409999999999854e+01	4.014512889284187480e+01
1.942599999999999909e+02	2.069999999999999840e+00	4.323689999999999856e+01	4.327980000000000160e+01	4.130837541575442629e+01
1.998199999999999932e+02	2.069999999999999840e+00	4.189410000000000167e+01	4.205490000000000350e+01	4.247371787834794077e+01
2.053700000000000045e+02	2.069999999999999840e+00	4.081989999999999696e+01	4.109449999999999648e+01	4.363696440126049936e+01
2.109300000000000068e+02	2.069999999999999840e+00	4.001420000000000243e+01	4.032670000000000243e+01	4.480230686385401384e+01
2.164799999999999898e+02	2.069999999999999840e+00	3.934290000000000020e+01	3.970889999999999986e+01	4.596555338676657243e+01
2.220399999999999920e+02	2.069999999999999840e+00	3.887290000000000134e+01	3.920720000000000027e+01	4.713089584936005849e+01
2.275900000000000034e+02	2.069999999999999840e+00	3.847010000000000218e+01	3.880060000000000286e+01	4.829414237227263129e+01
2.331500000000000057e+02	2.069999999999999840e+00	3.820150000000000290e+01	3.847090000000000032e+01	4.945948483486613867e+01
2.387100000000000080e+02	2.069999999999999840e+00	3.793299999999999983e+01	3.820620000000000260e+01	5.062482729745963184e+01
2.442599999999999909e+02	2.069999999999999840e+00	3.773160000000000025e+01	3.799689999999999657e+01	5.178807382037219043e+01
2.498199999999999932e+02	2.069999999999999840e+00	3.759729999999999706e+01	3.783489999999999753e+01	5.295341628296567649e+01
2.553700000000000045e+02	2.069999999999999840e+00	3.753009999999999735e+01	3.771470000000000056e+01	5.411666280587827060e+01
2.609300000000000068e+02	2.069999999999999840e+00	3.746300000000000097e+01	3.763089999999999691e+01	5.528200526847177088e+01
2.664800000000000182e+02	2.069999999999999840e+00	3.739589999999999748e+01	3.757990000000000208e+01	5.644525179138433657e+01
2.720400000000000205e+02	2.069999999999999840e+00	3.739589999999999748e+01	3.755830000000000268e+01	6.891209007514285645e+01
2.775899999999999750e+02	2.069999999999999840e+00	3.739589999999999748e+01	3.756320000000000192e+01	7.030272077849187440e+01
2.831499999999999773e+02	2.069999999999999840e+00	3.732869999999999777e+01	3.759250000000000114e+01	7.169585712274781031e+01
1.775900000000000034e+02	2.410000000000000142e+00	5.814150000000000063e+01	5.803629999999999711e+01	4.531743521195669189e+01
1.831500000000000057e+02	2.410000000000000142e+00	5.270329999999999870e+01	5.221710000000000207e+01	4.671057155621261359e+01
1.887100000000000080e+02	2.410000000000000142e+00	4.921220000000000283e+01	4.865370000000000061e+01	4.810370790046855660e+01
1.942599999999999909e+02	2.410000000000000142e+00	4.666089999999999804e+01	4.620889999999999986e+01	4.949433860381756034e+01
1.998199999999999932e+02	2.410000000000000142e+00	4.464679999999999893e+01	4.441360000000000241e+01	5.088747494807352467e+01
2.053700000000000045e+02	2.410000000000000142e+00	4.310260000000000247e+01	4.304760000000000275e+01	5.227810565142251420e+01
2.109300000000000068e+02	2.410000000000000142e+00	4.175979999999999848e+01	4.197740000000000293e+01	5.367124199567845722e+01
2.164799999999999898e+02	2.410000000000000142e+00	4.081989999999999696e+01	4.112769999999999726e+01	5.506187269902743964e+01
2.220399999999999920e+02	2.410000000000000142e+00	4.008140000000000214e+01	4.044290000000000163e+01	5.645500904328341107e+01
2.275900000000000034e+02	2.410000000000000142e+00	3.954429999999999978e+01	3.988929999999999865e+01	5.784563974663239350e+01
2.331500000000000057e+02	2.410000000000000142e+00	3.907430000000000092e+01	3.943910000000000338e+01	5.923877609088834362e+01
2.387100000000000080e+02	2.410000000000000142e+00	3.873859999999999815e+01	3.907430000000000092e+01	6.063191243514429374e+01
2.442599999999999909e+02	2.410000000000000142e+00	3.847010000000000218e+01	3.878110000000000213e+01	6.202254313849326195e+01
2.498199999999999932e+02	2.410000000000000142e+00	3.826870000000000260e+01	3.854760000000000275e+01	6.466722283113534786e+01
2.553700000000000045e+02	2.410000000000000142e+00	3.813439999999999941e+01	3.836610000000000298e+01	6.609099245192146554e+01
2.609300000000000068e+02	2.410000000000000142e+00	3.800010000000000332e+01	3.822910000000000252e+01	6.751732742337563309e+01
2.664800000000000182e+02	2.410000000000000142e+00	3.793299999999999983e+01	3.813179999999999836e+01	6.894109704416172235e+01
2.720400000000000205e+02	2.410000000000000142e+00	3.786580000000000013e+01	3.806929999999999836e+01	7.036743201561593253e+01
2.775899999999999750e+02	2.410000000000000142e+00	3.786580000000000013e+01	3.803820000000000334e+01	7.179120163640203600e+01
2.831499999999999773e+02	2.410000000000000142e+00	3.779869999999999663e+01	3.803529999999999944e+01	7.321753660785620355e+01
1.831500000000000057e+02	3.100000000000000089e+00	7.499309999999999832e+01	7.413429999999999609e+01	4.766074971967361762e+01
1.887100000000000080e+02	3.100000000000000089e+00	6.196840000000000259e+01	6.141389999999999816e+01	4.908706011090455945e+01
1.942599999999999909e+02	3.100000000000000089e+00	5.491890000000000072e+01	5.495389999999999731e+01	5.051080732552644292e+01
1.998199999999999932e+02	3.100000000000000089e+00	5.075630000000000308e+01	5.092960000000000065e+01	5.193714229698063178e+01
2.053700000000000045e+02	3.100000000000000089e+00	4.786939999999999884e+01	4.816129999999999711e+01	5.336091191776671394e+01
2.109300000000000068e+02	3.100000000000000089e+00	4.578810000000000002e+01	4.613170000000000215e+01	5.478724688922089570e+01
2.164799999999999898e+02	3.100000000000000089e+00	4.424389999999999645e+01	4.459109999999999729e+01	5.621101651000701338e+01
2.220399999999999920e+02	3.100000000000000089e+00	4.310260000000000247e+01	4.338669999999999760e+01	5.763735148146117382e+01
2.275900000000000034e+02	3.100000000000000089e+00	4.216270000000000095e+01	4.243189999999999884e+01	5.906112110224727729e+01
2.331500000000000057e+02	3.100000000000000089e+00	4.135699999999999932e+01	4.166320000000000334e+01	4.606477649093054083e+01
2.387100000000000080e+02	3.100000000000000089e+00	4.075280000000000058e+01	4.104099999999999682e+01	4.712090604696123819e+01
2.442599999999999909e+02	3.100000000000000089e+00	4.021569999999999823e+01	4.053670000000000329e+01	4.817513608940199532e+01
2.498199999999999932e+02	3.100000000000000089e+00	3.981280000000000285e+01	4.012680000000000291e+01	4.923126564543269268e+01
2.553700000000000045e+02	3.100000000000000089e+00	3.954429999999999978e+01	3.979659999999999798e+01	5.028549568787340718e+01
2.609300000000000068e+02	3.100000000000000089e+00	3.934290000000000020e+01	3.953260000000000218e+01	5.134162524390411875e+01
2.664800000000000182e+02	3.100000000000000089e+00	3.914150000000000063e+01	3.932609999999999673e+01	5.239585528634483325e+01
2.720400000000000205e+02	3.100000000000000089e+00	3.900719999999999743e+01	3.916850000000000165e+01	5.345198484237553771e+01
2.775899999999999750e+02	3.100000000000000089e+00	3.893999999999999773e+01	3.905429999999999779e+01	5.450621488481627352e+01
2.831499999999999773e+02	3.100000000000000089e+00	3.887290000000000134e+01	3.897809999999999775e+01	5.556234444084695667e+01
1.887100000000000080e+02	3.790000000000000036e+00	1.001698999999999984e+02	9.771469999999999345e+01	3.789926583987116260e+01
1.942599999999999909e+02	3.790000000000000036e+00	7.324760000000000559e+01	7.219110000000000582e+01	3.895349782196844046e+01
1.998199999999999932e+02	3.790000000000000036e+00	6.196840000000000259e+01	6.165740000000000265e+01	4.000962932115059800e+01
2.053700000000000045e+02	3.790000000000000036e+00	5.572449999999999903e+01	5.571959999999999980e+01	4.106386130324787587e+01
2.109300000000000068e+02	3.790000000000000036e+00	5.156199999999999761e+01	5.184250000000000114e+01	4.211999280243001920e+01
2.164799999999999898e+02	3.790000000000000036e+00	4.874219999999999686e+01	4.911030000000000229e+01	4.317422333104056520e+01
2.220399999999999920e+02	3.790000000000000036e+00	4.666089999999999804e+01	4.707900000000000063e+01	5.941421933892766560e+01
2.275900000000000034e+02	3.790000000000000036e+00	4.504959999999999809e+01	4.552360000000000184e+01	6.087871753127036101e+01
2.331500000000000057e+02	3.790000000000000036e+00	4.397540000000000049e+01	4.430049999999999955e+01	6.234585445909477386e+01
2.387100000000000080e+02	3.790000000000000036e+00	4.303549999999999898e+01	4.332529999999999859e+01	6.381299138691915829e+01
2.442599999999999909e+02	3.790000000000000036e+00	4.222979999999999734e+01	4.254070000000000107e+01	6.527748957926182527e+01
2.498199999999999932e+02	3.790000000000000036e+00	4.155839999999999890e+01	4.190310000000000201e+01	6.674462650708622391e+01
2.553700000000000045e+02	3.790000000000000036e+00	4.108850000000000335e+01	4.138559999999999661e+01	6.820912469942894063e+01
2.609300000000000068e+02	3.790000000000000036e+00	4.075280000000000058e+01	4.096479999999999677e+01	6.967626162725331085e+01
2.664800000000000182e+02	3.790000000000000036e+00	4.041709999999999781e+01	4.062579999999999814e+01	7.114075981959602757e+01
2.720400000000000205e+02	3.790000000000000036e+00	4.021569999999999823e+01	4.035470000000000113e+01	7.260789674742041200e+01
2.775899999999999750e+02	3.790000000000000036e+00	4.014849999999999852e+01	4.014280000000000115e+01	7.407239493976310030e+01
2.831499999999999773e+02	3.790000000000000036e+00	4.008140000000000214e+01	3.998129999999999740e+01	7.553953186758747051e+01
1.887100000000000080e+02	4.139999999999999680e+00	1.645552000000000135e+02	1.762400000000000091e+02	5.065058210038660036e+01
1.942599999999999909e+02	4.139999999999999680e+00	9.144199999999999307e+01	8.983509999999999707e+01	5.211574473433987720e+01
1.998199999999999932e+02	4.139999999999999680e+00	7.177049999999999841e+01	7.029269999999999641e+01	5.358354730096699825e+01
2.053700000000000045e+02	4.139999999999999680e+00	6.190120000000000289e+01	6.110349999999999682e+01	5.504864626787318826e+01
2.109300000000000068e+02	4.139999999999999680e+00	5.559029999999999916e+01	5.561899999999999977e+01	7.280611851244950117e+01
2.164799999999999898e+02	4.139999999999999680e+00	5.156199999999999761e+01	5.195329999999999870e+01	7.468789876746552636e+01
2.220399999999999920e+02	4.139999999999999680e+00	4.887650000000000006e+01	4.931969999999999743e+01	7.657306961753565133e+01
2.275900000000000034e+02	4.139999999999999680e+00	4.686229999999999762e+01	4.734949999999999903e+01	7.845484298212979013e+01
2.331500000000000057e+02	4.139999999999999680e+00	4.545239999999999725e+01	4.582529999999999859e+01	8.033999162099028979e+01
2.387100000000000080e+02	4.139999999999999680e+00	4.424389999999999645e+01	4.462360000000000326e+01	8.222514025985087471e+01
2.442599999999999909e+02	4.139999999999999680e+00	4.337109999999999843e+01	4.366380000000000194e+01	8.410689834360553618e+01
2.498199999999999932e+02	4.139999999999999680e+00	4.269980000000000331e+01	4.288689999999999714e+01	8.599204698246609269e+01
2.553700000000000045e+02	4.139999999999999680e+00	4.202839999999999776e+01	4.225699999999999790e+01	8.787360127697819223e+01
2.609300000000000068e+02	4.139999999999999680e+00	4.155839999999999890e+01	4.174349999999999739e+01	8.975840060296123113e+01
2.664800000000000182e+02	4.139999999999999680e+00	4.102129999999999654e+01	4.132719999999999771e+01	9.163981000209896877e+01
2.720400000000000205e+02	4.139999999999999680e+00	4.075280000000000058e+01	4.099090000000000344e+01	9.352460932808200766e+01
2.775899999999999750e+02	4.139999999999999680e+00	4.061849999999999739e+01	4.072319999999999851e+01	9.540601872721971688e+01
2.831499999999999773e+02	4.139999999999999680e+00	4.048420000000000130e+01	4.051359999999999673e+01	9.729081805320276999e+01
1.887100000000000080e+02	4.309999999999999609e+00	3.519374000000000251e+02	4.166030000000000086e+02	6.530915847357347559e+01
1.942599999999999909e+02	4.309999999999999609e+00	1.011098000000000070e+02	1.037669999999999959e+02	6.719093036053828882e+01
1.998199999999999932e+02	4.309999999999999609e+00	7.727580000000000382e+01	7.584499999999999886e+01	4.718696905838869782e+01
2.053700000000000045e+02	4.309999999999999609e+00	6.559380000000000166e+01	6.427589999999999293e+01	4.843652984718746524e+01
2.109300000000000068e+02	4.309999999999999609e+00	5.820859999999999701e+01	5.773930000000000007e+01	4.968752110031609703e+01
2.164799999999999898e+02	4.309999999999999609e+00	5.324040000000000106e+01	5.350169999999999959e+01	5.093626236917653216e+01
2.220399999999999920e+02	4.309999999999999609e+00	5.015209999999999724e+01	5.051469999999999771e+01	5.218725362230514975e+01
2.275900000000000034e+02	4.309999999999999609e+00	4.773510000000000275e+01	4.830859999999999843e+01	5.343599489116557777e+01
2.331500000000000057e+02	4.309999999999999609e+00	4.625809999999999889e+01	4.661690000000000111e+01	5.468698614429423799e+01
2.387100000000000080e+02	4.309999999999999609e+00	4.504959999999999809e+01	4.529140000000000299e+01	5.593797739742287689e+01
2.442599999999999909e+02	4.309999999999999609e+00	4.370680000000000121e+01	4.423709999999999809e+01	5.718671866628328360e+01
2.498199999999999932e+02	4.309999999999999609e+00	4.310260000000000247e+01	4.338609999999999900e+01	5.843770991941195803e+01
2.553700000000000045e+02	4.309999999999999609e+00	4.236410000000000053e+01	4.269689999999999941e+01	5.968645118827235763e+01
2.609300000000000068e+02	4.309999999999999609e+00	4.175979999999999848e+01	4.213479999999999848e+01	6.093744244140102495e+01
2.664800000000000182e+02	4.309999999999999609e+00	4.135699999999999932e+01	4.167840000000000344e+01	6.218618371026146008e+01
2.720400000000000205e+02	4.309999999999999609e+00	4.102129999999999654e+01	4.130830000000000268e+01	6.343717496339007766e+01
2.775899999999999750e+02	4.309999999999999609e+00	4.081989999999999696e+01	4.101209999999999667e+01	6.468591623225053411e+01
2.831499999999999773e+02	4.309999999999999609e+00	4.075280000000000058e+01	4.077779999999999916e+01	6.593690748537915169e+01
