# Temperature (K)	Pressure (MPa)	Experimental(m3/kg)	NIST(m3/kg)	Model(m3/kg)
1.650000000000000000e+02	2.372100000000000097e+00	3.117206982543639995e-02	3.066699999999999895e-03	2.690771594643592834e-03
1.300000000000000000e+02	2.473700000000000010e+00	3.117206982543639995e-02	2.519550000000000175e-03	2.552794991061091423e-03
1.907500000000000000e+02	4.570999999999999730e+00	8.619521858573000669e-03	8.767360000000000084e-03	2.952439943328499794e-03
1.908389999999999986e+02	4.634199999999999875e+00	6.104509992447900053e-03	6.999380000000000358e-03	2.952439943328499794e-03
1.905320000000000107e+02	4.583400000000000141e+00	5.586993193790800415e-03	7.822410000000000127e-03	2.952439943328499794e-03
1.907030000000000030e+02	4.659900000000000375e+00	4.846554592094900332e-03	4.902530000000000429e-03	2.952439943328499794e-03
1.889689999999999941e+02	4.386599999999999611e+00	4.533591702119900424e-03	4.546749999999999577e-03	3.145566675812005997e-03
1.892580000000000098e+02	4.450199999999999712e+00	4.533789517189399688e-03	4.547800000000000280e-03	3.057066118344664574e-03
1.897669999999999959e+02	4.563900000000000290e+00	4.533789517189399688e-03	4.547110000000000041e-03	2.952439943328499794e-03
1.901719999999999970e+02	4.654899999999999594e+00	4.533987349522400345e-03	4.546859999999999791e-03	2.952439943328499794e-03
1.904470000000000027e+02	4.717699999999999783e+00	4.533987349522400345e-03	4.545340000000000144e-03	2.952439943328499794e-03
1.905320000000000107e+02	4.737899999999999778e+00	4.532635839243299991e-03	4.543529999999999618e-03	2.952439943328499794e-03
1.907359999999999900e+02	4.783999999999999808e+00	4.533987349522400345e-03	4.543840000000000379e-03	2.952439943328499794e-03
1.876490000000000009e+02	4.327399999999999913e+00	4.164466093375099667e-03	4.171479999999999980e-03	3.145566675812005997e-03
1.889269999999999925e+02	4.677100000000000257e+00	4.164633006958799906e-03	4.170820000000000430e-03	2.952439943328499794e-03
1.905320000000000107e+02	5.121599999999999930e+00	4.163715147788900166e-03	4.170369999999999633e-03	2.952439943328499794e-03
1.833509999999999991e+02	3.825200000000000156e+00	3.773081790120199914e-03	3.784619999999999825e-03	3.029635176062583923e-03
1.852669999999999959e+02	4.488400000000000389e+00	3.773515700806299999e-03	3.785279999999999808e-03	2.967045642435550690e-03
1.892589999999999861e+02	5.897000000000000242e+00	3.774680902065299937e-03	3.785140000000000206e-03	2.952439943328499794e-03
1.905320000000000107e+02	6.351300000000000168e+00	3.773332989406599954e-03	3.785059999999999814e-03	2.944473875686526299e-03
1.791399999999999864e+02	3.304399999999999782e+00	3.549541086931899854e-03	3.555930000000000115e-03	2.799154259264469147e-03
1.798300000000000125e+02	3.584900000000000198e+00	3.549662346178499798e-03	3.556199999999999813e-03	2.903461689129471779e-03
1.810080000000000098e+02	4.065100000000000158e+00	3.549904889528199790e-03	3.556709999999999820e-03	3.313204040750861168e-03
1.644410000000000025e+02	5.477299999999999613e+00	3.550551833867099816e-03	2.951300000000000017e-03	2.743884921073913574e-03
1.905320000000000107e+02	8.009000000000000341e+00	3.550450733271000043e-03	3.560080000000000189e-03	2.931372262537479401e-03
1.828340000000000032e+02	6.551800000000000068e+00	3.431384552137299853e-03	3.384809999999999815e-03	2.912857569754123688e-03
1.626310000000000002e+02	6.549100000000000144e+00	3.371994918592400182e-03	2.892060000000000117e-03	2.735918853431940079e-03
1.756289999999999907e+02	3.137599999999999945e+00	3.370755187767499918e-03	3.383849999999999879e-03	2.785004675388336182e-03
1.780809999999999889e+02	4.293499999999999872e+00	3.371210865180599824e-03	3.384160000000000206e-03	3.024761797860264778e-03
1.882920000000000016e+02	9.164799999999999613e+00	3.372907067316899959e-03	3.385580000000000013e-03	2.890424337238073349e-03
1.905320000000000107e+02	1.021010000000000062e+01	3.372304993799599918e-03	3.387810000000000214e-03	2.890424337238073349e-03
1.725660000000000025e+02	5.500899999999999679e+00	3.117799364422800187e-03	3.131090000000000002e-03	2.828083932399749756e-03
1.784799999999999898e+02	9.008200000000000429e+00	3.118781967437100205e-03	3.132279999999999873e-03	2.786316908895969391e-03
1.868499999999999943e+02	1.397610000000000063e+01	3.120139914062799915e-03	3.133780000000000072e-03	2.864362206310033798e-03
1.905320000000000107e+02	1.615439999999999898e+01	3.119733967056899804e-03	3.134520000000000015e-03	2.849646611139178276e-03
1.727659999999999911e+02	1.138310000000000066e+01	2.938931403601100119e-03	2.952359999999999794e-03	2.759825903922319412e-03
1.768890000000000100e+02	1.428049999999999997e+01	2.939541117407499897e-03	2.953250000000000146e-03	2.743557328358292580e-03
1.816690000000000111e+02	1.763360000000000127e+01	2.940317482779600169e-03	2.954109999999999809e-03	2.795241540297865868e-03
1.897829999999999870e+02	2.325230000000000175e+01	2.941607710278499807e-03	2.956229999999999795e-03	2.824837109073996544e-03
1.905320000000000107e+02	2.377720000000000056e+01	2.940761304286399966e-03	2.956260000000000051e-03	2.824837109073996544e-03
1.687529999999999859e+02	1.694219999999999970e+01	2.781866843851499987e-03	2.794410000000000210e-03	2.692876150831580162e-03
1.801160000000000139e+02	2.626650000000000063e+01	2.783568466186500147e-03	2.796680000000000173e-03	2.772144973278045654e-03
1.885279999999999916e+02	3.304500000000000171e+01	2.787301926520600100e-03	2.798580000000000165e-03	2.819831250235438347e-03
1.905320000000000107e+02	3.464399999999999835e+01	2.784239750751199907e-03	2.799059999999999916e-03	2.819831250235438347e-03
1.145240000000000009e+02	8.944999999999999618e-01	2.385228163674999857e-03	2.387119999999999954e-03	2.513247309252619743e-03
1.145240000000000009e+02	4.751699999999999591e+00	2.365023183991100085e-03	2.366449999999999977e-03	2.591574098914861679e-03
1.145240000000000009e+02	7.542099999999999582e+00	2.351686117556599839e-03	2.352589999999999890e-03	2.570506418123841286e-03
1.145240000000000009e+02	1.038240000000000052e+01	2.338656530318000172e-03	2.339280000000000005e-03	2.529558492824435234e-03
1.145240000000000009e+02	1.332559999999999967e+01	2.325874650279100009e-03	2.326239999999999818e-03	2.503496361896395683e-03
1.145240000000000009e+02	1.634359999999999857e+01	2.313025753644999943e-03	2.313589999999999917e-03	2.488780766725540161e-03
1.145240000000000009e+02	1.966560000000000130e+01	2.300250142081800096e-03	2.300389999999999813e-03	2.476776717230677605e-03
1.145240000000000009e+02	2.324500000000000099e+01	2.286658364633300123e-03	2.286949999999999834e-03	2.530203433707356453e-03
1.145240000000000009e+02	2.715540000000000020e+01	2.272753905270700168e-03	2.273069999999999865e-03	2.520538168027997017e-03
1.145240000000000009e+02	3.129870000000000019e+01	2.308264238751799990e-03	2.259189999999999896e-03	2.516513457521796227e-03
1.194200000000000017e+02	8.327999999999999847e-01	2.427617854729200147e-03	2.430129999999999964e-03	2.608389360830187798e-03
1.194200000000000017e+02	3.027400000000000091e+00	2.413212551079799931e-03	2.416440000000000168e-03	2.755824010819196701e-03
1.194200000000000017e+02	6.214599999999999902e+00	2.395014354183200127e-03	2.397910000000000059e-03	2.696821698918938637e-03
1.194200000000000017e+02	1.040070000000000050e+01	2.373378342966199917e-03	2.375609999999999788e-03	2.599242143332958221e-03
1.194200000000000017e+02	1.490930000000000000e+01	2.352307237972200201e-03	2.353739999999999999e-03	2.551336307078599930e-03
1.194200000000000017e+02	1.983719999999999928e+01	2.330796308167799868e-03	2.331919999999999913e-03	2.530203433707356453e-03
1.194200000000000017e+02	2.537480000000000047e+01	2.308606139242999882e-03	2.309550000000000058e-03	2.522382186725735664e-03
1.194200000000000017e+02	3.169099999999999895e+01	2.287472193716699829e-03	2.286289999999999850e-03	2.516513457521796227e-03
1.249170000000000016e+02	9.796000000000000263e-01	2.473875626001799822e-03	2.480650000000000042e-03	2.745024394243955612e-03
1.249170000000000016e+02	4.496000000000000441e+00	2.450432144000399930e-03	2.455619999999999938e-03	3.029886167496442795e-03
1.249170000000000016e+02	8.418599999999999639e+00	2.426682378367300049e-03	2.430540000000000131e-03	2.645549830049276352e-03
1.249170000000000016e+02	1.251900000000000013e+01	2.403555346760199909e-03	2.406870000000000190e-03	2.586477901786565781e-03
1.249170000000000016e+02	1.686289999999999978e+01	2.382047555673799926e-03	2.384100000000000108e-03	2.551218029111623764e-03
1.249170000000000016e+02	2.179850000000000065e+01	2.359161280040799821e-03	2.360559999999999829e-03	2.531912177801132202e-03
1.249170000000000016e+02	2.736380000000000123e+01	2.335283880751500007e-03	2.336470000000000213e-03	2.522246912121772766e-03
1.309869999999999948e+02	1.502499999999999947e+00	2.535097820906899793e-03	2.538219999999999886e-03	6.829172838479280472e-03
1.309869999999999948e+02	4.624600000000000044e+00	2.530601014400499834e-03	2.511890000000000130e-03	4.862973932176828384e-03
1.309869999999999948e+02	7.934400000000000119e+00	2.480795984627200135e-03	2.486830000000000204e-03	4.392098169773817062e-03
1.309869999999999948e+02	1.151999999999999957e+01	2.459102083071899956e-03	2.462329999999999987e-03	4.336682148277759552e-03
1.309869999999999948e+02	1.577360000000000007e+01	2.436974336106199901e-03	2.436129999999999893e-03	4.295234102755784988e-03
1.309869999999999948e+02	2.007140000000000057e+01	2.414090929013699982e-03	2.412200000000000195e-03	4.274101927876472473e-03
1.309869999999999948e+02	2.493059999999999832e+01	2.389772256520099943e-03	2.387629999999999961e-03	4.269690252840518951e-03
1.309869999999999948e+02	3.028740000000000165e+01	2.364592620369300197e-03	2.363060000000000160e-03	4.260411486029624939e-03
1.343280000000000030e+02	6.891000000000000458e-01	2.576747151295199784e-03	2.583139999999999829e-03	2.747457474470138550e-03
1.343280000000000030e+02	2.712299999999999933e+00	2.557110322955100188e-03	2.563100000000000014e-03	2.894891891628503799e-03
1.343280000000000030e+02	5.783100000000000129e+00	2.529861652086799924e-03	2.535599999999999833e-03	2.868961542844772339e-03
1.343280000000000030e+02	9.129599999999999937e+00	2.503489137846300148e-03	2.508810000000000207e-03	2.756300847977399826e-03
1.343280000000000030e+02	1.278260000000000041e+01	2.478557159305400191e-03	2.482569999999999916e-03	2.721135038882493973e-03
1.343280000000000030e+02	1.662549999999999883e+01	2.453923681147700091e-03	2.457669999999999907e-03	2.688577165827155113e-03
1.343280000000000030e+02	2.094660000000000011e+01	2.429301637774900196e-03	2.432329999999999909e-03	2.669271314516663551e-03
1.343280000000000030e+02	2.576780000000000115e+01	2.404111461415699928e-03	2.406750000000000035e-03	2.661450067535042763e-03
1.343280000000000030e+02	3.102899999999999991e+01	2.377995264574299904e-03	2.381470000000000115e-03	2.655581338331103325e-03
1.390610000000000070e+02	1.252399999999999958e+00	2.626741760940699919e-03	2.633889999999999842e-03	4.125743638724088669e-03
1.390610000000000070e+02	3.825400000000000134e+00	2.598127157705599870e-03	2.604920000000000152e-03	2.867048839107155800e-03
1.390610000000000070e+02	7.489999999999999991e-01	2.569641974250499832e-03	2.639990000000000045e-03	2.770306775346398354e-03
1.390610000000000070e+02	9.876099999999999213e+00	2.542209938625300016e-03	2.547950000000000215e-03	2.766510471701622009e-03
1.390610000000000070e+02	1.323000000000000043e+01	2.515895401990799786e-03	2.521219999999999798e-03	2.741230651736259460e-03
1.390610000000000070e+02	1.690009999999999835e+01	2.490458257468900014e-03	2.494890000000000042e-03	2.711426699534058571e-03
1.390610000000000070e+02	2.096620000000000061e+01	2.464838244398599894e-03	2.468559999999999852e-03	2.692120848223567009e-03
1.393609999999999900e+02	2.549690000000000012e+01	2.439405865723099937e-03	2.444270000000000123e-03	2.684299601241946220e-03
1.390610000000000070e+02	3.060000000000000142e+01	2.412092145972199835e-03	2.415140000000000082e-03	2.678430872038006783e-03
1.455560000000000116e+02	1.299600000000000088e+00	2.712407314872100194e-03	2.720690000000000001e-03	4.072873387485742569e-03
1.455560000000000116e+02	3.527600000000000069e+00	2.680050538892200188e-03	2.688380000000000197e-03	2.798669738695025444e-03
1.455560000000000116e+02	6.036800000000000388e+00	2.648940521801999848e-03	2.656459999999999811e-03	2.838940359652042389e-03
1.455560000000000116e+02	8.736100000000000421e+00	2.617895729966999898e-03	2.626129999999999957e-03	2.752887783572077751e-03
1.455560000000000116e+02	1.171860000000000035e+01	2.588655336032500039e-03	2.596359999999999814e-03	2.699630800634622574e-03
1.455560000000000116e+02	1.491310000000000002e+01	2.560102974305100004e-03	2.567879999999999815e-03	2.660383004695177078e-03
1.455560000000000116e+02	1.840180000000000149e+01	2.532235304785199984e-03	2.539950000000000020e-03	2.656776923686265945e-03
1.455560000000000116e+02	2.225829999999999842e+01	2.504172928726599787e-03	2.512180000000000142e-03	2.629622817039489746e-03
1.455560000000000116e+02	2.658909999999999840e+01	2.475997825638100169e-03	2.484099999999999937e-03	2.618401311337947845e-03
1.455560000000000116e+02	3.145810000000000173e+01	2.447690264495999950e-03	2.455689999999999956e-03	2.604281995445489883e-03
1.507500000000000000e+02	3.102100000000000080e+00	2.756675214601900150e-03	2.768290000000000074e-03	2.824292751029133797e-03
1.507500000000000000e+02	5.188500000000000334e+00	2.747260838086800112e-03	2.734700000000000065e-03	2.821831032633781433e-03
1.507500000000000000e+02	7.511499999999999844e+00	2.691144918971899794e-03	2.701900000000000135e-03	2.726749284192919731e-03
1.507500000000000000e+02	1.003919999999999924e+01	2.660039324106099924e-03	2.670399999999999857e-03	2.694088499993085861e-03
1.507500000000000000e+02	1.280710000000000015e+01	2.630609913747999906e-03	2.639760000000000110e-03	2.672035247087478638e-03
1.507500000000000000e+02	1.574540000000000006e+01	2.601683414049600195e-03	2.610690000000000146e-03	2.655738266184926033e-03
1.507500000000000000e+02	1.900000000000000000e+01	2.573566743621099814e-03	2.581809999999999921e-03	2.640800084918737411e-03
1.507500000000000000e+02	2.261370000000000147e+01	2.544949612644399964e-03	2.552979999999999833e-03	2.629622817039489746e-03
1.507500000000000000e+02	2.664049999999999940e+01	2.516585987772000047e-03	2.524090000000000101e-03	2.618401311337947845e-03
1.507500000000000000e+02	3.098620000000000019e+01	2.488033157639700076e-03	2.495990000000000014e-03	2.604281995445489883e-03
1.582379999999999995e+02	2.289499999999999869e+00	2.895444860665200189e-03	2.915360000000000087e-03	5.674771033227443695e-03
1.582379999999999995e+02	3.962699999999999889e+00	2.855356513475299906e-03	2.874020000000000134e-03	2.920815721154212952e-03
1.582379999999999995e+02	5.895100000000000229e+00	2.816274021930199965e-03	2.833340000000000164e-03	2.821831032633781433e-03
1.582379999999999995e+02	8.025100000000000122e+00	2.778618433347999905e-03	2.794769999999999806e-03	2.726749284192919731e-03
1.582379999999999995e+02	1.038979999999999926e+01	2.742897478183300031e-03	2.757599999999999808e-03	2.694088499993085861e-03
1.582379999999999995e+02	1.293580000000000041e+01	2.708600981482099830e-03	2.722570000000000112e-03	2.672035247087478638e-03
1.582379999999999995e+02	1.576249999999999929e+01	2.675622281246600124e-03	2.688269999999999983e-03	2.655738266184926033e-03
1.582379999999999995e+02	1.890800000000000125e+01	2.643515449201200036e-03	2.654510000000000116e-03	2.640800084918737411e-03
1.582379999999999995e+02	2.236240000000000094e+01	2.611601024248999797e-03	2.621599999999999972e-03	2.629622817039489746e-03
1.582379999999999995e+02	2.617229999999999990e+01	2.579487101388200018e-03	2.589259999999999912e-03	2.618401311337947845e-03
1.582379999999999995e+02	3.045909999999999940e+01	2.547695197985800058e-03	2.556810000000000072e-03	2.612295560538768768e-03
1.583160000000000025e+02	3.055600000000000094e+00	3.046572205948699930e-03	2.897069999999999854e-03	2.824292751029133797e-03
1.588160000000000025e+02	4.220100000000000406e+00	3.002496599942800198e-03	2.878400000000000142e-03	3.121660556644201279e-03
1.588160000000000025e+02	5.626900000000000013e+00	2.959973205848899849e-03	2.847989999999999897e-03	2.821831032633781433e-03
1.588160000000000025e+02	7.146099999999999675e+00	2.919143121733900215e-03	2.818689999999999998e-03	2.736461814492940903e-03
1.658160000000000025e+02	8.763899999999999579e+00	2.879557132406100010e-03	2.896580000000000162e-03	4.630789160728454590e-03
1.658160000000000025e+02	1.062759999999999927e+01	2.842144260967200114e-03	2.858999999999999996e-03	4.598128609359264374e-03
1.658160000000000025e+02	1.254840000000000089e+01	2.805855254255200121e-03	2.824870000000000159e-03	4.576075356453657150e-03
1.658160000000000025e+02	1.467079999999999984e+01	2.770702880329599903e-03	2.791350000000000168e-03	4.564963281154632568e-03
1.658160000000000025e+02	1.696349999999999980e+01	2.736912930807799960e-03	2.759039999999999930e-03	4.546366166323423386e-03
1.658160000000000025e+02	1.949030000000000129e+01	2.703620618437999924e-03	2.727149999999999800e-03	4.538869485259056091e-03
1.658160000000000025e+02	2.524309999999999832e+01	2.638347001729600058e-03	2.665369999999999805e-03	4.527926445007324219e-03
1.658160000000000025e+02	2.888589999999999947e+01	2.606981582185999898e-03	2.632049999999999928e-03	4.518871195614337921e-03
1.710200000000000102e+02	3.051200000000000134e+00	3.203608298350099984e-03	3.210269999999999877e-03	2.992573659867048264e-03
1.710200000000000102e+02	3.962000000000000188e+00	3.155419107940799980e-03	3.160300000000000002e-03	3.089096629992127419e-03
1.710200000000000102e+02	4.988100000000000200e+00	3.106675353096599850e-03	3.113279999999999954e-03	2.985257189720869064e-03
1.710200000000000102e+02	6.185599999999999987e+00	3.059970239219000042e-03	3.066950000000000145e-03	2.977409167215228081e-03
1.710200000000000102e+02	7.531600000000000072e+00	3.015027693994100019e-03	3.022599999999999853e-03	2.895030193030834198e-03
1.710200000000000102e+02	9.017300000000000537e+00	2.971570321106199990e-03	2.980500000000000076e-03	2.888095332309603691e-03
1.710200000000000102e+02	1.062930000000000064e+01	2.930490763544400020e-03	2.940809999999999865e-03	2.862369408831000328e-03
1.710200000000000102e+02	1.240799999999999947e+01	2.891268783460099970e-03	2.902459999999999936e-03	2.840316155925393105e-03
1.710200000000000102e+02	1.428589999999999982e+01	2.853748885439800174e-03	2.866720000000000119e-03	2.829203382134437561e-03
1.710200000000000102e+02	1.636619999999999919e+01	2.817521326635900100e-03	2.831569999999999834e-03	2.817949978634715080e-03
1.713199999999999932e+02	1.863009999999999877e+01	2.781730307463500026e-03	2.801070000000000122e-03	2.809080993756651878e-03
1.710200000000000102e+02	2.108320000000000149e+01	2.747636178371700138e-03	2.764449999999999893e-03	2.799515612423419952e-03
1.710200000000000102e+02	2.381680000000000064e+01	2.713339904463700058e-03	2.731439999999999910e-03	2.797903725877404213e-03
1.710200000000000102e+02	2.680020000000000024e+01	2.679486128578900152e-03	2.699089999999999909e-03	2.786682220175862312e-03
1.710200000000000102e+02	3.008079999999999998e+01	2.634945992302400054e-03	2.667099999999999940e-03	2.783112227916717529e-03
1.728120000000000118e+02	2.691800000000000193e+00	3.298003536409600204e-03	3.301029999999999937e-03	3.470315830782055855e-03
1.728120000000000118e+02	3.417600000000000193e+00	3.244201240086800209e-03	3.248340000000000168e-03	2.899826504290103912e-03
1.728120000000000118e+02	4.311099999999999710e+00	3.190084462079799919e-03	3.195229999999999859e-03	3.315127454698085785e-03
1.723120000000000118e+02	5.364099999999999646e+00	3.138217347686299893e-03	3.130449999999999899e-03	2.897850004956126213e-03
1.728120000000000118e+02	6.553200000000000358e+00	3.088285191723100145e-03	3.094700000000000142e-03	2.877782331779599190e-03
1.728120000000000118e+02	7.894300000000000317e+00	3.026135436579700019e-03	3.048079999999999887e-03	2.852291800081729889e-03
1.728120000000000118e+02	9.395599999999999952e+00	3.024579243220000026e-03	3.003440000000000016e-03	2.817418659105896950e-03
1.728120000000000118e+02	1.103110000000000035e+01	2.952417783933299934e-03	2.961440000000000079e-03	2.798698842525482178e-03
1.728120000000000118e+02	1.239559999999999995e+01	2.911345726241099888e-03	2.930419999999999987e-03	2.791805192828178406e-03
1.728120000000000118e+02	1.487289999999999957e+01	2.871387498773600097e-03	2.881190000000000053e-03	2.778940135613083839e-03
1.723120000000000118e+02	1.694579999999999842e+01	2.832974637193899897e-03	2.838919999999999985e-03	2.764111850410699844e-03
1.728120000000000118e+02	1.933980000000000032e+01	2.795513290624899918e-03	2.808670000000000090e-03	2.771453466266393661e-03
1.728120000000000118e+02	2.190909999999999869e+01	2.758602456244099981e-03	2.773639999999999960e-03	2.771453466266393661e-03
1.728120000000000118e+02	2.474940000000000140e+01	2.722499067707400203e-03	2.739080000000000074e-03	2.771453466266393661e-03
1.723120000000000118e+02	2.791570000000000107e+01	2.686842056192900209e-03	2.699930000000000125e-03	2.756625181064009666e-03
1.728120000000000118e+02	3.134309999999999974e+01	2.651746006093900088e-03	2.671279999999999835e-03	2.771453466266393661e-03
1.795260000000000105e+02	3.828800000000000203e+00	3.492394974672699982e-03	3.503650000000000080e-03	2.961096120998263359e-03
1.795260000000000105e+02	4.391399999999999970e+00	3.428497404373699858e-03	3.438969999999999961e-03	3.333083819597959518e-03
1.795260000000000105e+02	5.037499999999999645e+00	3.366895989094900125e-03	3.379340000000000208e-03	2.948222449049353600e-03
1.795260000000000105e+02	5.836700000000000443e+00	3.308732991772300128e-03	3.319279999999999974e-03	2.914649434387683868e-03
1.795260000000000105e+02	6.735199999999999854e+00	3.252613273102899789e-03	3.263659999999999825e-03	2.883888315409421921e-03
1.795260000000000105e+02	7.761300000000000310e+00	3.199563753560199803e-03	3.210540000000000008e-03	2.858397783711552620e-03
1.795260000000000105e+02	8.912300000000000111e+00	3.148439502407499990e-03	3.160169999999999906e-03	2.849618205800652504e-03
1.795260000000000105e+02	1.022269999999999968e+01	3.100001971601199901e-03	3.111270000000000181e-03	2.811885671690106392e-03
1.795260000000000105e+02	1.165569999999999951e+01	3.053361199854599979e-03	3.065280000000000088e-03	2.801903989166021347e-03
1.795260000000000105e+02	1.322230000000000061e+01	3.008480497368700053e-03	3.021649999999999857e-03	2.797911176458001137e-03
1.795260000000000105e+02	1.496049999999999969e+01	2.965591135729400002e-03	2.979359999999999908e-03	2.785046119242906570e-03
1.795260000000000105e+02	1.665439999999999898e+01	2.924195461131600011e-03	2.942929999999999852e-03	2.785046119242906570e-03
1.795260000000000105e+02	1.894450000000000145e+01	2.883912852352499973e-03	2.899479999999999853e-03	2.782793482765555382e-03
1.795260000000000105e+02	2.124790000000000134e+01	2.844634139314500005e-03	2.861020000000000143e-03	2.777559449896216393e-03
1.795260000000000105e+02	2.375590000000000046e+01	2.806234145689100005e-03	2.823809999999999949e-03	2.777559449896216393e-03
1.795260000000000105e+02	2.650590000000000046e+01	2.768697219978800018e-03	2.787439999999999970e-03	2.777559449896216393e-03
1.795260000000000105e+02	2.951849999999999952e+01	2.792858375145999827e-03	2.751840000000000189e-03	2.777559449896216393e-03
1.832210000000000036e+02	5.325800000000000090e+00	3.819451298237600163e-03	3.514359999999999793e-03	2.999762305989861488e-03
1.882210000000000036e+02	5.703400000000000247e+00	3.741651141558300156e-03	3.749810000000000122e-03	2.999410266056656837e-03
1.882210000000000036e+02	6.138600000000000279e+00	3.666957207019999870e-03	3.675470000000000126e-03	2.989963395521044731e-03
1.882210000000000036e+02	6.663199999999999790e+00	3.595643276978300034e-03	3.603449999999999796e-03	2.968649147078394890e-03
1.882210000000000036e+02	7.274899999999999700e+00	3.651664615697000106e-03	3.535190000000000120e-03	2.968649147078394890e-03
1.882210000000000036e+02	7.965099999999999625e+00	3.462909208864500040e-03	3.471699999999999873e-03	2.943158615380525589e-03
1.882210000000000036e+02	8.767899999999999139e+00	3.401059400073699977e-03	3.410139999999999873e-03	2.934379037469625473e-03
1.832210000000000036e+02	8.843899999999999650e+00	3.395576330083899860e-03	3.256320000000000048e-03	2.930596238002181053e-03
1.882210000000000036e+02	9.742499999999999716e+00	3.336784057443700161e-03	3.347720000000000209e-03	2.903199521824717522e-03
1.882210000000000036e+02	1.079550000000000054e+01	3.281115086699700183e-03	3.290949999999999952e-03	2.889565657824277878e-03
1.882210000000000036e+02	1.195120000000000005e+01	3.227740972134299918e-03	3.237789999999999939e-03	2.884717658162117004e-03
1.332210000000000036e+02	1.313429999999999964e+01	3.176124084307500005e-03	2.470749999999999856e-03	2.590177580714225769e-03
1.332210000000000036e+02	1.450609999999999999e+01	3.126743550372200042e-03	2.461889999999999998e-03	2.577312523499131203e-03
1.882210000000000036e+02	1.614610000000000056e+01	3.078555715534999921e-03	3.093600000000000169e-03	2.869806950911879539e-03
1.882210000000000036e+02	1.785129999999999839e+01	3.034856160625000118e-03	3.048719999999999989e-03	2.869806950911879539e-03
1.882210000000000036e+02	1.972060000000000102e+01	2.990585588717300201e-03	3.005439999999999848e-03	2.862320281565189362e-03
1.882210000000000036e+02	2.177890000000000015e+01	2.947755270801600148e-03	2.963359999999999952e-03	2.862320281565189362e-03
1.882210000000000036e+02	2.432590000000000074e+01	2.905795808496400116e-03	2.917560000000000032e-03	2.916300203651189804e-03
1.382210000000000036e+02	2.649840000000000018e+01	2.865330136862700126e-03	2.430530000000000190e-03	2.606929512694478035e-03
1.882210000000000036e+02	2.917439999999999856e+01	2.826808903850999786e-03	2.844429999999999788e-03	2.916300203651189804e-03
1.112300000000000040e+02	2.869999999999999929e+01	2.233788361383600134e-03	2.248659999999999982e-03	2.526769880205392838e-03
1.112300000000000040e+02	4.020000000000000284e+01	2.202615110295499945e-03	2.214480000000000007e-03	2.526769880205392838e-03
1.112300000000000040e+02	5.189999999999999858e+01	2.170197778109800128e-03	2.184000000000000177e-03	2.526769880205392838e-03
1.112300000000000040e+02	7.259999999999999432e+01	2.123437999007899996e-03	2.137829999999999852e-03	2.526769880205392838e-03
1.211899999999999977e+02	2.180000000000000071e+01	2.332915713425599922e-03	2.335429999999999885e-03	2.526769880205392838e-03
1.211899999999999977e+02	3.350000000000000000e+01	2.286784176638900160e-03	2.290309999999999829e-03	2.526769880205392838e-03
1.211899999999999977e+02	7.459999999999999432e+01	2.173943686632299858e-03	2.175850000000000006e-03	2.526769880205392838e-03
1.211899999999999977e+02	9.420000000000000284e+01	2.134042796145400097e-03	2.135230000000000114e-03	2.526769880205392838e-03
1.211899999999999977e+02	1.144000000000000057e+02	2.099129281174099988e-03	2.099100000000000011e-03	2.526769880205392838e-03
1.317899999999999920e+02	4.650000000000000000e+01	2.296132840212100189e-03	2.304850000000000215e-03	2.850921824574470520e-03
1.317899999999999920e+02	6.070000000000000284e+01	2.250625962097500214e-03	2.259719999999999784e-03	2.850921824574470520e-03
1.317899999999999920e+02	7.459999999999999432e+01	2.212589688429300160e-03	2.221970000000000195e-03	2.850921824574470520e-03
1.317899999999999920e+02	8.920000000000000284e+01	2.179552569417399915e-03	2.187380000000000053e-03	2.850921824574470520e-03
1.317899999999999920e+02	1.047999999999999972e+02	2.147132513117200152e-03	2.154800000000000118e-03	2.850921824574470520e-03
1.438199999999999932e+02	4.829999999999999716e+01	2.360349207433899785e-03	2.365550000000000118e-03	2.606929512694478035e-03
1.438199999999999932e+02	7.050000000000000000e+01	2.284287303183699797e-03	2.288329999999999878e-03	2.606929512694478035e-03
1.433199999999999932e+02	9.679999999999999716e+01	2.215711516416700184e-03	2.216360000000000118e-03	2.606929512694478035e-03
1.569600000000000080e+02	4.950000000000000000e+01	2.442023981906200208e-03	2.437649999999999973e-03	2.612132113426923752e-03
1.569600000000000080e+02	6.170000000000000284e+01	2.383413539171199899e-03	2.384779999999999973e-03	2.612132113426923752e-03
1.569600000000000080e+02	7.690000000000000568e+01	2.331049038922000140e-03	2.330179999999999838e-03	2.612132113426923752e-03
1.569600000000000080e+02	9.509999999999999432e+01	2.277711028696800116e-03	2.276100000000000085e-03	2.612132113426923752e-03
1.676100000000000136e+02	4.150039999999999907e+01	2.548653385341599891e-03	2.551859999999999979e-03	2.967050299048423767e-03
1.676100000000000136e+02	5.500000000000000000e+01	2.467579630990800101e-03	2.474870000000000108e-03	2.967050299048423767e-03
1.676100000000000136e+02	7.509999999999999432e+01	2.385282918883999993e-03	2.387830000000000074e-03	2.967050299048423767e-03
1.676100000000000136e+02	9.359999999999999432e+01	2.322945468093199923e-03	2.325390000000000096e-03	2.967050299048423767e-03
1.792899999999999920e+02	4.879999999999999716e+01	2.580426634114999906e-03	2.585520000000000006e-03	2.834080951288342476e-03
1.792899999999999920e+02	7.559999999999999432e+01	2.440150597115099858e-03	2.444490000000000118e-03	2.834080951288342476e-03
1.792899999999999920e+02	1.002999999999999972e+02	2.351624023555099786e-03	2.354339999999999905e-03	2.834080951288342476e-03
1.380000000000000000e+02	4.027599999999999625e+00	1.264484416089419958e-02	2.590789999999999933e-03	2.755961613729596138e-03
1.900000000000000000e+02	5.186600000000000321e+00	4.053690580435900283e-03	4.060959999999999744e-03	3.337204921990633011e-03
1.860000000000000000e+02	4.561700000000000088e+00	3.831069276106999991e-03	3.833539999999999864e-03	3.360528964549303055e-03
1.900000000000000000e+02	5.907799999999999940e+00	3.835547495178000081e-03	3.838260000000000022e-03	3.335612360388040543e-03
1.820000000000000000e+02	4.132200000000000095e+00	3.606667880622900155e-03	3.608710000000000216e-03	3.007571911439299583e-03
1.860000000000000000e+02	5.694799999999999862e+00	3.611305848772700111e-03	3.613110000000000106e-03	3.051238134503364563e-03
1.900000000000000000e+02	7.267500000000000071e+00	3.615913816053699988e-03	3.617469999999999800e-03	3.277333220466971397e-03
1.760000000000000000e+02	3.217200000000000060e+00	3.391217343933400179e-03	3.393279999999999821e-03	2.925476059317588806e-03
1.800000000000000000e+02	5.043700000000000294e+00	3.396205243279000040e-03	3.397999999999999979e-03	2.989004598930478096e-03
1.840000000000000000e+02	6.869100000000000428e+00	3.400836769085300183e-03	3.403049999999999912e-03	3.011228516697883606e-03
1.880000000000000000e+02	8.690599999999999881e+00	3.405480944495099978e-03	3.408229999999999940e-03	2.990084467455744743e-03
1.700000000000000000e+02	2.636699999999999822e+00	3.196151935346700206e-03	3.201250000000000102e-03	2.901843516156077385e-03
1.740000000000000000e+02	4.774300000000000210e+00	3.201239519942100046e-03	3.206049999999999785e-03	3.110647900030016899e-03
1.780000000000000000e+02	6.900699999999999612e+00	3.206013558103000191e-03	3.211100000000000152e-03	2.897622995078563690e-03
1.820000000000000000e+02	9.011699999999999378e+00	3.210801856665400182e-03	3.216370000000000080e-03	2.925666281953454018e-03
1.860000000000000000e+02	1.111280000000000001e+01	3.215471800775299930e-03	3.221490000000000031e-03	2.941585378721356392e-03
1.900000000000000000e+02	1.320609999999999928e+01	3.220421491341099972e-03	3.226319999999999969e-03	3.213937161490321159e-03
1.640000000000000000e+02	2.028799999999999937e+00	3.052344658549400146e-03	3.054659999999999841e-03	6.158555392175912857e-03
1.680000000000000000e+02	4.468899999999999650e+00	3.057734055170499999e-03	3.059319999999999921e-03	3.156184218823909760e-03
1.720000000000000000e+02	6.382299999999999862e+00	3.062540632257799815e-03	3.082230000000000039e-03	2.945948857814073563e-03
1.760000000000000000e+02	9.269999999999999574e+00	3.067513267608300113e-03	3.069679999999999978e-03	2.868352457880973816e-03
1.800000000000000000e+02	1.163899999999999935e+01	3.072350662865699997e-03	3.074869999999999947e-03	2.888622228056192398e-03
1.840000000000000000e+02	1.399660000000000082e+01	3.077203339134799813e-03	3.079740000000000082e-03	2.962461905553936958e-03
1.880000000000000000e+02	1.634159999999999968e+01	3.081614336951800110e-03	3.084340000000000085e-03	2.942328574135899544e-03
1.580000000000000000e+02	1.983600000000000030e+00	2.917230810484899937e-03	2.918870000000000058e-03	5.751644261181354523e-03
1.620000000000000000e+02	4.753700000000000259e+00	2.922564206397500110e-03	2.923740000000000193e-03	2.861430402845144272e-03
1.660000000000000000e+02	7.474700000000000344e+00	2.927779639845599826e-03	2.929119999999999901e-03	3.136962885037064552e-03
1.700000000000000000e+02	1.015949999999999953e+01	2.932737776407499854e-03	2.934620000000000197e-03	2.829421544447541237e-03
1.740000000000000000e+02	1.282869999999999955e+01	2.937574313286099841e-03	2.939740000000000148e-03	2.829897683113813400e-03
1.780000000000000000e+02	1.548070000000000057e+01	2.942287963135200093e-03	2.944560000000000146e-03	2.811648882925510406e-03
1.820000000000000000e+02	1.812160000000000082e+01	2.946598905892400082e-03	2.948999999999999799e-03	2.903734100982546806e-03
1.860000000000000000e+02	2.075560000000000116e+01	2.950643175297999830e-03	2.953009999999999836e-03	2.930793911218643188e-03
1.900000000000000000e+02	2.338179999999999836e+01	2.954278522052399859e-03	2.956649999999999903e-03	3.122383030131459236e-03
1.520000000000000000e+02	1.459300000000000042e+00	2.817814221508300066e-03	2.819470000000000136e-03	5.328186322003602982e-03
1.560000000000000000e+02	4.588400000000000034e+00	2.823557049405399887e-03	2.823060000000000066e-03	3.205138724297285080e-03
1.600000000000000000e+02	7.492300000000000182e+00	2.828681472362599980e-03	2.830270000000000181e-03	2.740699332207441330e-03
1.640000000000000000e+02	1.044030000000000058e+01	2.833695725233900068e-03	2.835789999999999925e-03	2.691652858629822731e-03
1.680000000000000000e+02	1.336919999999999931e+01	2.838727786671099880e-03	2.840930000000000191e-03	2.796982880681753159e-03
1.720000000000000000e+02	1.627720000000000056e+01	2.842999664867099877e-03	2.845750000000000189e-03	2.790024504065513611e-03
1.760000000000000000e+02	1.917559999999999931e+01	2.874061389031499960e-03	2.850119999999999824e-03	2.801479073241353035e-03
1.800000000000000000e+02	2.206480000000000175e+01	2.851712544637799874e-03	2.854080000000000158e-03	2.850899472832679749e-03
1.840000000000000000e+02	2.495200000000000173e+01	2.855108062414000048e-03	2.857569999999999815e-03	2.930793911218643188e-03
1.880000000000000000e+02	2.783079999999999998e+01	2.858249571376799813e-03	2.860730000000000130e-03	2.930793911218643188e-03
1.460000000000000000e+02	1.312699999999999978e+00	2.749708448413199814e-03	2.726960000000000061e-03	5.328186322003602982e-03
1.400000000000000000e+02	1.226199999999999957e+00	2.645063201140099816e-03	2.646089999999999814e-03	3.248030086979269981e-03
1.500000000000000000e+02	4.070299999999999585e+00	2.755663881315100101e-03	2.741369999999999918e-03	3.134988015517592430e-03
1.540000000000000000e+02	7.946200000000000152e+00	2.736552526155399800e-03	2.737770000000000047e-03	2.736876253038644791e-03
1.560000000000000000e+02	1.117360000000000042e+01	2.741727413293100057e-03	2.718599999999999836e-03	2.667753491550683975e-03
1.620000000000000000e+02	1.438100000000000023e+01	2.821257111542700181e-03	2.748449999999999938e-03	2.635461743921041489e-03
1.660000000000000000e+02	1.757120000000000104e+01	2.751285951053499858e-03	2.753160000000000156e-03	3.028005594387650490e-03
1.700000000000000000e+02	2.075550000000000139e+01	2.830479417546200201e-03	2.757349999999999992e-03	2.769713522866368294e-03
1.740000000000000000e+02	2.393299999999999983e+01	2.759078582531100058e-03	2.761099999999999839e-03	2.798229688778519630e-03
1.760000000000000000e+02	2.711120000000000019e+01	2.762256962821100018e-03	2.744260000000000102e-03	2.798229688778519630e-03
1.820000000000000000e+02	3.027670000000000172e+01	2.765197358771899830e-03	2.767340000000000078e-03	2.896832767874002457e-03
1.860000000000000000e+02	3.342819999999999681e+01	2.767775345210699966e-03	2.770089999999999792e-03	2.930793911218643188e-03
1.440000000000000000e+02	4.891000000000000014e+00	2.650911627301300033e-03	2.651310000000000038e-03	2.826277632266283035e-03
1.480000000000000000e+02	8.449999999999999289e+00	2.656106835841499838e-03	2.657019999999999955e-03	2.733960980549454689e-03
1.520000000000000000e+02	1.195260000000000034e+01	2.661322447318000169e-03	2.662630000000000031e-03	2.657929901033639908e-03
1.560000000000000000e+02	1.543500000000000050e+01	2.666216467128799950e-03	2.667769999999999864e-03	2.633626339957118034e-03
1.600000000000000000e+02	1.890670000000000073e+01	2.670785231155900150e-03	2.672390000000000182e-03	2.627108711749315262e-03
1.640000000000000000e+02	2.237620000000000076e+01	2.674795763294600046e-03	2.676469999999999804e-03	2.644106512889266014e-03
1.660000000000000000e+02	2.584400000000000119e+01	2.678242961202499921e-03	2.661320000000000005e-03	3.016470698639750481e-03
1.720000000000000000e+02	2.930399999999999849e+01	2.681237727974899922e-03	2.683270000000000186e-03	2.778489841148257256e-03
1.760000000000000000e+02	3.275780000000000314e+01	2.684008078649499987e-03	2.686120000000000174e-03	2.798229688778519630e-03
1.340000000000000000e+02	6.861000000000000432e-01	2.578015120161699942e-03	2.579380000000000041e-03	2.603812376037240028e-03
1.380000000000000000e+02	4.638300000000000090e+00	2.584213042523199940e-03	2.584669999999999850e-03	3.226211527362465858e-03
1.420000000000000000e+02	6.463000000000000078e+00	2.589472489237099832e-03	2.610480000000000092e-03	2.787666162475943565e-03
1.460000000000000000e+02	1.222400000000000020e+01	2.594753387891599906e-03	2.596129999999999879e-03	2.655599033460021019e-03
1.500000000000000000e+02	1.596560000000000024e+01	2.599730605515699830e-03	2.601290000000000026e-03	2.633626339957118034e-03
1.540000000000000000e+02	1.970400000000000063e+01	2.604182942809999800e-03	2.605870000000000148e-03	2.619283972308039665e-03
1.340000000000000000e+02	5.840999999999999526e-01	2.578974917302499954e-03	2.580419999999999936e-03	2.649198984727263451e-03
1.360000000000000000e+02	2.576999999999999957e+00	2.582500296212699928e-03	2.582979999999999911e-03	6.232145242393016815e-03
1.380000000000000000e+02	4.525800000000000267e+00	2.585284663108900014e-03	2.585790000000000137e-03	3.195720724761486053e-03
1.400000000000000000e+02	6.451200000000000045e+00	2.587967606927000022e-03	2.588640000000000125e-03	2.790333703160285950e-03
1.420000000000000000e+02	8.334799999999999542e+00	2.590548477140800204e-03	2.591700000000000167e-03	2.724019810557365417e-03
1.440000000000000000e+02	1.021340000000000003e+01	2.593134500077799894e-03	2.594620000000000173e-03	2.694167429581284523e-03
1.460000000000000000e+02	1.209440000000000026e+01	2.595833769866000024e-03	2.597350000000000006e-03	2.668657107278704643e-03
1.480000000000000000e+02	1.397020000000000017e+01	2.598322065969499960e-03	2.599950000000000178e-03	2.663266379386186600e-03
1.500000000000000000e+02	1.583740000000000059e+01	2.600815137077000169e-03	2.602469999999999957e-03	2.646663459017872810e-03
1.520000000000000000e+02	1.770530000000000115e+01	2.603095601289000076e-03	2.604829999999999819e-03	2.641221275553107262e-03
1.540000000000000000e+02	1.957469999999999999e+01	2.605162327143500066e-03	2.607019999999999824e-03	2.619283972308039665e-03
1.560000000000000000e+02	2.144170000000000087e+01	2.607232337356599813e-03	2.609109999999999988e-03	2.619283972308039665e-03
1.580000000000000000e+02	2.328879999999999839e+01	2.609305639763599867e-03	2.611229999999999975e-03	2.612880431115627289e-03
1.600000000000000000e+02	2.516359999999999886e+01	2.611054137909800139e-03	2.612989999999999931e-03	2.615482313558459282e-03
1.620000000000000000e+02	2.703170000000000073e+01	2.612695484488800155e-03	2.614679999999999869e-03	2.701578196138143539e-03
1.640000000000000000e+02	2.689620000000000033e+01	2.614119654948700126e-03	2.633470000000000168e-03	2.818524371832609177e-03
1.660000000000000000e+02	3.076940000000000097e+01	2.615545378875299993e-03	2.617729999999999970e-03	3.037778893485665321e-03
1.680000000000000000e+02	3.263909999999999911e+01	2.616862812746500056e-03	2.619100000000000074e-03	2.803048584610223770e-03
1.700000000000000000e+02	3.449660000000000082e+01	2.618181574452899986e-03	2.620459999999999803e-03	2.803048584610223770e-03
1.300000000000000000e+02	7.286000000000000254e-01	2.533799620031400128e-03	2.534590000000000194e-03	4.226550459861755371e-03
1.320000000000000000e+02	2.822999999999999954e+00	2.537202492710099837e-03	2.537230000000000128e-03	3.186382818967103958e-03
1.340000000000000000e+02	4.878099999999999881e+00	2.539889988220999859e-03	2.540010000000000098e-03	3.000722266733646393e-03
1.360000000000000000e+02	6.889400000000000190e+00	2.542686881637599896e-03	2.542990000000000181e-03	2.823316026479005814e-03
1.380000000000000000e+02	8.863899999999999224e+00	2.545282095650800054e-03	2.546089999999999985e-03	2.787533449009060860e-03
1.400000000000000000e+02	1.084249999999999936e+01	2.547882612729199855e-03	2.548969999999999795e-03	2.683004830032587051e-03
1.420000000000000000e+02	1.281760000000000055e+01	2.550592793473399796e-03	2.551710000000000002e-03	2.666385611519217491e-03
1.440000000000000000e+02	1.478560000000000052e+01	2.553099621232300057e-03	2.554339999999999996e-03	2.646663459017872810e-03
1.460000000000000000e+02	1.675159999999999982e+01	2.555506626122000090e-03	2.556829999999999953e-03	2.644464373588562012e-03
1.460000000000000000e+02	1.872220000000000084e+01	2.557813229296399937e-03	2.541410000000000023e-03	2.636915538460016251e-03
1.500000000000000000e+02	2.069209999999999994e+01	2.559913757529399918e-03	2.561299999999999862e-03	2.619283972308039665e-03
1.520000000000000000e+02	2.266440000000000055e+01	2.561912457401699806e-03	2.563320000000000008e-03	2.616971731185913086e-03
1.540000000000000000e+02	2.461189999999999856e+01	2.563808843643199890e-03	2.565399999999999799e-03	2.615393372252583504e-03
1.560000000000000000e+02	2.659059999999999846e+01	2.565496878765100193e-03	2.567110000000000052e-03	2.612118609249591827e-03
1.580000000000000000e+02	2.856709999999999994e+01	2.567081431724899891e-03	2.568729999999999972e-03	2.608027309179306030e-03
1.600000000000000000e+02	3.054589999999999961e+01	2.568456295096300038e-03	2.570219999999999796e-03	2.615482313558459282e-03
1.620000000000000000e+02	3.251550000000000296e+01	2.569832631940300195e-03	2.571679999999999799e-03	2.699626842513680458e-03
1.640000000000000000e+02	3.449210000000000065e+01	2.571104406584900134e-03	2.572989999999999826e-03	2.816573018208146095e-03
1.260000000000000000e+02	4.794999999999999818e-01	2.494164652379199810e-03	2.495230000000000191e-03	2.510259393602609634e-03
1.260000000000000000e+02	2.673999999999999932e+00	2.497762005243200131e-03	2.478510000000000175e-03	3.055605571717023849e-03
1.300000000000000000e+02	4.827499999999999680e+00	2.500466837158400128e-03	2.500679999999999917e-03	4.578073974698781967e-03
1.320000000000000000e+02	6.944200000000000372e+00	2.503278042596699879e-03	2.503570000000000101e-03	2.815153915435075760e-03
1.340000000000000000e+02	9.020599999999999952e+00	2.505894113544399841e-03	2.506589999999999947e-03	2.757738344371318817e-03
1.360000000000000000e+02	1.109009999999999962e+01	2.508616596284899899e-03	2.509480000000000131e-03	2.725257538259029388e-03
1.380000000000000000e+02	1.314370000000000083e+01	2.511243843183400080e-03	2.512309999999999804e-03	2.732667839154601097e-03
1.400000000000000000e+02	1.520459999999999923e+01	2.534211603222299991e-03	2.514929999999999857e-03	2.646663459017872810e-03
1.420000000000000000e+02	1.726190000000000069e+01	2.516210180847999831e-03	2.517419999999999814e-03	2.641221275553107262e-03
1.440000000000000000e+02	1.932229999999999848e+01	2.518548099332299992e-03	2.519739999999999914e-03	2.628983929753303528e-03
1.460000000000000000e+02	2.138589999999999947e+01	2.520584606245299814e-03	2.521900000000000096e-03	2.619283972308039665e-03
1.480000000000000000e+02	2.345929999999999893e+01	2.522522340719100201e-03	2.523860000000000166e-03	2.616971731185913086e-03
1.480000000000000000e+02	2.345639999999999858e+01	2.522624409277000098e-03	2.523880000000000047e-03	2.625542925670742989e-03
1.500000000000000000e+02	2.552939999999999898e+01	2.524360839408499972e-03	2.525710000000000021e-03	2.616400597617030144e-03
1.520000000000000000e+02	2.760239999999999938e+01	2.528045888279900188e-03	2.527430000000000215e-03	2.616400597617030144e-03
1.540000000000000000e+02	2.966639999999999944e+01	2.527533432695699793e-03	2.529099999999999838e-03	2.616400597617030144e-03
1.560000000000000000e+02	3.173460000000000036e+01	2.528968832178800190e-03	2.530629999999999859e-03	2.616400597617030144e-03
1.580000000000000000e+02	3.380299999999999727e+01	2.530303163718999968e-03	2.532050000000000099e-03	2.614366821944713593e-03
1.220000000000000000e+02	3.482000000000000095e-01	2.455847303666300156e-03	2.457210000000000037e-03	2.494267653673887253e-03
1.240000000000000000e+02	2.616800000000000015e+00	2.459528943146300096e-03	2.460089999999999846e-03	2.881061984226107597e-03
1.260000000000000000e+02	4.881400000000000183e+00	2.462248801377200057e-03	2.462820000000000113e-03	2.927600173279643059e-03
1.280000000000000000e+02	7.036299999999999777e+00	2.464877224958300118e-03	2.466120000000000031e-03	3.036671783775091171e-03
1.300000000000000000e+02	9.221799999999999997e+00	2.467511266162899803e-03	2.469020000000000156e-03	4.208395723253488541e-03
1.320000000000000000e+02	1.140390000000000015e+01	2.470150943019599858e-03	2.471779999999999811e-03	2.750446088612079620e-03
1.340000000000000000e+02	1.357859999999999978e+01	2.472796273634400056e-03	2.474420000000000178e-03	2.744869096204638481e-03
1.340000000000000000e+02	1.358140000000000036e+01	2.472894357656200016e-03	2.474399999999999863e-03	2.744869096204638481e-03
1.360000000000000000e+02	1.571729999999999983e+01	2.475545570635000192e-03	2.477140000000000071e-03	2.731961198151111603e-03
1.380000000000000000e+02	1.738009999999999877e+01	2.477906981354199931e-03	2.482820000000000166e-03	2.736047143116593361e-03
1.400000000000000000e+02	2.004299999999999926e+01	2.480174231247599982e-03	2.481820000000000033e-03	2.627894282341003418e-03
1.420000000000000000e+02	2.221440000000000126e+01	2.482247955521199850e-03	2.483899999999999823e-03	2.625542925670742989e-03
1.440000000000000000e+02	2.436649999999999849e+01	2.484127172605099954e-03	2.485970000000000107e-03	2.625542925670742989e-03
1.460000000000000000e+02	2.656429999999999936e+01	2.485810990864100161e-03	2.487629999999999789e-03	2.616400597617030144e-03
1.480000000000000000e+02	2.874620000000000175e+01	2.487397847545100207e-03	2.489279999999999965e-03	2.616400597617030144e-03
1.500000000000000000e+02	3.092820000000000036e+01	2.488887366795900034e-03	2.490809999999999986e-03	2.616400597617030144e-03
1.520000000000000000e+02	3.309369999999999834e+01	2.490279195161600179e-03	2.492340000000000007e-03	2.614366821944713593e-03
1.540000000000000000e+02	3.527259999999999707e+01	2.491573001793299848e-03	2.493689999999999796e-03	2.614366821944713593e-03
1.180000000000000000e+02	4.739999999999999769e-01	2.418595633738300065e-03	2.419680000000000008e-03	2.494267653673887253e-03
1.200000000000000000e+02	2.848700000000000010e+00	2.422166348765400143e-03	2.422570000000000192e-03	2.804178278893232346e-03
1.220000000000000000e+02	5.181400000000000006e+00	2.424898469501000128e-03	2.425529999999999960e-03	2.770278137177228928e-03
1.240000000000000000e+02	7.430299999999999905e+00	2.427542233894199996e-03	2.428829999999999878e-03	2.667471999302506447e-03
1.260000000000000000e+02	9.719599999999999795e+00	2.430191769348700147e-03	2.431700000000000181e-03	2.779786009341478348e-03
1.280000000000000000e+02	1.200099999999999945e+01	2.491274311723099943e-03	2.434449999999999895e-03	2.941938582807779312e-03
1.300000000000000000e+02	1.428459999999999930e+01	2.435508229192600085e-03	2.437040000000000126e-03	4.161225166171789169e-03
1.320000000000000000e+02	1.655539999999999878e+01	2.437793839480399856e-03	2.439540000000000024e-03	2.731961198151111603e-03
1.340000000000000000e+02	1.883200000000000074e+01	2.440083743673999994e-03	2.441870000000000065e-03	2.719130599871277809e-03
1.360000000000000000e+02	2.110620000000000118e+01	2.442569332819000127e-03	2.444070000000000010e-03	2.700035460293292999e-03
1.380000000000000000e+02	2.338550000000000040e+01	2.444580623882300005e-03	2.446100000000000097e-03	2.712223213165998459e-03
1.380000000000000000e+02	2.334450000000000003e+01	2.444580623882300005e-03	2.446339999999999973e-03	2.712223213165998459e-03
1.400000000000000000e+02	2.563309999999999889e+01	2.446403219701400074e-03	2.448200000000000202e-03	2.616400597617030144e-03
1.420000000000000000e+02	2.793299999999999983e+01	2.448132398133599872e-03	2.449869999999999826e-03	2.616400597617030144e-03
1.440000000000000000e+02	3.022090000000000032e+01	2.449671499051900118e-03	2.451500000000000120e-03	2.616400597617030144e-03
1.460000000000000000e+02	3.252270000000000039e+01	2.451116164767899990e-03	2.452950000000000182e-03	2.614366821944713593e-03
1.480000000000000000e+02	3.481479999999999819e+01	2.452369587399600131e-03	2.454350000000000108e-03	2.614366821944713593e-03
1.140000000000000000e+02	4.106000000000000205e-01	2.384826702274900172e-03	2.385410000000000134e-03	2.494267653673887253e-03
1.160000000000000000e+02	2.889600000000000168e+00	2.388389826873199995e-03	2.388309999999999825e-03	2.804178278893232346e-03
1.180000000000000000e+02	5.290799999999999947e+00	2.391229658287499955e-03	2.391460000000000200e-03	2.760996343567967415e-03
1.200000000000000000e+02	7.635799999999999699e+00	2.393800478070600216e-03	2.394729999999999862e-03	2.648987574502825737e-03
1.220000000000000000e+02	1.001619999999999955e+01	2.396561069073200028e-03	2.397649999999999868e-03	2.612429205328226089e-03
1.240000000000000000e+02	1.239289999999999914e+01	2.399235699475500087e-03	2.400409999999999957e-03	2.576146740466356277e-03
1.260000000000000000e+02	1.476549999999999940e+01	2.401916306475199853e-03	2.403049999999999891e-03	2.732352120801806450e-03
1.280000000000000000e+02	1.713380000000000081e+01	2.404417434180699913e-03	2.405560000000000163e-03	2.913000527769327164e-03
1.300000000000000000e+02	1.951229999999999976e+01	2.406737942050300120e-03	2.407859999999999948e-03	4.122768528759479523e-03
1.320000000000000000e+02	2.189549999999999841e+01	2.408876768705700121e-03	2.410010000000000190e-03	2.717848634347319603e-03
1.320000000000000000e+02	2.185340000000000060e+01	2.408969847406199852e-03	2.410230000000000185e-03	2.717848634347319603e-03
1.340000000000000000e+02	2.424409999999999954e+01	2.410926163071700108e-03	2.412210000000000135e-03	2.717848634347319603e-03
1.360000000000000000e+02	2.664399999999999835e+01	2.412698902897499834e-03	2.414019999999999794e-03	2.710466505959630013e-03
1.380000000000000000e+02	2.904739999999999966e+01	2.414380747071199866e-03	2.415699999999999792e-03	2.715645357966423035e-03
1.400000000000000000e+02	3.145769999999999911e+01	2.415784076059700018e-03	2.417229999999999813e-03	2.631336916238069534e-03
1.420000000000000000e+02	3.382900000000000063e+01	2.417189037332199975e-03	2.418850000000000167e-03	2.631336916238069534e-03
1.100000000000000000e+02	5.935000000000000275e-01	2.350923475654099863e-03	2.351620000000000012e-03	2.518603345379233360e-03
1.120000000000000000e+02	3.183899999999999952e+00	2.354385938477000176e-03	2.354510000000000196e-03	2.702431986108422279e-03
1.140000000000000000e+02	5.644400000000000084e+00	2.357145436533399866e-03	2.357859999999999817e-03	2.751776017248630524e-03
1.160000000000000000e+02	8.105399999999999494e+00	2.359822084517600085e-03	2.361040000000000014e-03	2.638421254232525826e-03
1.180000000000000000e+02	1.058699999999999974e+01	2.362594347842600188e-03	2.363950000000000079e-03	2.594559919089078903e-03
1.200000000000000000e+02	1.306589999999999918e+01	2.365373132407800044e-03	2.366710000000000168e-03	2.571588847786188126e-03
1.220000000000000000e+02	1.553999999999999915e+01	2.368068509547999797e-03	2.369340000000000161e-03	2.562645357102155685e-03
1.240000000000000000e+02	1.801539999999999964e+01	2.370589742989100135e-03	2.371820000000000178e-03	2.558185951784253120e-03
1.260000000000000000e+02	2.049749999999999872e+01	2.372845385204800078e-03	2.374129999999999904e-03	2.576826605945825577e-03
1.280000000000000000e+02	2.298920000000000030e+01	2.374924370533400015e-03	2.376259999999999831e-03	2.783768344670534134e-03
1.300000000000000000e+02	2.549060000000000059e+01	2.376825758706499914e-03	2.378209999999999959e-03	4.219741560518741608e-03
1.320000000000000000e+02	2.800250000000000128e+01	2.378548687607200205e-03	2.380000000000000171e-03	2.710466505959630013e-03
1.340000000000000000e+02	3.052139999999999986e+01	2.380183241739100217e-03	2.381639999999999972e-03	2.710466505959630013e-03
1.340000000000000000e+02	3.049670000000000059e+01	2.380274116175599888e-03	2.381760000000000127e-03	2.710466505959630013e-03
1.360000000000000000e+02	3.301850000000000307e+01	2.381729051454400167e-03	2.383280000000000207e-03	2.710466505959630013e-03
1.060000000000000000e+02	1.202199999999999935e+00	2.317539855428099854e-03	2.317699999999999795e-03	2.512721111997961998e-03
1.080000000000000000e+02	3.898600000000000065e+00	2.320731821429100009e-03	2.320609999999999860e-03	2.801551483571529388e-03
1.100000000000000000e+02	6.459100000000000286e+00	2.323412948640499881e-03	2.323959999999999915e-03	2.716022776439785957e-03
1.120000000000000000e+02	9.029999999999999361e+00	2.326187069544800000e-03	2.327089999999999975e-03	2.609063405543565750e-03
1.140000000000000000e+02	1.161219999999999963e+01	2.329054828559200090e-03	2.330009999999999980e-03	2.578214276582002640e-03
1.160000000000000000e+02	1.418709999999999916e+01	2.331842446546699994e-03	2.332809999999999832e-03	2.568795345723628998e-03
1.190000000000000000e+02	1.676529999999999987e+01	2.334461905596899901e-03	2.342369999999999869e-03	2.562645357102155685e-03
1.200000000000000000e+02	1.935389999999999944e+01	2.336824455597000163e-03	2.337899999999999961e-03	2.548708813264966011e-03
1.220000000000000000e+02	2.195420000000000016e+01	2.339104027721900132e-03	2.340159999999999983e-03	2.543333452194929123e-03
1.240000000000000000e+02	2.458200000000000074e+01	2.341097909181300007e-03	2.342180000000000130e-03	2.543333452194929123e-03
1.240000000000000000e+02	2.456759999999999877e+01	2.341036373056599833e-03	2.342240000000000207e-03	2.543333452194929123e-03
1.260000000000000000e+02	2.720489999999999853e+01	2.396929629022400039e-03	2.344100000000000003e-03	2.569444477558135986e-03
1.280000000000000000e+02	2.935099999999999909e+01	2.344469752213900176e-03	2.347899999999999987e-03	2.776386216282844543e-03
1.300000000000000000e+02	3.250200000000000244e+01	2.346057787719999822e-03	2.347370000000000099e-03	4.219741560518741608e-03
1.320000000000000000e+02	3.514229999999999876e+01	2.347382794942300208e-03	2.348879999999999805e-03	2.710466505959630013e-03
1.020000000000000000e+02	8.474000000000000421e-01	2.289370580599000074e-03	2.289639999999999904e-03	2.512721111997961998e-03
1.040000000000000000e+02	3.648899999999999810e+00	2.292738292544599984e-03	2.292559999999999910e-03	2.741278614848852158e-03
1.060000000000000000e+02	6.303399999999999892e+00	2.295439604229399834e-03	2.295919999999999905e-03	2.721239114180207253e-03
1.080000000000000000e+02	8.951499999999999346e+00	2.298232006888800173e-03	2.299139999999999864e-03	2.635067561641335487e-03
1.100000000000000000e+02	1.162180000000000035e+01	2.301116142578199866e-03	2.302100000000000066e-03	2.578214276582002640e-03
1.120000000000000000e+02	1.429369999999999941e+01	2.303922381776500085e-03	2.304909999999999858e-03	2.564307302236557007e-03
1.140000000000000000e+02	1.696120000000000161e+01	2.306564787852699843e-03	2.307589999999999988e-03	2.562645357102155685e-03
1.160000000000000000e+02	1.964799999999999969e+01	2.308956692376999947e-03	2.310060000000000065e-03	2.543333452194929123e-03
1.160000000000000000e+02	1.964709999999999823e+01	2.308956692376999947e-03	2.310060000000000065e-03	2.543333452194929123e-03
1.180000000000000000e+02	2.235679999999999978e+01	2.311096517306899904e-03	2.312300000000000206e-03	2.543333452194929123e-03
1.200000000000000000e+02	2.508620000000000161e+01	2.313154483929599943e-03	2.314329999999999860e-03	2.535951323807239532e-03
1.220000000000000000e+02	2.762780000000000058e+01	2.314958213615199954e-03	2.316969999999999794e-03	2.535951323807239532e-03
1.240000000000000000e+02	3.358979999999999677e+01	2.316592585124500198e-03	2.306550000000000093e-03	2.535951323807239532e-03
1.260000000000000000e+02	3.334239999999999782e+01	2.318056874916200015e-03	2.319460000000000185e-03	2.550161676481366158e-03
9.800000000000000000e+01	1.245700000000000029e+00	2.259992012284199863e-03	2.259769999999999921e-03	2.823325805366039276e-03
1.000000000000000000e+02	4.140699999999999825e+00	2.279659925803399941e-03	2.262769999999999886e-03	3.082666080445051193e-03
1.020000000000000000e+02	6.869600000000000151e+00	2.265741374141299908e-03	2.266209999999999839e-03	2.717390423640608788e-03
1.040000000000000000e+02	9.627000000000000668e+00	2.268627038712999876e-03	2.269390000000000036e-03	2.628193004056811333e-03
1.060000000000000000e+02	1.240019999999999989e+01	2.271437302833499879e-03	2.272360000000000178e-03	2.607825212180614471e-03
1.080000000000000000e+02	1.517559999999999931e+01	2.274254538024700172e-03	2.275169999999999970e-03	2.590252552181482315e-03
1.100000000000000000e+02	1.796490000000000009e+01	2.276829291171999885e-03	2.277790000000000023e-03	2.581588225439190865e-03
1.120000000000000000e+02	2.077939999999999898e+01	2.279243214670100080e-03	2.280180000000000141e-03	2.557256491854786873e-03
1.140000000000000000e+02	2.361479999999999890e+01	2.281328295186999845e-03	2.282370000000000145e-03	2.555259969085454941e-03
1.160000000000000000e+02	2.647520000000000095e+01	2.283249941434600198e-03	2.284340000000000155e-03	2.550161676481366158e-03
1.160000000000000000e+02	2.648939999999999984e+01	2.283249941434600198e-03	2.284290000000000018e-03	2.550161676481366158e-03
1.180000000000000000e+02	2.936120000000000019e+01	2.284923571591399982e-03	2.286100000000000111e-03	2.550161676481366158e-03
1.200000000000000000e+02	3.224459999999999837e+01	2.286515794427900015e-03	2.287759999999999794e-03	2.550161676481366158e-03
9.400000000000000000e+01	7.512999999999999678e-01	2.234556976733699952e-03	2.234340000000000024e-03	2.594264224171638489e-03
9.600000000000000000e+01	3.751700000000000035e+00	2.278826655854600085e-03	2.237349999999999929e-03	2.744107739999890327e-03
9.800000000000000000e+01	6.561700000000000088e+00	2.256801435325700086e-03	2.240849999999999960e-03	2.717390423640608788e-03
1.000000000000000000e+02	9.406100000000000350e+00	2.243482660436600142e-03	2.244079999999999860e-03	2.628193004056811333e-03
1.020000000000000000e+02	1.227250000000000085e+01	2.246392809817700145e-03	2.247079999999999824e-03	2.607825212180614471e-03
1.040000000000000000e+02	1.513630000000000031e+01	2.249148225075599944e-03	2.249940000000000186e-03	2.590252552181482315e-03
1.060000000000000000e+02	1.302219999999999978e+01	2.251829070680899832e-03	2.270090000000000215e-03	2.603264991194009781e-03
1.080000000000000000e+02	2.093509999999999849e+01	2.254190246623699861e-03	2.255000000000000060e-03	2.557256491854786873e-03
1.100000000000000000e+02	2.337280000000000157e+01	2.256393038395599834e-03	2.258880000000000002e-03	2.555259969085454941e-03
1.120000000000000000e+02	2.683940000000000126e+01	2.258272889153899784e-03	2.259189999999999896e-03	2.550161676481366158e-03
1.140000000000000000e+02	2.982610000000000028e+01	2.259992012284199863e-03	2.260990000000000048e-03	2.550161676481366158e-03
1.160000000000000000e+02	3.263470000000000226e+01	2.261549666299200127e-03	2.263269999999999952e-03	2.550161676481366158e-03
9.200000000000000000e+01	4.412300000000000111e+00	2.210079749401700194e-03	2.209420000000000134e-03	3.042925382032990456e-03
9.400000000000000000e+01	7.285199999999999676e+00	2.381820043968300125e-03	2.213029999999999945e-03	2.699865493923425674e-03
9.600000000000000000e+01	1.025430000000000064e+01	2.215735140593200203e-03	2.216189999999999827e-03	2.623481443151831627e-03
9.800000000000000000e+01	1.323629999999999995e+01	2.388572838238799817e-03	2.219159999999999969e-03	2.600072417408227921e-03
1.000000000000000000e+02	1.621799999999999997e+01	2.221340399446700142e-03	2.221980000000000136e-03	2.590252552181482315e-03
1.000000000000000000e+02	1.621900000000000119e+01	2.221340399446700142e-03	2.221980000000000136e-03	2.590252552181482315e-03
1.020000000000000000e+02	1.922429999999999950e+01	2.223875995251200187e-03	2.224589999999999814e-03	2.581588225439190865e-03
1.040000000000000000e+02	2.226869999999999905e+01	2.226258379191200197e-03	2.226960000000000051e-03	2.555259969085454941e-03
1.060000000000000000e+02	2.635510000000000019e+01	2.228486547428899962e-03	2.226029999999999936e-03	2.550161676481366158e-03
1.060000000000000000e+02	2.846409999999999840e+01	2.230160602785600209e-03	2.219759999999999876e-03	2.550161676481366158e-03
1.100000000000000000e+02	3.150179999999999936e+01	2.231757281219699882e-03	2.233010000000000116e-03	2.550161676481366158e-03
1.120000000000000000e+02	3.476270000000000238e+01	2.233276244837099998e-03	2.234250000000000125e-03	2.550161676481366158e-03
9.400000000000000000e+01	1.281329999999999991e+01	2.195912072518400090e-03	2.196449999999999965e-03	2.603264991194009781e-03
9.600000000000000000e+01	1.588930000000000042e+01	2.198777585203899945e-03	2.199319999999999834e-03	2.590252552181482315e-03
9.600000000000000000e+01	1.898860000000000170e+01	2.368608322285299921e-03	2.190539999999999935e-03	2.581588225439190865e-03
1.000000000000000000e+02	2.213380000000000081e+01	2.203751843438400172e-03	2.204370000000000201e-03	2.555259969085454941e-03
1.020000000000000000e+02	2.532219999999999871e+01	2.373748844458999866e-03	2.206520000000000009e-03	2.550161676481366158e-03
1.040000000000000000e+02	2.854400000000000048e+01	2.207653670356600050e-03	2.208449999999999823e-03	2.550161676481366158e-03
1.060000000000000000e+02	3.180489999999999995e+01	2.209296560858700111e-03	2.210150000000000135e-03	2.550161676481366158e-03
1.080000000000000000e+02	3.503059999999999974e+01	2.379547314918799891e-03	2.211850000000000014e-03	2.550161676481366158e-03
9.800000000000000000e+01	2.496430000000000149e+01	2.185136856432400108e-03	2.185379999999999788e-03	2.550161676481366158e-03
1.000000000000000000e+02	2.828430000000000177e+01	2.186976519832700087e-03	2.187370000000000113e-03	2.550161676481366158e-03
1.000000000000000000e+02	2.829350000000000165e+01	2.186976519832700087e-03	2.187339999999999857e-03	2.550161676481366158e-03
1.040000000000000000e+02	3.500930000000000319e+01	2.190126454397200127e-03	2.190769999999999870e-03	2.550161676481366158e-03
