# Temperature (K)	Pressure (MPa)	Experimental(m3/kg)	NIST(m3/kg)	Model(m3/kg)
2.528329999999999984e+02	4.589699999999999669e+00	2.352697824479139943e-02	2.444059999999999983e-02	2.096558921039104462e-02
2.033990000000000009e+02	4.855900000000000105e+00	2.453817438141960017e-02	1.330970000000000070e-02	1.024929806590080261e-02
2.733799999999999955e+02	5.105800000000000338e+00	2.447363572696580059e-02	2.446169999999999942e-02	2.850989438593387604e-02
2.085740000000000123e+02	6.027000000000000135e+00	9.648704561066100832e-03	9.682480000000000253e-03	1.348043978214263916e-02
2.232340000000000089e+02	7.234600000000000364e+00	9.655129957856100134e-03	9.669540000000000773e-03	9.182181209325790405e-03
2.344399999999999977e+02	8.143299999999999983e+00	9.659917205236000573e-03	9.668740000000000320e-03	1.075070723891258240e-02
2.437330000000000041e+02	8.891299999999999315e+00	9.664559380367199193e-03	9.667989999999999570e-03	9.244655258953571320e-03
2.437729999999999961e+02	8.893900000000000361e+00	9.664559380367199193e-03	9.668909999999999311e-03	9.244655258953571320e-03
2.513760000000000048e+02	9.501799999999999358e+00	9.668306321181199467e-03	9.669409999999999811e-03	9.779300540685653687e-03
2.621899999999999977e+02	1.035050000000000026e+01	9.672956564710599378e-03	9.683419999999999875e-03	8.347641676664352417e-03
2.721549999999999727e+02	1.114780000000000015e+01	9.677611283723099728e-03	9.673460000000000045e-03	8.920618332922458649e-03
2.721850000000000023e+02	1.114939999999999998e+01	9.677611283723099728e-03	9.674260000000000498e-03	8.920618332922458649e-03
1.910320000000000107e+02	4.614499999999999602e+00	8.618092043360300533e-03	8.485799999999999940e-03	1.092487573623657227e-02
1.933249999999999886e+02	4.833599999999999675e+00	8.621071360538799452e-03	8.702980000000000785e-03	9.472782723605632782e-03
1.977369999999999948e+02	5.272199999999999775e+00	8.622502164592900711e-03	8.674730000000000288e-03	1.058913860470056534e-02
2.027529999999999859e+02	5.762699999999999712e+00	8.624768575897100512e-03	8.657579999999999790e-03	9.976130910217761993e-03
2.032239999999999895e+02	6.290899999999999714e+00	8.627036178960000717e-03	6.701050000000000062e-03	8.171234279870986938e-03
2.121649999999999920e+02	6.668899999999999828e+00	8.628468963776699321e-03	8.642459999999999379e-03	1.122377347201108932e-02
2.171359999999999957e+02	7.142100000000000115e+00	8.630738513306899368e-03	8.640099999999999517e-03	9.098855778574943542e-03
2.229259999999999877e+02	7.690900000000000070e+00	8.632889714454000663e-03	8.637459999999999583e-03	1.001035515218973160e-02
2.300500000000000114e+02	8.361399999999999721e+00	8.635879273447499838e-03	8.637680000000000011e-03	8.381999097764492035e-03
2.373360000000000127e+02	9.043200000000000571e+00	8.638870903719500158e-03	8.639020000000000726e-03	8.791985921561717987e-03
2.427090000000000032e+02	9.543400000000000105e+00	8.641145929322000679e-03	8.640800000000000564e-03	9.244655258953571320e-03
2.484439999999999884e+02	1.007569999999999943e+01	8.643422153485099194e-03	8.642449999999999438e-03	7.889471016824245453e-03
2.501939999999999884e+02	1.023760000000000048e+01	8.644141210275799528e-03	8.643150000000000485e-03	8.415694348514080048e-03
2.534449999999999932e+02	1.053780000000000072e+01	8.645579682832400456e-03	8.644580000000000666e-03	8.415694348514080048e-03
2.536419999999999959e+02	1.101720000000000077e+01	8.647858243754200439e-03	8.185619999999999355e-03	8.056879043579101562e-03
2.630500000000000114e+02	1.142290000000000028e+01	8.649417951258000711e-03	8.647449999999999234e-03	7.988825440406799316e-03
2.683009999999999877e+02	1.190489999999999959e+01	8.651578475301799701e-03	8.649070000000000022e-03	7.988825440406799316e-03
2.731709999999999923e+02	1.236040000000000028e+01	8.653860199726899280e-03	8.642830000000000651e-03	8.265271782875061035e-03
1.910320000000000107e+02	4.657899999999999707e+00	6.896170484809599661e-03	7.105710000000000325e-03	1.092487573623657227e-02
1.915509999999999877e+02	4.731799999999999784e+00	6.337718781221099960e-03	6.773580000000000399e-03	5.806189961731433868e-03
1.929379999999999882e+02	4.928200000000000358e+00	6.338105368922800423e-03	6.510540000000000424e-03	1.120445691049098969e-02
1.952429999999999950e+02	5.256300000000000416e+00	6.338943137423299831e-03	6.402309999999999598e-03	8.434424176812171936e-03
1.975620000000000118e+02	5.586999999999999744e+00	6.339329874510400177e-03	6.373979999999999577e-03	1.047941297292709351e-02
2.004110000000000014e+02	5.997700000000000031e+00	6.340103490269999656e-03	6.347359999999999808e-03	1.129324268549680710e-02
2.028290000000000077e+02	6.341700000000000337e+00	6.340941787110699647e-03	6.352759999999999831e-03	7.776590995490550995e-03
2.063700000000000045e+02	6.850299999999999834e+00	6.342167389026799607e-03	6.348290000000000356e-03	1.032892335206270218e-02
2.135029999999999859e+02	7.877100000000000435e+00	6.344168072745699945e-03	6.344289999999999825e-03	8.129145018756389618e-03
2.236469999999999914e+02	9.338900000000000645e+00	6.347397643135000399e-03	6.344400000000000039e-03	8.000598289072513580e-03
2.363979999999999961e+02	1.117670000000000030e+01	6.351406879813399631e-03	6.346700000000000258e-03	7.069559302181005478e-03
2.481469999999999914e+02	1.286739999999999995e+01	6.354643826280499848e-03	6.349719999999999670e-03	6.439653690904378891e-03
2.551630000000000109e+02	1.387490000000000023e+01	6.357041291602199759e-03	6.351769999999999639e-03	6.520934402942657471e-03
2.731669999999999732e+02	1.645039999999999836e+01	6.362296117039699904e-03	6.357650000000000280e-03	6.690139882266521454e-03
1.910320000000000107e+02	4.660700000000000287e+00	6.102777063820600048e-03	6.902509999999999722e-03	1.092487573623657227e-02
1.910399999999999920e+02	4.661800000000000388e+00	6.104509992447900053e-03	6.899169999999999608e-03	1.092487573623657227e-02
1.912290000000000134e+02	4.690000000000000391e+00	6.104509992447900053e-03	6.674470000000000056e-03	9.040149860084056854e-03
1.914279999999999973e+02	4.718799999999999883e+00	6.104509992447900053e-03	6.565510000000000096e-03	9.040149860084056854e-03
1.918199999999999932e+02	4.776200000000000223e+00	6.104509992447900053e-03	6.410240000000000209e-03	5.806189961731433868e-03
1.920759999999999934e+02	4.813100000000000378e+00	6.104509992447900053e-03	6.374109999999999672e-03	7.303042337298393250e-03
1.935219999999999914e+02	5.026299999999999990e+00	6.105287142033200345e-03	6.219739999999999644e-03	1.157151535153388977e-02
1.951579999999999870e+02	5.269999999999999574e+00	6.105645893199600042e-03	6.160370000000000082e-03	8.434424176812171936e-03
1.979259999999999877e+02	5.683600000000000207e+00	6.106423332047500319e-03	6.131550000000000368e-03	1.023643650114536285e-02
2.005749999999999886e+02	6.081400000000000361e+00	6.107141143653499644e-03	6.120819999999999907e-03	1.392066292464733124e-02
2.040370000000000061e+02	6.603600000000000136e+00	6.108278023893800104e-03	6.114080000000000036e-03	8.220977149903774261e-03
2.078549999999999898e+02	7.179899999999999949e+00	6.109355458844700423e-03	6.113999999999999643e-03	7.748235482722520828e-03
2.078549999999999898e+02	7.183300000000000018e+00	6.109355458844700423e-03	6.107569999999999666e-03	7.748235482722520828e-03
2.130440000000000111e+02	7.969100000000000072e+00	6.110852526991499868e-03	6.109769999999999611e-03	8.999251760542392731e-03
2.333859999999999957e+02	1.106879999999999953e+01	6.116848143764099834e-03	6.111720000000000173e-03	6.925649009644985199e-03
2.528870000000000005e+02	1.403870000000000040e+01	6.122434635602099981e-03	6.117189999999999780e-03	6.520934402942657471e-03
2.730160000000000196e+02	1.709250000000000114e+01	6.128453012501099834e-03	6.123110000000000185e-03	6.480198353528976440e-03
2.730579999999999927e+02	1.709669999999999845e+01	6.128453012501099834e-03	6.123840000000000186e-03	6.480198353528976440e-03
1.910320000000000107e+02	4.664299999999999891e+00	5.587293618224500359e-03	6.543949999999999767e-03	1.092487573623657227e-02
1.918480000000000132e+02	4.798300000000000232e+00	5.589247164848700107e-03	5.710670000000000156e-03	5.806189961731433868e-03
1.918729999999999905e+02	4.800900000000000389e+00	5.589247164848700107e-03	5.747290000000000385e-03	5.806189961731433868e-03
1.932479999999999905e+02	5.024799999999999933e+00	5.589547831739399841e-03	5.659830000000000243e-03	1.157151535153388977e-02
1.951100000000000136e+02	5.333999999999999631e+00	5.589848530979900365e-03	5.623040000000000156e-03	7.410202641040086746e-03
1.973000000000000114e+02	5.699200000000000266e+00	5.590600420645699953e-03	5.615829999999999607e-03	9.856948629021644592e-03
1.992160000000000082e+02	6.022800000000000153e+00	5.591101792806900221e-03	5.607159999999999922e-03	1.106446329504251480e-02
2.009010000000000105e+02	6.309199999999999697e+00	5.591402659271100042e-03	5.601779999999999780e-03	8.039400912821292877e-03
2.030639999999999930e+02	6.678200000000000358e+00	5.592054647705299933e-03	5.598460000000000415e-03	9.245694614946842194e-03
2.075639999999999930e+02	7.451600000000000001e+00	5.593308899075199667e-03	5.595140000000000183e-03	7.928333245217800140e-03
2.131970000000000027e+02	8.426600000000000534e+00	5.594864952380600338e-03	5.594580000000000039e-03	7.167018949985504150e-03
2.132040000000000077e+02	8.428200000000000358e+00	5.594864952380600338e-03	5.594189999999999753e-03	7.167018949985504150e-03
2.132119999999999891e+02	8.429299999999999571e+00	5.594864952380600338e-03	5.594479999999999766e-03	7.350327912718057632e-03
2.231839999999999975e+02	1.016600000000000037e+01	5.597678083131100123e-03	5.595720000000000208e-03	6.744769401848316193e-03
2.331610000000000014e+02	1.191220000000000034e+01	5.600192198596199745e-03	5.596740000000000222e-03	7.211686111986637115e-03
2.431370000000000005e+02	1.366009999999999991e+01	5.603010690387500055e-03	5.598670000000000035e-03	6.144775077700614929e-03
2.531529999999999916e+02	1.541230000000000011e+01	5.605529599337500356e-03	5.601720000000000137e-03	6.528758443892002106e-03
2.631240000000000236e+02	1.715540000000000020e+01	5.608353467509199705e-03	5.604429999999999655e-03	5.644595250487327576e-03
2.730919999999999845e+02	1.889770000000000039e+01	5.610877183666400023e-03	5.606380000000000217e-03	5.760616157203912735e-03
2.731499999999999773e+02	1.889270000000000138e+01	5.610877183666400023e-03	5.610150000000000380e-03	6.668038200587034225e-03
1.910320000000000107e+02	4.670099999999999696e+00	5.298398828112799858e-03	5.798049999999999905e-03	7.664784323424100876e-03
1.924979999999999905e+02	4.929499999999999993e+00	5.300245666386599851e-03	5.347700000000000370e-03	9.873440489172935486e-03
1.958400000000000034e+02	5.525599999999999845e+00	5.301056880191799825e-03	5.317020000000000426e-03	9.080263786017894745e-03
1.981819999999999879e+02	5.951100000000000279e+00	5.301642911277100294e-03	5.310490000000000176e-03	9.808395989239215851e-03
2.034339999999999975e+02	6.919200000000000017e+00	5.303040893042200270e-03	5.305200000000000367e-03	9.858118370175361633e-03
2.120339999999999918e+02	8.530799999999999272e+00	5.305297256548000343e-03	5.305319999999999654e-03	7.607071660459041595e-03
2.120349999999999966e+02	8.531000000000000583e+00	5.305297256548000343e-03	5.305309999999999714e-03	7.607071660459041595e-03
2.226320000000000050e+02	1.054069999999999929e+01	5.308097815333400089e-03	5.306769999999999717e-03	6.538286805152893066e-03
2.334019999999999868e+02	1.259559999999999924e+01	5.310629894873899678e-03	5.308430000000000266e-03	6.156424060463905334e-03
2.334029999999999916e+02	1.259730000000000061e+01	5.310629894873899678e-03	5.307820000000000420e-03	6.156424060463905334e-03
2.370329999999999870e+02	1.329219999999999935e+01	5.311761067638400002e-03	5.308150000000000195e-03	6.076456978917121887e-03
2.370339999999999918e+02	1.329199999999999982e+01	5.311761067638400002e-03	5.308290000000000231e-03	6.076456978917121887e-03
2.433779999999999859e+02	1.450530000000000008e+01	5.313481373442200013e-03	5.309649999999999960e-03	5.997604690492153168e-03
2.433810000000000002e+02	1.450500000000000078e+01	5.313481373442200013e-03	5.309939999999999972e-03	5.997604690492153168e-03
2.532839999999999918e+02	1.639870000000000161e+01	5.315701308021799840e-03	5.312260000000000072e-03	6.041953340172767639e-03
2.634490000000000123e+02	1.834019999999999939e+01	5.318558236723399703e-03	5.314850000000000303e-03	5.149403586983680725e-03
2.683000000000000114e+02	1.926829999999999998e+01	5.319692789869200425e-03	5.315489999999999972e-03	4.994066897779703140e-03
2.683000000000000114e+02	1.926780000000000115e+01	5.319692789869200425e-03	5.315600000000000186e-03	4.994066897779703140e-03
2.726940000000000168e+02	2.010500000000000043e+01	5.320827827163299856e-03	5.316780000000000117e-03	5.492379423230886459e-03
2.726949999999999932e+02	2.010490000000000066e+01	5.320827827163299856e-03	5.316839999999999761e-03	5.492379423230886459e-03
2.726979999999999791e+02	2.010460000000000136e+01	5.320827827163299856e-03	5.317020000000000426e-03	5.492379423230886459e-03
1.910320000000000107e+02	4.724700000000000344e+00	4.845085653846699716e-03	4.896710000000000299e-03	6.006143987178802490e-03
1.914540000000000077e+02	4.809700000000000308e+00	4.923097669767900406e-03	4.885709999999999706e-03	6.753148976713418961e-03
1.923969999999999914e+02	4.996900000000000119e+00	4.846780661655300179e-03	4.885620000000000240e-03	9.873440489172935486e-03
1.965049999999999955e+02	5.852100000000000080e+00	4.924303120008900053e-03	4.858249999999999721e-03	1.005705352872610092e-02
2.035730000000000075e+02	7.364200000000000301e+00	4.849344258091199678e-03	4.852839999999999758e-03	9.559444151818752289e-03
2.092949999999999875e+02	8.611000000000000654e+00	4.850778037632799689e-03	4.853109999999999889e-03	7.385137956589460373e-03
2.186220000000000141e+02	1.066820000000000057e+01	4.852892521941000112e-03	4.854070000000000260e-03	6.472985260188579559e-03
2.281030000000000086e+02	1.277549999999999919e+01	4.855235709458400294e-03	4.855540000000000203e-03	5.992531310766935349e-03
2.385500000000000114e+02	1.510929999999999929e+01	4.857619009285400226e-03	4.856769999999999837e-03	5.073843989521265030e-03
2.459199999999999875e+02	1.675459999999999994e+01	4.936429256407399643e-03	4.858620000000000126e-03	5.009622778743505478e-03
2.529720000000000084e+02	1.833470000000000155e+01	4.861141493245399632e-03	4.859310000000000365e-03	5.546761676669120789e-03
2.601080000000000041e+02	1.992999999999999972e+01	4.862809825661200056e-03	4.860660000000000154e-03	5.296408664435148239e-03
2.673120000000000118e+02	2.153729999999999833e+01	4.941554944862799892e-03	4.862290000000000015e-03	4.596966318786144257e-03
2.741510000000000105e+02	2.305760000000000076e+01	4.866111946773899952e-03	4.864310000000000161e-03	6.340410094708204269e-03
1.910749999999999886e+02	4.861500000000000377e+00	4.534218175732699675e-03	4.543239999999999605e-03	1.008572056889533997e-02
1.928919999999999959e+02	5.281699999999999839e+00	4.535273680636700035e-03	4.541139999999999934e-03	1.120356377214193344e-02
1.950480000000000018e+02	5.789299999999999891e+00	4.535009758343200303e-03	4.539539999999999895e-03	8.697134442627429962e-03
1.950649999999999977e+02	5.792799999999999727e+00	4.535009758343200303e-03	4.540040000000000395e-03	8.697134442627429962e-03
1.970999999999999943e+02	6.278699999999999726e+00	4.535438647670000240e-03	4.539070000000000084e-03	8.088598027825355530e-03
2.030099999999999909e+02	6.981200000000000294e+00	4.536065631861799577e-03	5.117100000000000294e-03	6.848494987934827805e-03
2.033220000000000027e+02	7.790399999999999991e+00	4.536890875216299628e-03	4.538819999999999834e-03	8.304565213620662689e-03
2.071970000000000027e+02	8.743900000000000006e+00	4.537683391381700307e-03	4.539989999999999824e-03	6.232349202036857605e-03
2.133230000000000075e+02	1.027059999999999995e+01	4.539137057028299997e-03	4.539719999999999693e-03	5.883220117539167404e-03
2.227920000000000016e+02	1.264320000000000022e+01	4.541186985626499695e-03	4.542000000000000030e-03	5.146730691194534302e-03
2.278460000000000036e+02	1.391740000000000066e+01	4.542245737892700377e-03	4.542710000000000151e-03	5.411128047853708267e-03
2.332719999999999914e+02	1.528839999999999932e+01	4.543470535784299713e-03	4.543479999999999915e-03	4.981254693120718002e-03
2.385060000000000002e+02	1.661090000000000089e+01	4.544695994377599864e-03	4.544570000000000380e-03	4.587038885802030563e-03
2.429850000000000136e+02	1.774289999999999878e+01	4.545756383678399570e-03	4.545549999999999764e-03	4.514430649578571320e-03
2.487659999999999911e+02	1.920260000000000034e+01	4.546983075819699578e-03	4.547029999999999648e-03	4.600542597472667694e-03
2.531109999999999900e+02	2.030049999999999955e+01	4.547812296724100187e-03	4.547960000000000197e-03	5.123188253492116928e-03
2.583140000000000214e+02	2.161449999999999960e+01	4.549040098860399756e-03	4.549069999999999676e-03	4.994324408471584320e-03
2.629320000000000164e+02	2.278109999999999857e+01	4.550069308475700181e-03	4.549880000000000070e-03	4.671082366257905960e-03
2.678190000000000168e+02	2.401170000000000115e+01	4.551796770795099936e-03	4.551069999999999942e-03	3.917491063475608826e-03
2.678860000000000241e+02	2.402659999999999840e+01	4.551796770795099936e-03	4.551310000000000251e-03	3.917491063475608826e-03
2.731530000000000200e+02	2.535510000000000019e+01	4.552361802632499954e-03	4.552119999999999778e-03	5.484154447913169861e-03
1.914530000000000030e+02	5.378599999999999604e+00	4.165161654922000002e-03	4.170430000000000144e-03	6.524590775370597839e-03
1.948040000000000020e+02	6.325599999999999667e+00	4.165857448857199913e-03	4.170730000000000097e-03	5.789609625935554504e-03
1.996109999999999900e+02	7.710399999999999920e+00	4.166887650608399815e-03	4.170639999999999764e-03	4.492005333304405212e-03
2.030540000000000020e+02	8.713499999999999801e+00	4.167584021369500138e-03	4.171039999999999991e-03	5.117170512676239014e-03
2.076270000000000095e+02	1.005739999999999945e+01	4.168447844430499954e-03	4.171479999999999980e-03	4.562031012028455734e-03
2.129350000000000023e+02	1.162650000000000006e+01	4.169507212947200052e-03	4.172409999999999661e-03	5.691219121217727661e-03
2.213600000000000136e+02	1.413100000000000023e+01	4.171236812759900221e-03	4.174029999999999581e-03	4.565326962620019913e-03
2.286370000000000005e+02	1.630160000000000053e+01	4.172800265777300288e-03	4.175510000000000332e-03	4.423146136105060577e-03
2.365989999999999895e+02	1.868009999999999948e+01	4.174364891253600288e-03	4.177100000000000431e-03	3.972033504396677017e-03
2.450860000000000127e+02	2.121399999999999864e+01	4.176686049218700063e-03	4.178939999999999912e-03	3.961993381381034851e-03
2.330680000000000121e+02	2.359680000000000177e+01	4.177861594965500205e-03	3.689140000000000041e-03	2.760309958830475807e-03
2.608360000000000127e+02	2.590360000000000085e+01	4.179430019030199762e-03	4.182499999999999586e-03	3.902923548594117165e-03
2.688240000000000123e+02	2.827159999999999940e+01	4.180999621151200267e-03	4.184410000000000386e-03	4.520712420344352722e-03
2.751539999999999964e+02	3.014720000000000155e+01	4.182402048185799963e-03	4.185590000000000317e-03	4.770866129547357559e-03
1.944190000000000111e+02	7.750899999999999679e+00	3.775229481099200146e-03	3.784720000000000098e-03	5.199778825044631958e-03
1.984199999999999875e+02	9.196300000000000807e+00	3.775938298389099838e-03	3.785750000000000053e-03	3.982592839747667313e-03
2.010440000000000111e+02	1.016380000000000017e+01	3.776510119143699964e-03	3.784549999999999807e-03	3.562043886631727219e-03
2.077700000000000102e+02	1.261730000000000018e+01	3.777837410521500076e-03	3.786630000000000031e-03	3.769467817619442940e-03
2.136659999999999968e+02	1.478819999999999979e+01	3.778936564321999821e-03	3.787239999999999877e-03	3.244202584028244019e-03
2.223930000000000007e+02	1.818240000000000123e+01	3.780655273152799811e-03	3.774749999999999894e-03	2.885083900764584541e-03
2.328120000000000118e+02	2.183500000000000085e+01	3.782513235543300077e-03	3.790990000000000158e-03	3.191545605659484863e-03
2.412949999999999875e+02	2.495779999999999887e+01	3.784074417062500105e-03	3.792209999999999852e-03	3.522559301927685738e-03
2.545310000000000059e+02	2.980270000000000152e+01	3.786510595383599936e-03	3.794660000000000047e-03	4.100416321307420731e-03
2.618260000000000218e+02	3.245940000000000225e+01	3.787936984365099843e-03	3.796059999999999972e-03	3.610946936532855034e-03
2.678829999999999814e+02	3.465840000000000032e+01	3.789088081080900158e-03	3.797179999999999826e-03	3.301807446405291557e-03
2.729809999999999945e+02	3.649969999999999715e+01	3.790101625056000161e-03	3.798290000000000173e-03	3.704475704580545425e-03
1.963839999999999861e+02	1.046010000000000062e+01	3.553081221375899851e-03	3.562259999999999819e-03	2.649412257596850395e-03
2.005370000000000061e+02	1.222439999999999927e+01	3.553445750048300072e-03	3.562340000000000211e-03	2.271376084536314011e-03
2.088220000000000027e+02	1.574259999999999948e+01	3.554823533654100001e-03	3.563549999999999964e-03	2.885991008952260017e-03
2.170440000000000111e+02	1.922759999999999891e+01	3.556344387513800040e-03	3.565350000000000116e-03	2.741882810369133949e-03
2.250219999999999914e+02	2.259710000000000107e+01	3.557744722850599960e-03	3.567380000000000204e-03	3.104301868006587029e-03
2.330790000000000077e+02	2.599630000000000152e+01	3.559268077807300080e-03	3.569049999999999827e-03	2.284597838297486305e-03
2.409960000000000093e+02	2.932229999999999848e+01	3.560650380992399795e-03	3.570719999999999884e-03	3.206624649465084076e-03
2.507350000000000136e+02	3.339209999999999923e+01	3.562420482321799857e-03	3.572779999999999793e-03	4.243092145770788193e-03
2.586460000000000150e+02	3.665979999999999706e+01	3.563825607700599977e-03	3.575109999999999833e-03	3.362770425155758858e-03
2.667500000000000000e+02	1.000919999999999987e+01	3.627443133734700124e-03	1.052119999999999965e-02	8.606190793216228485e-03
2.743029999999999973e+02	1.311359999999999992e+01	3.628900031482799882e-03	8.156590000000000021e-03	8.584666997194290161e-03
1.936299999999999955e+02	1.173029999999999973e+01	3.373819709660400012e-03	3.386430000000000169e-03	2.758672693744301796e-03
1.986670000000000016e+02	1.415579999999999927e+01	3.374732846023699960e-03	3.387240000000000129e-03	6.650851573795080185e-04
2.031560000000000059e+02	1.631609999999999872e+01	3.375518538719099806e-03	3.388069999999999971e-03	2.146038459613919258e-03
2.082139999999999986e+02	1.875110000000000099e+01	3.376322882132899890e-03	3.388889999999999871e-03	1.842241617850959301e-03
2.124240000000000066e+02	2.076940000000000097e+01	3.377127608967799965e-03	3.389810000000000045e-03	1.582061755470931530e-03
2.187580000000000098e+02	2.380489999999999995e+01	3.378152361724999931e-03	3.390950000000000214e-03	1.752493903040885925e-03
2.237419999999999902e+02	2.618669999999999831e+01	3.379067845207999864e-03	3.391840000000000133e-03	2.045593690127134323e-03
2.291349999999999909e+02	2.874849999999999994e+01	3.379965500556900149e-03	3.393059999999999826e-03	2.067341469228267670e-03
2.333950000000000102e+02	3.076829999999999998e+01	3.380661969854299818e-03	3.393909999999999982e-03	2.108325716108083725e-03
2.376069999999999993e+02	3.275959999999999894e+01	3.381340386863399862e-03	3.394750000000000198e-03	2.212557476013898849e-03
2.430550000000000068e+02	3.532520000000000238e+01	3.382367698247699950e-03	3.395850000000000170e-03	2.686659805476665497e-03
2.480389999999999873e+02	3.765870000000000317e+01	3.383175309499900085e-03	3.396979999999999965e-03	2.269377699121832848e-03
2.531260000000000048e+02	4.003479999999999706e+01	3.384093517826999940e-03	3.397999999999999979e-03	3.345499979332089424e-03
2.632830000000000155e+02	4.475249999999999773e+01	3.385802711659499815e-03	3.399969999999999989e-03	2.588337752968072891e-03
2.729270000000000209e+02	4.918399999999999750e+01	3.387403198686900034e-03	3.402089999999999975e-03	3.321080934256315231e-03
1.960889999999999986e+02	1.943100000000000094e+01	3.121592820456299978e-03	3.135690000000000005e-03	-8.210659143514931202e-04
2.041810000000000116e+02	2.417849999999999966e+01	3.122968860090499961e-03	3.137379999999999943e-03	-3.507224610075354576e-04
2.115250000000000057e+02	2.846290000000000120e+01	3.124126923679500147e-03	3.138810000000000124e-03	8.241711184382438660e-04
2.190629999999999882e+02	3.282529999999999859e+01	3.125395518802800195e-03	3.140379999999999908e-03	1.230416586622595787e-03
2.271049999999999898e+02	3.743410000000000082e+01	3.126665144606000177e-03	3.142230000000000197e-03	1.312423846684396267e-03
2.353000000000000114e+02	4.210009999999999764e+01	3.127935802345600206e-03	3.143920000000000135e-03	9.700105292722582817e-04
2.441740000000000066e+02	4.708910000000000196e+01	3.129411688127299845e-03	3.146060000000000002e-03	1.802106737159192562e-03
2.538280000000000030e+02	5.248590000000000089e+01	3.130983309103599864e-03	3.147959999999999994e-03	2.962102880701422691e-03
2.593430000000000177e+02	5.554410000000000025e+01	3.130983309103599864e-03	3.149040000000000086e-03	2.979373326525092125e-03
2.677330000000000041e+02	6.010529999999999973e+01	3.133233471751600049e-03	3.151530000000000043e-03	2.588337752968072891e-03
2.744889999999999759e+02	6.381250000000000000e+01	3.134304614214099803e-03	3.152559999999999998e-03	3.668880090117454529e-03
1.973149999999999977e+02	2.843870000000000076e+01	2.942732379748300067e-03	2.957809999999999953e-03	-2.305711619555950165e-03
2.041690000000000111e+02	3.312689999999999912e+01	2.944052532825499821e-03	2.959079999999999783e-03	-7.823614287190139294e-04
2.126440000000000055e+02	3.885759999999999792e+01	2.945081683548600102e-03	2.960819999999999858e-03	-3.218881902284920216e-04
2.284300000000000068e+02	4.934640000000000271e+01	2.947588029392200163e-03	2.964290000000000067e-03	9.290262241847813129e-04
2.357779999999999916e+02	5.415500000000000114e+01	2.952907224568600102e-03	2.965890000000000106e-03	9.700105292722582817e-04
2.473600000000000136e+02	6.165200000000000102e+01	2.950461642800699964e-03	2.968279999999999790e-03	1.836675917729735374e-03
2.529919999999999902e+02	6.523109999999999786e+01	2.951746814837799982e-03	2.969719999999999912e-03	2.998431911692023277e-03
1.967909999999999968e+02	3.963920000000000243e+01	2.786056327461500053e-03	2.800149999999999948e-03	-3.142086556181311607e-03
2.043660000000000139e+02	4.559190000000000254e+01	2.787214698334300206e-03	2.801769999999999868e-03	-8.117980905808508396e-04
2.112549999999999955e+02	5.094030000000000058e+01	2.788224387108600121e-03	2.803270000000000067e-03	-3.956003638450056314e-04
2.182930000000000064e+02	5.635159999999999769e+01	2.789234807682300192e-03	2.804720000000000130e-03	2.078060642816126347e-04
2.282849999999999966e+02	6.240749999999999886e+01	2.794235295870400176e-03	2.820560000000000168e-03	9.653550805523991585e-04
2.344199999999999875e+02	6.850320000000000675e+01	2.791645306857800171e-03	2.808269999999999864e-03	1.006339094601571560e-03
3.981600000000000250e+02	4.867600000000000371e+00	4.156275976724849858e-02	4.156030000000000141e-02	1.898506470024585724e-02
2.981419999999999959e+02	4.580400000000000027e+00	3.117206982543639995e-02	3.117069999999999910e-02	2.017978578805923462e-02
3.031429999999999723e+02	4.675300000000000011e+00	3.117206982543639995e-02	3.116949999999999929e-02	1.594477891921997070e-02
3.231399999999999864e+02	5.052999999999999936e+00	3.117206982543639995e-02	3.116999999999999979e-02	1.712645962834358215e-02
3.481429999999999723e+02	5.522199999999999775e+00	3.117206982543639995e-02	3.117670000000000163e-02	1.859235391020774841e-02
3.731499999999999773e+02	5.991999999999999993e+00	3.117206982543639995e-02	3.116999999999999979e-02	1.811498776078224182e-02
3.981600000000000250e+02	6.458199999999999719e+00	3.117206982543639995e-02	3.117520000000000013e-02	1.736871525645256042e-02
2.731499999999999773e+02	5.013899999999999579e+00	2.493765586034910053e-02	2.493650000000000033e-02	1.437704171985387802e-02
2.981419999999999959e+02	5.626299999999999635e+00	2.493765586034910053e-02	2.493760000000000074e-02	1.456879172474145889e-02
3.031429999999999723e+02	5.748499999999999943e+00	2.493765586034910053e-02	2.493679999999999855e-02	1.455328427255153656e-02
3.231399999999999864e+02	5.234300000000000175e+00	2.493765586034910053e-02	3.002919999999999895e-02	1.555796340107917786e-02
3.481429999999999723e+02	6.839000000000000412e+00	2.493765586034910053e-02	2.494069999999999968e-02	1.452198997139930725e-02
3.731499999999999773e+02	7.442400000000000126e+00	2.493765586034910053e-02	2.493770000000000014e-02	1.328289695084095001e-02
3.981600000000000250e+02	8.041100000000000136e+00	2.493765586034910053e-02	2.494340000000000099e-02	1.643230207264423370e-02
2.731499999999999773e+02	5.884199999999999875e+00	2.078137988362420072e-02	2.078280000000000058e-02	1.309569459408521652e-02
2.981419999999999959e+02	6.641499999999999737e+00	2.078137988362420072e-02	2.078249999999999889e-02	1.220119372010231018e-02
3.031429999999999723e+02	6.793999999999999595e+00	2.078137988362420072e-02	2.077659999999999924e-02	1.201558299362659454e-02
3.231399999999999864e+02	7.392599999999999838e+00	2.078137988362420072e-02	2.078340000000000048e-02	1.182517409324645996e-02
3.481429999999999723e+02	8.139099999999999113e+00	2.078137988362420072e-02	2.078469999999999970e-02	1.522164791822433472e-02
3.731499999999999773e+02	8.883499999999999730e+00	2.078137988362420072e-02	2.078239999999999948e-02	1.238669827580451965e-02
3.981600000000000250e+02	9.622899999999999565e+00	2.078137988362420072e-02	2.078510000000000080e-02	1.458720397204160690e-02
2.731499999999999773e+02	6.722199999999999953e+00	1.781261132882079948e-02	1.781220000000000026e-02	1.095453463494777679e-02
2.981419999999999959e+02	7.630700000000000038e+00	1.781261132882079948e-02	1.781450000000000047e-02	1.169327180832624435e-02
3.031429999999999723e+02	7.614600000000000257e+00	1.781261132882079948e-02	1.832469999999999932e-02	1.150766108185052872e-02
3.231399999999999864e+02	8.532400000000000873e+00	1.781261132882079948e-02	1.781459999999999988e-02	1.085431035608053207e-02
3.481429999999999723e+02	9.427899999999999281e+00	1.781261132882079948e-02	1.781579999999999969e-02	1.285233534872531891e-02
3.731499999999999773e+02	1.032000000000000028e+01	1.781261132882079948e-02	1.781469999999999929e-02	1.160638686269521713e-02
3.981600000000000250e+02	1.120700000000000074e+01	1.781261132882079948e-02	1.781610000000000138e-02	1.364235673099756241e-02
2.731499999999999773e+02	7.530700000000000394e+00	1.558603491271819998e-02	1.558640000000000025e-02	1.044661272317171097e-02
2.981419999999999959e+02	8.599199999999999733e+00	1.558603491271819998e-02	1.558709999999999957e-02	1.062325853854417801e-02
3.031429999999999723e+02	8.814199999999999591e+00	1.558603491271819998e-02	1.558250000000000086e-02	1.051231194287538528e-02
3.231399999999999864e+02	9.658500000000000085e+00	1.558603491271819998e-02	1.558769999999999947e-02	1.076259184628725052e-02
3.481429999999999723e+02	1.070940000000000047e+01	1.558603491271819998e-02	1.559040000000000079e-02	1.216488424688577652e-02
3.731499999999999773e+02	1.175769999999999982e+01	1.558603491271819998e-02	1.558840000000000052e-02	1.127546839416027069e-02
3.981600000000000250e+02	1.279930000000000057e+01	1.558603491271819998e-02	1.558939999999999979e-02	1.268513500690460205e-02
2.731499999999999773e+02	6.315599999999999881e+00	1.385425325574950010e-02	1.915319999999999870e-02	1.236046478152275085e-02
2.981419999999999959e+02	9.551099999999999923e+00	1.385425325574950010e-02	1.385499999999999926e-02	1.053154002875089645e-02
3.031429999999999723e+02	9.600199999999999179e+00	1.385425325574950010e-02	1.417110000000000071e-02	1.034592930227518082e-02
3.231399999999999864e+02	1.077790000000000070e+01	1.385425325574950010e-02	1.385280000000000018e-02	1.007514260709285736e-02
3.481429999999999723e+02	1.199200000000000088e+01	1.385425325574950010e-02	1.385650000000000076e-02	1.190748810768127441e-02
3.731499999999999773e+02	1.320129999999999981e+01	1.385425325574950010e-02	1.385740000000000062e-02	1.031824667006731033e-02
3.981600000000000250e+02	1.440830000000000055e+01	1.385425325574950010e-02	1.385499999999999926e-02	1.230160146951675415e-02
2.731499999999999773e+02	9.080199999999999605e+00	1.246882793017449996e-02	1.246970000000000023e-02	9.451262652873992920e-03
2.981419999999999959e+02	1.049109999999999943e+01	1.246882793017449996e-02	1.246970000000000023e-02	9.844090789556503296e-03
3.031429999999999723e+02	1.077449999999999974e+01	1.246882793017449996e-02	1.246629999999999960e-02	9.658480063080787659e-03
3.231399999999999864e+02	1.189119999999999955e+01	1.246882793017449996e-02	1.246809999999999932e-02	9.817746467888355255e-03
3.481429999999999723e+02	1.327810000000000024e+01	1.246882793017449996e-02	1.247039999999999954e-02	1.095026638358831406e-02
3.731499999999999773e+02	1.465830000000000055e+01	1.246882793017449996e-02	1.247129999999999940e-02	9.934713132679462433e-03
3.981600000000000250e+02	1.603460000000000107e+01	1.246882793017449996e-02	1.247000000000000018e-02	1.209176890552043915e-02
2.731499999999999773e+02	9.831500000000000128e+00	1.133529811834049945e-02	1.133490000000000018e-02	9.186565876007080078e-03
2.981419999999999959e+02	1.142609999999999992e+01	1.133529811834049945e-02	1.133450000000000082e-02	9.586694650352001190e-03
3.031429999999999723e+02	1.174489999999999945e+01	1.133529811834049945e-02	1.133280000000000051e-02	9.401083923876285553e-03
3.231399999999999864e+02	1.300300000000000011e+01	1.133529811834049945e-02	1.133789999999999971e-02	8.860525675117969513e-03
3.481429999999999723e+02	1.457460000000000022e+01	1.133529811834049945e-02	1.133600000000000059e-02	1.056673284620046616e-02
3.731499999999999773e+02	1.613210000000000122e+01	1.133529811834049945e-02	1.133830000000000081e-02	9.724880568683147430e-03
3.931600000000000250e+02	1.768870000000000076e+01	1.133529811834049945e-02	1.114399999999999939e-02	9.246955625712871552e-03
2.731499999999999773e+02	1.056600000000000072e+01	1.039068994181210036e-02	1.039750000000000049e-02	8.597428910434246063e-03
2.981419999999999959e+02	1.235849999999999937e+01	1.039068994181210036e-02	1.038969999999999998e-02	9.375228546559810638e-03
3.031429999999999723e+02	1.271599999999999930e+01	1.039068994181210036e-02	1.038780000000000085e-02	8.443863131105899811e-03
3.231399999999999864e+02	1.412609999999999921e+01	1.039068994181210036e-02	1.039230000000000015e-02	8.860525675117969513e-03
3.431429999999999723e+02	1.588959999999999972e+01	1.039068994181210036e-02	1.015809999999999977e-02	8.702198043465614319e-03
3.731499999999999773e+02	1.763080000000000069e+01	1.039068994181210036e-02	1.039379999999999991e-02	9.246955625712871552e-03
3.981600000000000250e+02	1.937010000000000076e+01	1.039068994181210036e-02	1.039400000000000046e-02	1.162214111536741257e-02
2.731499999999999773e+02	1.130569999999999986e+01	9.591406100134199780e-03	9.593110000000000179e-03	8.340034633874893188e-03
2.981419999999999959e+02	1.329410000000000025e+01	9.591406100134199780e-03	9.590869999999999604e-03	8.629473857581615448e-03
3.031429999999999723e+02	1.369209999999999994e+01	9.591406100134199780e-03	9.588899999999999160e-03	8.443863131105899811e-03
3.231399999999999864e+02	1.526919999999999966e+01	9.591406100134199780e-03	9.587840000000000251e-03	8.336607366800308228e-03
3.481429999999999723e+02	1.721950000000000003e+01	9.591406100134199780e-03	9.592230000000000201e-03	1.013165805488824844e-02
3.731499999999999773e+02	1.915850000000000009e+01	9.591406100134199780e-03	9.595619999999999150e-03	9.181451052427291870e-03
3.931600000000000250e+02	2.110150000000000148e+01	9.591406100134199780e-03	9.429049999999999584e-03	8.746480569243431091e-03
2.731499999999999773e+02	1.204940000000000033e+01	8.906305664410399739e-03	8.900889999999999844e-03	8.340034633874893188e-03
2.981419999999999959e+02	1.424109999999999943e+01	8.906305664410399739e-03	8.904850000000000612e-03	8.271832950413227081e-03
3.031429999999999723e+02	1.468089999999999939e+01	8.906305664410399739e-03	8.903269999999999587e-03	8.060330525040626526e-03
3.231399999999999864e+02	1.642079999999999984e+01	8.906305664410399739e-03	8.904890000000000375e-03	8.123603649437427521e-03
3.481429999999999723e+02	1.858650000000000091e+01	8.906305664410399739e-03	8.904969999999999899e-03	9.878976270556449890e-03
3.731499999999999773e+02	2.073470000000000013e+01	8.906305664410399739e-03	8.907200000000000534e-03	8.746480569243431091e-03
3.981600000000000250e+02	2.287059999999999960e+01	8.906305664410399739e-03	8.909419999999999493e-03	1.111336983740329742e-02
2.731499999999999773e+02	1.278539999999999921e+01	8.312551953449700756e-03	8.311759999999999635e-03	7.382810115814208984e-03
2.981419999999999959e+02	1.520400000000000063e+01	8.312551953449700756e-03	8.310200000000000226e-03	8.105553686618804932e-03
3.031429999999999723e+02	1.567830000000000013e+01	8.312551953449700756e-03	8.314039999999999972e-03	7.919942960143089294e-03
3.231399999999999864e+02	1.759659999999999869e+01	8.312551953449700756e-03	8.313380000000000422e-03	7.789235096424818039e-03
3.431429999999999723e+02	1.998069999999999879e+01	8.312551953449700756e-03	8.126619999999999330e-03	7.654346991330385208e-03
3.731499999999999773e+02	2.234400000000000119e+01	8.312551953449700756e-03	8.315460000000000212e-03	1.116987783461809158e-02
3.981600000000000250e+02	2.470530000000000115e+01	8.312551953449700756e-03	8.314280000000000281e-03	1.560181565582752228e-02
2.731499999999999773e+02	1.354100000000000037e+01	7.793017456359099988e-03	7.790290000000000062e-03	8.514839224517345428e-03
2.981419999999999959e+02	1.618730000000000047e+01	7.793017456359099988e-03	7.790749999999999932e-03	9.738005697727203369e-03
3.031429999999999723e+02	1.671349999999999980e+01	7.793017456359099988e-03	7.791329999999999957e-03	1.050938852131366730e-02
3.231399999999999864e+02	1.881419999999999959e+01	7.793017456359099988e-03	7.791840000000000398e-03	9.751120582222938538e-03
3.481429999999999723e+02	2.142180000000000106e+01	7.793017456359099988e-03	7.793790000000000093e-03	1.226253714412450790e-02
3.731499999999999773e+02	2.400779999999999959e+01	7.793017456359099988e-03	7.797270000000000242e-03	1.096338685601949692e-02
3.981600000000000250e+02	2.660229999999999961e+01	7.793017456359099988e-03	7.794409999999999880e-03	1.560181565582752228e-02
2.731600000000000250e+02	1.430899999999999928e+01	7.793017456359099988e-03	7.333819999999999575e-03	7.638505659997463226e-03
2.931419999999999959e+02	1.719790000000000063e+01	7.334604664808499694e-03	7.089960000000000186e-03	6.965157575905323029e-03
3.031429999999999723e+02	1.777359999999999829e+01	7.334604664808499694e-03	7.333039999999999871e-03	1.044621877372264862e-02
3.231399999999999864e+02	2.006729999999999947e+01	7.334604664808499694e-03	7.333570000000000193e-03	9.666116908192634583e-03
3.481429999999999723e+02	2.291929999999999978e+01	1.781261132882079948e-02	7.334199999999999921e-03	1.217736583203077316e-02
3.731499999999999773e+02	2.574269999999999925e+01	7.334604664808499694e-03	7.337810000000000166e-03	1.096338685601949692e-02
3.981600000000000250e+02	2.857580000000000098e+01	7.334604664808499694e-03	7.335290000000000386e-03	1.565469615161418915e-02
2.731499999999999773e+02	1.510950000000000060e+01	6.927126627874699745e-03	6.922580000000000226e-03	7.631112355738878250e-03
2.981419999999999959e+02	1.824699999999999989e+01	6.927126627874699745e-03	6.925159999999999649e-03	9.294345974922180176e-03
3.031429999999999723e+02	1.887330000000000041e+01	6.927126627874699745e-03	6.925309999999999626e-03	1.006572879850864410e-02
3.231399999999999864e+02	2.137590000000000146e+01	6.927126627874699745e-03	6.924149999999999576e-03	9.542262181639671326e-03
3.481429999999999723e+02	2.447660000000000124e+01	6.927126627874699745e-03	6.926060000000000376e-03	1.205604616552591324e-02
3.731499999999999773e+02	2.754339999999999833e+01	6.927126627874699745e-03	6.930959999999999899e-03	1.096338685601949692e-02
3.981600000000000250e+02	3.062089999999999890e+01	6.927126627874699745e-03	6.929699999999999575e-03	1.565469615161418915e-02
2.731499999999999773e+02	1.593069999999999986e+01	6.562541015881299608e-03	6.559989999999999918e-03	7.631112355738878250e-03
2.981419999999999959e+02	1.934230000000000160e+01	6.562541015881299608e-03	6.559699999999999906e-03	9.294345974922180176e-03
3.031429999999999723e+02	2.001160000000000139e+01	6.562541015881299608e-03	6.562969999999999568e-03	9.980725124478340149e-03
3.231399999999999864e+02	2.273659999999999926e+01	6.562541015881299608e-03	6.559470000000000404e-03	9.457090869545936584e-03
3.481429999999999723e+02	2.610239999999999938e+01	6.562541015881299608e-03	6.561380000000000337e-03	1.205604616552591324e-02
3.731499999999999773e+02	2.944780000000000086e+01	6.562541015881299608e-03	6.563079999999999782e-03	1.101626548916101456e-02
3.981600000000000250e+02	3.278649999999999665e+01	6.562541015881299608e-03	6.562560000000000268e-03	1.545846275985240936e-02
2.731499999999999773e+02	1.679789999999999850e+01	6.234413965087199673e-03	6.230849999999999583e-03	7.484401576220989227e-03
2.981419999999999959e+02	2.048250000000000171e+01	6.234413965087199673e-03	6.233110000000000039e-03	9.209342300891876221e-03
3.031429999999999723e+02	2.121000000000000085e+01	6.234413965087199673e-03	6.235369999999999628e-03	9.856870397925376892e-03
3.231399999999999864e+02	2.415340000000000131e+01	6.234413965087199673e-03	6.233640000000000361e-03	9.335771203041076660e-03
3.481429999999999723e+02	2.780480000000000018e+01	6.234413965087199673e-03	6.233950000000000255e-03	1.205604616552591324e-02
3.731499999999999773e+02	3.142500000000000071e+01	6.234413965087199673e-03	6.235830000000000366e-03	1.091710198670625687e-02
3.981600000000000250e+02	3.504939999999999856e+01	6.234413965087199673e-03	6.233960000000000196e-03	1.522153615951538086e-02
2.731499999999999773e+02	1.770019999999999882e+01	5.937537109606899621e-03	5.936989999999999629e-03	7.421230897307395935e-03
2.981419999999999959e+02	2.169379999999999953e+01	5.937537109606899621e-03	5.935430000000000220e-03	9.085486643016338348e-03
3.031429999999999723e+02	2.248049999999999926e+01	5.937537109606899621e-03	5.937440000000000426e-03	9.856870397925376892e-03
3.231399999999999864e+02	2.565719999999999956e+01	5.937537109606899621e-03	5.936720000000000365e-03	9.335771203041076660e-03
3.481429999999999723e+02	2.960140000000000171e+01	5.937537109606899621e-03	5.937289999999999582e-03	1.210892479866743088e-02
3.731499999999999773e+02	3.351010000000000133e+01	5.937537109606899621e-03	5.939410000000000002e-03	1.082003582268953323e-02
3.981600000000000250e+02	3.743010000000000304e+01	5.937537109606899621e-03	5.937089999999999902e-03	1.522153615951538086e-02
2.731499999999999773e+02	1.867800000000000082e+01	5.667649059170200287e-03	5.664480000000000383e-03	7.040739990770816803e-03
2.981419999999999959e+02	2.296880000000000166e+01	5.667649059170200287e-03	5.666820000000000364e-03	9.000315330922603607e-03
3.031429999999999723e+02	2.382920000000000016e+01	5.667649059170200287e-03	5.666420000000000137e-03	9.650379419326782227e-03
3.231399999999999864e+02	2.725390000000000157e+01	5.667649059170200287e-03	5.666219999999999590e-03	9.335771203041076660e-03
3.481429999999999723e+02	3.150309999999999988e+01	5.667649059170200287e-03	5.667509999999999735e-03	1.200976129621267319e-02
3.731499999999999773e+02	3.572970000000000113e+01	5.667649059170200287e-03	5.668180000000000093e-03	1.058311015367507935e-02
3.981600000000000250e+02	3.995230000000000103e+01	5.667649059170200287e-03	5.666560000000000173e-03	1.534688100218772888e-02
2.731499999999999773e+02	1.970510000000000161e+01	5.421229534858500003e-03	5.420119999999999626e-03	6.955736316740512848e-03
2.981419999999999959e+02	2.434509999999999863e+01	5.421229534858500003e-03	5.418580000000000098e-03	8.878995664417743683e-03
3.031429999999999723e+02	2.525069999999999837e+01	5.421229534858500003e-03	5.421640000000000140e-03	9.650379419326782227e-03
3.231399999999999864e+02	2.895420000000000016e+01	5.421229534858500003e-03	5.419140000000000242e-03	9.388649836182594299e-03
3.481429999999999723e+02	3.351039999999999708e+01	5.421229534858500003e-03	5.422620000000000391e-03	1.191269513219594955e-02
3.731499999999999773e+02	3.808659999999999712e+01	5.421229534858500003e-03	5.420490000000000030e-03	1.070845499634742737e-02
2.731499999999999773e+02	2.082110000000000127e+01	5.195344970905999872e-03	5.193820000000000034e-03	6.831880658864974976e-03
2.981419999999999959e+02	2.579500000000000171e+01	5.195344970905999872e-03	5.194820000000000167e-03	8.878995664417743683e-03
3.031429999999999723e+02	2.678829999999999956e+01	5.195344970905999872e-03	5.194909999999999632e-03	9.650379419326782227e-03
3.231399999999999864e+02	3.075550000000000139e+01	5.195344970905999872e-03	5.194500000000000332e-03	9.388649836182594299e-03
3.431429999999999723e+02	3.566510000000000247e+01	5.195344970905999872e-03	5.100999999999999632e-03	9.179092012345790863e-03
3.731499999999999773e+02	4.059320000000000306e+01	5.195344970905999872e-03	5.193739999999999642e-03	9.824872948229312897e-03
2.731499999999999773e+02	2.202749999999999986e+01	4.987531172069800157e-03	4.985869999999999885e-03	6.831880658864974976e-03
2.931419999999999959e+02	2.737879999999999825e+01	4.987531172069800157e-03	4.856290000000000086e-03	6.169316358864307404e-03
3.031429999999999723e+02	2.842520000000000024e+01	4.987531172069800157e-03	4.988379999999999724e-03	9.650379419326782227e-03
3.231399999999999864e+02	3.269740000000000180e+01	4.987531172069800157e-03	4.986670000000000338e-03	9.192422032356262207e-03
3.481429999999999723e+02	3.799929999999999808e+01	4.987531172069800157e-03	4.985950000000000278e-03	1.180111430585384369e-02
2.030840000000000032e+02	5.066200000000000259e+00	1.233731218231109983e-02	1.211959999999999947e-02	1.452870666980743408e-02
2.232489999999999952e+02	5.066200000000000259e+00	1.692065128263610038e-02	1.685319999999999874e-02	1.660023443400859833e-02
2.731499999999999773e+02	5.066200000000000259e+00	2.462735123479069949e-02	2.464620000000000005e-02	2.008124440908432007e-02
3.731499999999999773e+02	5.066200000000000259e+00	3.743718227999320164e-02	3.703279999999999766e-02	2.441924810409545898e-02
4.231700000000000159e+02	5.066200000000000259e+00	4.271024159133569864e-02	4.273099999999999815e-02	2.210753038525581360e-02
4.731929999999999836e+02	5.066200000000000259e+00	4.825771317506989677e-02	4.827959999999999890e-02	2.269279770553112030e-02
2.030840000000000032e+02	6.079500000000000348e+00	7.820585018549399553e-03	7.433740000000000313e-03	7.721356116235256195e-03
2.232489999999999952e+02	6.079500000000000348e+00	1.289727541961410012e-02	1.286789999999999982e-02	1.055951882153749466e-02
2.481750000000000114e+02	6.079500000000000348e+00	1.682839086859199904e-02	1.680109999999999937e-02	1.187465246766805649e-02
2.731499999999999773e+02	6.079500000000000348e+00	2.000710492310020169e-02	2.001599999999999907e-02	1.459417771548032761e-02
2.981419999999999959e+02	6.079500000000000348e+00	2.293413024237520026e-02	2.290870000000000059e-02	1.613618619740009308e-02
3.231399999999999864e+02	6.079500000000000348e+00	2.560334277243229983e-02	2.561640000000000097e-02	1.621185988187789917e-02
4.231700000000000159e+02	6.079500000000000348e+00	3.556019829504489943e-02	3.554829999999999796e-02	2.134795859456062317e-02
4.731929999999999836e+02	6.079500000000000348e+00	4.020905491833130091e-02	4.023850000000000343e-02	2.134795859456062317e-02
2.030840000000000032e+02	6.586100000000000065e+00	6.245280753598500198e-03	5.799079999999999860e-03	8.737414143979549408e-03
2.030840000000000032e+02	7.092699999999999783e+00	5.243585961754199977e-03	5.008740000000000241e-03	6.072007585316896439e-03
2.232489999999999952e+02	7.092699999999999783e+00	1.007826376509420030e-02	1.000589999999999986e-02	8.910167962312698364e-03
2.030840000000000032e+02	8.105999999999999872e+00	4.453948180094500185e-03	4.370119999999999907e-03	6.118969060480594635e-03
2.232489999999999952e+02	8.105999999999999872e+00	8.022666278583499497e-03	7.933249999999999330e-03	8.957128971815109253e-03
2.481750000000000114e+02	8.105999999999999872e+00	1.158963799209420005e-02	1.154829999999999919e-02	1.027226168662309647e-02
2.731499999999999773e+02	8.105999999999999872e+00	1.428731773097269980e-02	1.428229999999999951e-02	1.299178972840309143e-02
2.981419999999999959e+02	8.105999999999999872e+00	1.667446030941520038e-02	1.665250000000000064e-02	1.453379821032285690e-02
3.231399999999999864e+02	8.105999999999999872e+00	1.882996757705539953e-02	1.882500000000000145e-02	1.460947189480066299e-02
2.232489999999999952e+02	9.119199999999999307e+00	6.607751950277900022e-03	6.517740000000000165e-03	7.606165017932653427e-03
2.030840000000000032e+02	1.013250000000000028e+01	3.914466342525800384e-03	3.889409999999999829e-03	3.744264598935842514e-03
2.232489999999999952e+02	1.013250000000000028e+01	5.698837241162799799e-03	5.626090000000000257e-03	6.582430563867092133e-03
4.231700000000000159e+02	3.039750000000000085e+01	7.543606951524299900e-03	7.531109999999999714e-03	1.245585829019546509e-02
4.731929999999999836e+02	3.039750000000000085e+01	8.614757651877500561e-03	8.617889999999999578e-03	1.245585829019546509e-02
2.030840000000000032e+02	4.053000000000000114e+01	2.852560666691299901e-03	2.846759999999999829e-03	-1.441671396605670452e-03
2.232489999999999952e+02	4.053000000000000114e+01	3.049463158477999907e-03	3.043709999999999818e-03	1.396493520587682724e-03
2.481750000000000114e+02	4.053000000000000114e+01	3.332111514683099972e-03	3.324290000000000144e-03	2.711626701056957245e-03
2.731499999999999773e+02	4.053000000000000114e+01	3.648202917132200174e-03	3.646389999999999788e-03	5.431151017546653748e-03
2.961419999999999959e+02	4.053000000000000114e+01	4.007516947628800112e-03	3.974669999999999592e-03	4.529716912657022476e-03
3.231399999999999864e+02	4.053000000000000114e+01	4.394021852419699621e-03	4.389030000000000362e-03	7.048831786960363388e-03
3.731499999999999773e+02	4.053000000000000114e+01	5.202889160188299729e-03	5.199050000000000199e-03	9.308867156505584717e-03
4.231700000000000159e+02	4.053000000000000114e+01	6.018064544705099654e-03	6.019299999999999998e-03	1.218492072075605392e-02
4.731929999999999836e+02	4.053000000000000114e+01	6.825950867242499935e-03	6.825959999999999840e-03	1.218492072075605392e-02
2.030840000000000032e+02	5.066250000000000142e+01	2.750994583577700148e-03	2.742880000000000058e-03	-1.043288619257509708e-03
2.232489999999999952e+02	5.066250000000000142e+01	2.908805604975099948e-03	2.903530000000000087e-03	1.794876414351165295e-03
2.481750000000000114e+02	5.066250000000000142e+01	3.128500870686800207e-03	3.124860000000000138e-03	3.110009711235761642e-03
2.731499999999999773e+02	5.066250000000000142e+01	3.369680277321900150e-03	3.371470000000000109e-03	5.829534959048032761e-03
2.981419999999999959e+02	5.066250000000000142e+01	3.642341579813199951e-03	3.640659999999999990e-03	7.371537387371063232e-03
3.231399999999999864e+02	5.066250000000000142e+01	3.983116620189799777e-03	3.928179999999999866e-03	7.447215728461742401e-03
3.731499999999999773e+02	5.066250000000000142e+01	4.538145820354899836e-03	4.538770000000000131e-03	9.707249701023101807e-03
4.231700000000000159e+02	5.066250000000000142e+01	5.169668948461999571e-03	5.169660000000000401e-03	1.258330326527357101e-02
4.731929999999999836e+02	5.066250000000000142e+01	5.800048344562900270e-03	5.801100000000000007e-03	1.258330326527357101e-02
2.030840000000000032e+02	6.079500000000000171e+01	2.668887294768399789e-03	2.662480000000000055e-03	-1.043288619257509708e-03
2.232489999999999952e+02	6.079500000000000171e+01	2.804580404818499996e-03	2.799670000000000197e-03	1.794876414351165295e-03
2.481750000000000114e+02	6.079500000000000171e+01	2.988363682377899802e-03	2.984600000000000013e-03	3.110009711235761642e-03
2.731499999999999773e+02	6.079500000000000171e+01	3.185146149921400192e-03	3.186480000000000215e-03	5.829534959048032761e-03
2.981419999999999959e+02	6.079500000000000171e+01	3.405871632779900078e-03	3.403649999999999818e-03	7.371537387371063232e-03
3.231399999999999864e+02	6.079500000000000171e+01	3.636817246660200165e-03	3.633739999999999887e-03	7.447215728461742401e-03
3.731499999999999773e+02	6.079500000000000171e+01	4.119148716295300411e-03	4.121689999999999902e-03	9.707249701023101807e-03
4.231700000000000159e+02	6.079500000000000171e+01	4.631705062359100372e-03	4.629860000000000399e-03	1.258330326527357101e-02
4.731929999999999836e+02	6.079500000000000171e+01	5.141911936037400245e-03	5.143939999999999624e-03	1.258330326527357101e-02
2.030840000000000032e+02	7.092749999999999488e+01	2.602074327857599803e-03	2.597110000000000130e-03	-1.092972117476165295e-03
2.232489999999999952e+02	7.092749999999999488e+01	2.720562563585599784e-03	2.717729999999999799e-03	1.745192916132509708e-03
2.481750000000000114e+02	7.092749999999999488e+01	2.880887759621799868e-03	2.877820000000000118e-03	3.060325980186462402e-03
2.030840000000000032e+02	8.106000000000000227e+01	2.549528881736199803e-03	2.542169999999999846e-03	-1.092972117476165295e-03
2.232489999999999952e+02	8.106000000000000227e+01	2.656695401625800042e-03	2.650350000000000102e-03	1.745192916132509708e-03
2.481750000000000114e+02	8.106000000000000227e+01	2.796090023764399943e-03	2.792300000000000164e-03	3.060325980186462402e-03
2.731499999999999773e+02	8.106000000000000227e+01	2.943857909540300091e-03	2.943279999999999941e-03	5.779851227998733521e-03
2.981419999999999959e+02	8.106000000000000227e+01	3.101914543842399820e-03	3.102399999999999949e-03	7.321853656321763992e-03
3.231399999999999864e+02	8.106000000000000227e+01	3.272675428788199888e-03	3.268609999999999918e-03	7.397531997412443161e-03
3.731499999999999773e+02	8.106000000000000227e+01	3.614739763606399960e-03	3.617679999999999854e-03	9.657566435635089874e-03
4.231700000000000159e+02	8.106000000000000227e+01	3.977881261740000285e-03	3.981430000000000212e-03	1.253361999988555908e-02
4.731929999999999836e+02	8.106000000000000227e+01	4.347478061886600118e-03	4.352469999999999777e-03	1.253361999988555908e-02
2.030840000000000032e+02	9.119249999999999545e+01	2.502142759995299934e-03	2.494849999999999846e-03	-1.092972117476165295e-03
2.232489999999999952e+02	9.119249999999999545e+01	2.601585703949299902e-03	2.593330000000000028e-03	1.745192916132509708e-03
2.481750000000000114e+02	9.119249999999999545e+01	2.727203277801599959e-03	2.721379999999999806e-03	3.060325980186462402e-03
2.030840000000000032e+02	1.013250000000000028e+02	2.461315601149299988e-03	2.453359999999999916e-03	-1.092972117476165295e-03
2.232489999999999952e+02	1.013250000000000028e+02	2.549278678538699928e-03	2.544010000000000195e-03	1.745192916132509708e-03
2.461750000000000114e+02	1.013250000000000028e+02	2.664006240850099860e-03	2.651440000000000134e-03	3.060325980186462402e-03
2.731499999999999773e+02	1.013250000000000028e+02	2.788074757429100103e-03	2.783509999999999891e-03	5.779851227998733521e-03
2.981419999999999959e+02	1.013250000000000028e+02	2.912433764557500072e-03	2.910890000000000179e-03	7.321853656321763992e-03
3.231399999999999864e+02	1.013250000000000028e+02	3.045277527347599929e-03	3.042570000000000083e-03	7.397531997412443161e-03
3.731499999999999773e+02	1.013250000000000028e+02	3.347390274789500183e-03	3.316400000000000164e-03	9.657566435635089874e-03
4.231700000000000159e+02	1.013250000000000028e+02	3.596203278180899830e-03	3.600159999999999819e-03	1.253361999988555908e-02
4.731929999999999836e+02	1.013250000000000028e+02	3.883934490267300192e-03	3.889720000000000157e-03	1.253361999988555908e-02
1.928700000000000045e+02	3.339999999999999858e+01	2.826065694677899840e-03	2.836850000000000135e-03	-1.567876432090997696e-03
1.928700000000000045e+02	5.289999999999999858e+01	2.645635655185100098e-03	2.650700000000000191e-03	-4.130566027015447617e-03
1.928700000000000045e+02	7.140000000000000568e+01	2.529923249111199878e-03	2.536570000000000144e-03	-4.201439674943685532e-03
1.928700000000000045e+02	9.790000000000000568e+01	2.416458253586099836e-03	2.421159999999999892e-03	-4.661487415432929993e-03
2.120000000000000000e+02	4.010000000000000142e+01	2.935167871173400157e-03	2.936590000000000207e-03	-1.514642353868111968e-04
2.120000000000000000e+02	5.860000000000000142e+01	2.737525836631899811e-03	2.739530000000000003e-03	-2.532981452532112598e-04
2.120000000000000000e+02	7.459999999999999432e+01	2.625934101217300073e-03	2.626449999999999792e-03	-3.241705708205699921e-04
2.120000000000000000e+02	9.503000000000000114e+01	2.519331764783899925e-03	2.520160000000000022e-03	-7.842184859327971935e-04
2.250699999999999932e+02	4.279999999999999716e+01	2.995859685963600180e-03	3.025980000000000163e-03	1.144741196185350418e-03
2.250699999999999932e+02	6.250000000000000000e+01	2.801744554436799966e-03	2.797220000000000002e-03	8.164218743331730366e-04
2.250699999999999932e+02	8.229999999999999716e+01	2.655235784565899808e-03	2.652820000000000178e-03	9.808009053813293576e-05
2.250699999999999932e+02	1.087000000000000028e+02	2.521818292723099989e-03	2.519829999999999813e-03	-5.432477337308228016e-04
2.375699999999999932e+02	3.019999999999999929e+01	3.474430560635300043e-03	3.479219999999999882e-03	2.905001863837242126e-03
2.375699999999999932e+02	6.060000000000000142e+01	2.904617991728899919e-03	2.905920000000000204e-03	1.670309109613299370e-03
2.375699999999999932e+02	9.420000000000000284e+01	2.644019951859099844e-03	2.648740000000000122e-03	1.139389351010322571e-03
2.494300000000000068e+02	4.110000000000000142e+01	3.314837600271799880e-03	3.325670000000000189e-03	2.497112145647406578e-03
2.494300000000000068e+02	5.810000000000000142e+01	3.026179503090599930e-03	3.028149999999999852e-03	2.395277144387364388e-03
2.494300000000000068e+02	7.440000000000000568e+01	2.852247455193399929e-03	2.854530000000000088e-03	2.324404427781701088e-03
2.494300000000000068e+02	9.420000000000000284e+01	2.707601089694599856e-03	2.708930000000000018e-03	1.864356920123100281e-03
2.615500000000000114e+02	4.070000000000000284e+01	3.480054907471099787e-03	3.486949999999999945e-03	2.609228016808629036e-03
2.615500000000000114e+02	5.329999999999999716e+01	3.202620881451899958e-03	3.206130000000000178e-03	2.507393946871161461e-03
2.615500000000000114e+02	6.800000000000000000e+01	3.004363104344399786e-03	3.000769999999999826e-03	2.280908636748790741e-03
2.615500000000000114e+02	8.259999999999999432e+01	2.864711326248099970e-03	2.859099999999999836e-03	1.562566496431827545e-03
2.615500000000000114e+02	1.000999999999999943e+02	2.739402312601199856e-03	2.733530000000000074e-03	1.976473024114966393e-03
2.787099999999999795e+02	3.479999999999999716e+01	3.951984713596599745e-03	3.972919999999999577e-03	4.119362682104110718e-03
2.787099999999999795e+02	5.000000000000000000e+01	3.430176264958399897e-03	3.445020000000000027e-03	3.267176216468214989e-03
2.787099999999999795e+02	6.239999999999999858e+01	3.194514226832899980e-03	3.208009999999999855e-03	2.947264350950717926e-03
2.787099999999999795e+02	7.740000000000000568e+01	3.008727319055100151e-03	3.015550000000000088e-03	3.102876944467425346e-03
2.787099999999999795e+02	9.590000000000000568e+01	2.817584994254599805e-03	2.850469999999999914e-03	2.642828738316893578e-03
2.934100000000000250e+02	4.650000000000000000e+01	3.711778168457999932e-03	3.710610000000000037e-03	3.671363228932023048e-03
2.934100000000000250e+02	6.400000000000000000e+01	3.307978078320299945e-03	3.304420000000000187e-03	3.351450432091951370e-03
2.934100000000000250e+02	9.470000000000000284e+01	2.939527257465999847e-03	2.939670000000000130e-03	3.047014586627483368e-03
3.032900000000000205e+02	3.689999999999999858e+01	4.383425063516199933e-03	4.278820000000000019e-03	6.776269059628248215e-03
3.032900000000000205e+02	5.160000000000000142e+01	3.740035013310100045e-03	3.671310000000000111e-03	6.262347567826509476e-03
3.092900000000000205e+02	6.670000000000000284e+01	3.204201040801300110e-03	3.389230000000000020e-03	6.035862490534782410e-03
3.092900000000000205e+02	8.470000000000000284e+01	3.128422376764299941e-03	3.132250000000000052e-03	5.317519418895244598e-03
3.032900000000000205e+02	1.057999999999999972e+02	2.930793840329399928e-03	2.902669999999999990e-03	4.676192067563533783e-03
2.403000000000000114e+02	4.621900000000000119e+00	2.100897713593009863e-02	2.219909999999999939e-02	1.888019219040870667e-02
2.500000000000000000e+02	5.120300000000000296e+00	2.104088412111800033e-02	2.105339999999999989e-02	2.355953119695186615e-02
2.600000000000000000e+02	5.416000000000000369e+00	2.107288816997560099e-02	2.108470000000000136e-02	1.287996303290128708e-02
2.700000000000000000e+02	5.708899999999999864e+00	2.110498972609090029e-02	2.111680000000000154e-02	1.303073391318321228e-02
2.800000000000000000e+02	5.999600000000000044e+00	2.113718923575949940e-02	2.114809999999999954e-02	1.406476739794015884e-02
2.900000000000000000e+02	6.287200000000000344e+00	2.116948714800430051e-02	2.118300000000000044e-02	1.192336995154619217e-02
3.000000000000000000e+02	6.574799999999999756e+00	2.120404722497539959e-02	2.121030000000000137e-02	1.410583127290010452e-02
2.080000000000000000e+02	4.634900000000000020e+00	1.573194873725619961e-02	1.574709999999999999e-02	1.639432646334171295e-02
2.120000000000000000e+02	4.812400000000000233e+00	1.574187951996579987e-02	1.575649999999999967e-02	1.004352606832981110e-02
2.160000000000000000e+02	4.988500000000000156e+00	1.575182284819540146e-02	1.576630000000000045e-02	1.258438453078269958e-02
2.200000000000000000e+02	5.163199999999999790e+00	1.576177874573310086e-02	1.577680000000000055e-02	2.160781249403953552e-02
2.250000000000000000e+02	5.379999999999999893e+00	1.577454067376969984e-02	1.578979999999999967e-02	1.110368780791759491e-02
2.300000000000000000e+02	5.594899999999999984e+00	1.578732328459679993e-02	1.580379999999999979e-02	1.234542299062013626e-02
2.400000000000000000e+02	6.020400000000000418e+00	1.581254968698420083e-02	1.583120000000000013e-02	1.256132684648036957e-02
2.500000000000000000e+02	6.440699999999999648e+00	1.583825919032410059e-02	1.585819999999999938e-02	1.179391145706176758e-02
2.600000000000000000e+02	6.856799999999999784e+00	1.586364876612540026e-02	1.588399999999999881e-02	1.038724556565284729e-02
2.700000000000000000e+02	7.268200000000000216e+00	1.588992982053590020e-02	1.591129999999999975e-02	1.052401866763830185e-02
2.800000000000000000e+02	7.675600000000000200e+00	1.591629809825699862e-02	1.593899999999999831e-02	1.154433470219373703e-02
2.900000000000000000e+02	8.080500000000000682e+00	1.594316173559549854e-02	1.596440000000000012e-02	1.217770110815763474e-02
3.000000000000000000e+02	8.481899999999999551e+00	1.597093443254240033e-02	1.599050000000000124e-02	1.181780640035867691e-02
2.000000000000000000e+02	4.764100000000000001e+00	1.267105801611169945e-02	1.273029999999999995e-02	8.020142093300819397e-03
2.043000000000000114e+02	5.003599999999999604e+00	1.267956225485009948e-02	1.281110000000000061e-02	1.300529949367046356e-02
2.080000000000000000e+02	5.240899999999999892e+00	1.268833614549150050e-02	1.271480000000000006e-02	1.078863535076379776e-02
2.120000000000000000e+02	5.474400000000000155e+00	1.269686360043839959e-02	1.271770000000000019e-02	1.011927146464586258e-02
2.160000000000000000e+02	5.705199999999999605e+00	1.270540252519359974e-02	1.272460000000000084e-02	1.042811479419469833e-02
2.200000000000000000e+02	5.932999999999999829e+00	1.271421222613900066e-02	1.273619999999999960e-02	1.112186908721923828e-02
2.250000000000000000e+02	6.217800000000000438e+00	1.272485195143739992e-02	1.274319999999999967e-02	9.321163408458232880e-03
2.303000000000000114e+02	6.499500000000000277e+00	1.273576966229619974e-02	1.280270000000000019e-02	1.062364690005779266e-02
2.400000000000000000e+02	7.056300000000000239e+00	1.275766138390609962e-02	1.277559999999999980e-02	9.258320555090904236e-03
2.500000000000000000e+02	7.605999999999999872e+00	1.277962849517720080e-02	1.279800000000000035e-02	1.076586171984672546e-02
2.600000000000000000e+02	8.149100000000000676e+00	1.280193425960960037e-02	1.282110000000000020e-02	1.110716070979833603e-02
2.700000000000000000e+02	8.686700000000000088e+00	1.282431802585110026e-02	1.284380000000000070e-02	9.589291177690029144e-03
2.600000000000000000e+02	9.218999999999999417e+00	1.284730967314540000e-02	1.097279999999999957e-02	9.083911776542663574e-03
2.900000000000000000e+02	9.746900000000000119e+00	1.287038390810749978e-02	1.288899999999999942e-02	1.040629670023918152e-02
3.000000000000000000e+02	1.026989999999999981e+01	1.289354117652940016e-02	1.291199999999999987e-02	1.116080023348331451e-02
1.960000000000000000e+02	4.849300000000000388e+00	1.048946574423700005e-02	1.053229999999999965e-02	1.074731908738613129e-02
2.000000000000000000e+02	5.156500000000000306e+00	1.049706015134570063e-02	1.052759999999999981e-02	1.888756640255451202e-02
2.040000000000000000e+02	5.458000000000000185e+00	1.050448856796500074e-02	1.053229999999999965e-02	9.187020361423492432e-03
2.080000000000000000e+02	5.757699999999999818e+00	1.051210475169419949e-02	1.053100000000000043e-02	1.120052486658096313e-02
2.120000000000000000e+02	6.353799999999999670e+00	1.051973198752569928e-02	9.543249999999999650e-03	9.883811697363853455e-03
2.160000000000000000e+02	6.347100000000000186e+00	1.052719253839329988e-02	1.054019999999999957e-02	1.056510955095291138e-02
2.200000000000000000e+02	6.637599999999999945e+00	1.053484169230169999e-02	1.054820000000000063e-02	1.069043111056089401e-02
2.300000000000000000e+02	7.356499999999999595e+00	1.055392396581670070e-02	1.056630000000000069e-02	1.043319050222635269e-02
2.400000000000000000e+02	8.064099999999999824e+00	1.094428853697399992e-02	1.058740000000000028e-02	1.115714572370052338e-02
2.530000000000000000e+02	8.763099999999999667e+00	1.059247662145069990e-02	1.094599999999999913e-02	1.001511048525571823e-02
2.600000000000000000e+02	9.454200000000000159e+00	1.061194908013289931e-02	1.062830000000000025e-02	9.974737651646137238e-03
2.700000000000000000e+02	1.013840000000000074e+01	1.063167456529199965e-02	1.064820000000000003e-02	8.864796720445156097e-03
2.600000000000000000e+02	1.081559999999999988e+01	1.065147351845559948e-02	8.971919999999999548e-03	8.663472719490528107e-03
2.900000000000000000e+02	1.146729999999999983e+01	1.067134635083919966e-02	1.070920000000000032e-02	9.883875958621501923e-03
3.000000000000000000e+02	1.215339999999999954e+01	1.069147682310199986e-02	1.070740000000000060e-02	1.099942345172166824e-02
1.920000000000000000e+02	4.684499999999999886e+00	8.929522422709399235e-03	8.930030000000000259e-03	8.814363740384578705e-03
1.960000000000000000e+02	5.066099999999999604e+00	8.936306120672600148e-03	8.954880000000000131e-03	1.488024275749921799e-02
2.000000000000000000e+02	5.440599999999999881e+00	8.943100133531200688e-03	8.963060000000000124e-03	9.815661236643791199e-03
2.040000000000000000e+02	5.810999999999999943e+00	8.949904484829299817e-03	8.964120000000000768e-03	1.036687288433313370e-02
2.080000000000000000e+02	6.177399999999999558e+00	8.956590522630300533e-03	8.966800000000000465e-03	8.741846308112144470e-03
2.120000000000000000e+02	6.541000000000000369e+00	8.963286557526100803e-03	8.969539999999999805e-03	1.133317034691572189e-02
2.160000000000000000e+02	6.901299999999999990e+00	8.970121672883199851e-03	8.975089999999999804e-03	1.147520821541547775e-02
2.230000000000000000e+02	7.259100000000000108e+00	8.976837962688600375e-03	9.569529999999999703e-03	9.738799184560775757e-03
2.250000000000000000e+02	7.703199999999999825e+00	8.985376981850600603e-03	8.990190000000000334e-03	9.867348708212375641e-03
2.300000000000000000e+02	8.143700000000000827e+00	8.994062012330699546e-03	9.000160000000000105e-03	9.870344772934913635e-03
2.400000000000000000e+02	9.315799999999999415e+00	9.011091788927300811e-03	8.607619999999999855e-03	9.171786718070507050e-03
2.500000000000000000e+02	9.878899999999999793e+00	9.028447663515300203e-03	9.039629999999999888e-03	9.910983033478260040e-03
2.600000000000000000e+02	1.073220000000000063e+01	9.045870523922300635e-03	9.058959999999999582e-03	8.663472719490528107e-03
2.700000000000000000e+02	1.157910000000000039e+01	9.337707763063899172e-03	9.076010000000000674e-03	8.592050522565841675e-03
2.800000000000000000e+02	1.241740000000000066e+01	9.081051032128599834e-03	9.093709999999999641e-03	8.852512575685977936e-03
2.900000000000000000e+02	1.324890000000000079e+01	9.372098983910700024e-03	9.110810000000000436e-03	8.415981195867061615e-03
3.000000000000000000e+02	1.407370000000000054e+01	9.118773077106899147e-03	9.127619999999999484e-03	9.617105126380920410e-03
1.920000000000000000e+02	4.752799999999999692e+00	7.814507351575900387e-03	7.817299999999999249e-03	6.891998928040266037e-03
1.960000000000000000e+02	5.201100000000000279e+00	7.819800272291699619e-03	7.840569999999999831e-03	1.073021441698074341e-02
2.300000000000000000e+02	5.641600000000000392e+00	7.825886178307900343e-03	1.562260000000000038e-02	1.376946642994880676e-02
2.040000000000000000e+02	6.078100000000000058e+00	7.832079955135299448e-03	7.855130000000000098e-03	1.135272812098264694e-02
2.080000000000000000e+02	6.511999999999999567e+00	7.838184997406599797e-03	7.855910000000000670e-03	1.037374045699834824e-02
2.120000000000000000e+02	6.944200000000000372e+00	7.844398264994799364e-03	7.855350000000000527e-03	8.646189235150814056e-03
2.180000000000000000e+02	7.373000000000000220e+00	7.850621390814200781e-03	8.306859999999999244e-03	9.647291153669357300e-03
2.230000000000000000e+02	7.799500000000000099e+00	7.856854398345599483e-03	8.440559999999999730e-03	9.322718717157840729e-03
2.250000000000000000e+02	8.329200000000000159e+00	7.864684392889299477e-03	7.871599999999999431e-03	8.494032546877861023e-03
2.300000000000000000e+02	8.856500000000000483e+00	7.872530009454500530e-03	7.878970000000000765e-03	9.002230130136013031e-03
2.400000000000000000e+02	9.901199999999999335e+00	7.888268296033699653e-03	7.896449999999999303e-03	8.740741759538650513e-03
2.500000000000000000e+02	1.093800000000000061e+01	7.924162343137999137e-03	7.911500000000000130e-03	8.974324911832809448e-03
2.600000000000000000e+02	1.196100000000000030e+01	7.919934405202399413e-03	7.930120000000000571e-03	8.072528056800365448e-03
2.700000000000000000e+02	1.297789999999999999e+01	7.935761974882200517e-03	7.945799999999999391e-03	7.320339791476726532e-03
2.800000000000000000e+02	1.398579999999999934e+01	7.951551514683000491e-03	7.961479999999999946e-03	7.838274352252483368e-03
2.900000000000000000e+02	1.496529999999999916e+01	7.967200374547600203e-03	7.988179999999999240e-03	7.884695194661617279e-03
3.000000000000000000e+02	1.597690000000000055e+01	7.982604308690400413e-03	7.992130000000000067e-03	9.134978055953979492e-03
1.920000000000000000e+02	4.789100000000000357e+00	6.859295813716800166e-03	6.861469999999999722e-03	6.891998928040266037e-03
1.960000000000000000e+02	5.308200000000000252e+00	6.864809413531900058e-03	6.872020000000000385e-03	7.825586013495922089e-03
2.000000000000000000e+02	5.823699999999999655e+00	6.870407596274399897e-03	6.882450000000000026e-03	9.192774072289466858e-03
2.040000000000000000e+02	6.336400000000000254e+00	6.874498522519000010e-03	6.893439999999999811e-03	8.477459661662578583e-03
2.080000000000000000e+02	6.650199999999999889e+00	6.881631398076300254e-03	7.440150000000000409e-03	9.320743381977081299e-03
2.120000000000000000e+02	7.361500000000000377e+00	6.887333147467099986e-03	6.897010000000000293e-03	8.823679760098457336e-03
2.160000000000000000e+02	7.871100000000000207e+00	6.893044353018100076e-03	6.901570000000000100e-03	9.088897146284580231e-03
2.200000000000000000e+02	8.359999999999999432e+00	6.898841378224000037e-03	6.934420000000000167e-03	7.687284145504236221e-03
2.250000000000000000e+02	9.012900000000000134e+00	6.906024885169999988e-03	6.912510000000000182e-03	8.852468803524971008e-03
2.300000000000000000e+02	9.643900000000000361e+00	6.914833590380699627e-03	6.919319999999999637e-03	9.117612615227699280e-03
2.400000000000000000e+02	1.069699999999999918e+01	6.927896394140700340e-03	7.105730000000000206e-03	7.804082240909337997e-03
2.500000000000000000e+02	1.213979999999999926e+01	6.942477216386499714e-03	6.950590000000000414e-03	8.351271040737628937e-03
2.600000000000000000e+02	1.337270000000000003e+01	8.955689897272500408e-03	6.965879999999999815e-03	6.933555472642183304e-03
2.700000000000000000e+02	1.459699999999999953e+01	6.971356008774800064e-03	6.980150000000000070e-03	6.730296649038791656e-03
2.600000000000000000e+02	1.581140000000000079e+01	6.985416043975000225e-03	5.860780000000000330e-03	6.175971124321222305e-03
2.900000000000000000e+02	1.701699999999999946e+01	6.999297158576499832e-03	7.007860000000000304e-03	7.439070381224155426e-03
3.000000000000000000e+02	1.821490000000000009e+01	7.012839105834899750e-03	7.020649999999999807e-03	8.551575243473052979e-03
1.920000000000000000e+02	4.810399999999999565e+00	6.089484240171199811e-03	6.068439999999999598e-03	7.073584478348493576e-03
1.960000000000000000e+02	5.402000000000000135e+00	6.094484598701099820e-03	6.101399999999999879e-03	9.101841598749160767e-03
2.000000000000000000e+02	5.998300000000000409e+00	6.099612528213700126e-03	6.109680000000000145e-03	1.017862930893898010e-02
2.040000000000000000e+02	6.597699999999999676e+00	6.104808872719399981e-03	6.114900000000000370e-03	8.710904046893119812e-03
2.080000000000000000e+02	7.198999999999999844e+00	6.110073960001199782e-03	6.119320000000000141e-03	7.686759345233440399e-03
2.120000000000000000e+02	7.801199999999999690e+00	6.115348136862500117e-03	6.123629999999999698e-03	8.407599292695522308e-03
2.160000000000000000e+02	8.403499999999999304e+00	6.132733247838100324e-03	6.128149999999999743e-03	7.715582847595214844e-03
2.200000000000000000e+02	9.006000000000000227e+00	6.126044242438499592e-03	6.132280000000000370e-03	8.045716211199760437e-03
2.250000000000000000e+02	9.756800000000000139e+00	6.132793575540499906e-03	6.139020000000000241e-03	8.120270445942878723e-03
2.300000000000000000e+02	1.050660000000000061e+01	6.139557797121699724e-03	6.145349999999999945e-03	7.333373650908470154e-03
2.400000000000000000e+02	1.199849999999999994e+01	6.153191832892999924e-03	6.159399999999999771e-03	7.181027438491582870e-03
2.500000000000000000e+02	1.348090000000000011e+01	6.166581567840999888e-03	6.173389999999999954e-03	7.378641050308942795e-03
2.600000000000000000e+02	1.495439999999999969e+01	6.179907183726800375e-03	6.186579999999999684e-03	6.946672685444355011e-03
2.700000000000000000e+02	1.641649999999999920e+01	6.192859875323799765e-03	6.199869999999999687e-03	6.325815338641405106e-03
2.800000000000000000e+02	1.767000000000000171e+01	6.205496352086500161e-03	6.277109999999999808e-03	8.176243863999843597e-03
2.900000000000000000e+02	1.931330000000000169e+01	6.217626373877799782e-03	6.224069999999999950e-03	7.463118527084589005e-03
3.000000000000000000e+02	2.074739999999999895e+01	6.230613290979699834e-03	6.235400000000000317e-03	8.372225798666477203e-03
1.920000000000000000e+02	4.832200000000000273e+00	5.610877183666400023e-03	5.509810000000000402e-03	1.025221962481737137e-02
1.960000000000000000e+02	5.485500000000000043e+00	5.615627924127599736e-03	5.602329999999999983e-03	9.293371811509132385e-03
2.000000000000000000e+02	6.151299999999999990e+00	5.620488054855399609e-03	5.616699999999999644e-03	8.124385960400104523e-03
2.040000000000000000e+02	6.324900000000000411e+00	5.625458123245900312e-03	6.932790000000000306e-03	7.976184599101543427e-03
2.080000000000000000e+02	7.501699999999999591e+00	5.630538690528100014e-03	5.629170000000000181e-03	8.572883903980255127e-03
2.120000000000000000e+02	8.177300000000000679e+00	5.635628443016699879e-03	5.639670000000000273e-03	7.751950994133949280e-03
2.160000000000000000e+02	8.860900000000000887e+00	5.640829479010900371e-03	5.642140000000000349e-03	8.267526514828205109e-03
2.200000000000000000e+02	9.541499999999999204e+00	5.645988992308799588e-03	5.647970000000000421e-03	8.069623261690139771e-03
2.250000000000000000e+02	1.039129999999999932e+01	5.652541357723199662e-03	5.655359999999999901e-03	7.271527312695980072e-03
2.300000000000000000e+02	1.124019999999999975e+01	5.659057580842900143e-03	5.662359999999999963e-03	7.212984841316938400e-03
2.400000000000000000e+02	1.293410000000000082e+01	5.672083597255300411e-03	5.675330000000000132e-03	6.824307609349489212e-03
2.500000000000000000e+02	1.461700000000000088e+01	5.684858676800900144e-03	5.688880000000000325e-03	7.043171674013137817e-03
2.600000000000000000e+02	1.629090000000000060e+01	5.697274888590900081e-03	5.701509999999999911e-03	6.203022319823503494e-03
2.700000000000000000e+02	1.795479999999999876e+01	5.709274863172599662e-03	5.713460000000000066e-03	5.672714207321405411e-03
2.800000000000000000e+02	1.960699999999999932e+01	5.720800496510500092e-03	5.725159999999999971e-03	7.463118527084589005e-03
2.900000000000000000e+02	2.124970000000000070e+01	5.731793033940900221e-03	5.736029999999999601e-03	7.179648149758577347e-03
3.300000000000000000e+02	2.288279999999999959e+01	5.742298945461199629e-03	6.751290000000000069e-03	8.457900956273078918e-03
1.920000000000000000e+02	4.868500000000000050e+00	5.165342937344900333e-03	5.128459999999999616e-03	1.180245634168386459e-02
1.960000000000000000e+02	5.603299999999999947e+00	5.169883295674799865e-03	5.164270000000000319e-03	8.593725040555000305e-03
2.000000000000000000e+02	6.357400000000000162e+00	5.174603435468799750e-03	5.173679999999999946e-03	7.655270397663116455e-03
2.040000000000000000e+02	7.121599999999999930e+00	5.179375230611600080e-03	5.180350000000000232e-03	6.749241612851619720e-03
2.080000000000000000e+02	7.891300000000000203e+00	5.184285162559199890e-03	5.187259999999999961e-03	7.528499234467744827e-03
2.120000000000000000e+02	8.665399999999999991e+00	5.189204412351399766e-03	5.193040000000000329e-03	7.372898515313863754e-03
2.160000000000000000e+02	9.442800000000000082e+00	5.194219556668699771e-03	5.197730000000000232e-03	8.069623261690139771e-03
2.200000000000000000e+02	1.022010000000000041e+01	5.199157686542800298e-03	5.202970000000000338e-03	6.574832834303379059e-03
2.250000000000000000e+02	1.119120000000000026e+01	5.205452223974199599e-03	5.209639999999999757e-03	7.212984841316938400e-03
2.300000000000000000e+02	1.216169999999999973e+01	5.211674885547399640e-03	5.216020000000000031e-03	6.199712865054607391e-03
2.400000000000000000e+02	1.409849999999999959e+01	5.223989848575700222e-03	5.228189999999999747e-03	6.306646391749382019e-03
2.500000000000000000e+02	1.602550000000000097e+01	5.236011325534299654e-03	5.240230000000000235e-03	6.501692812889814377e-03
2.600000000000000000e+02	1.794249999999999901e+01	5.247469837963100216e-03	5.251640000000000127e-03	5.549921188503503799e-03
2.700000000000000000e+02	1.984900000000000020e+01	5.258357623089400350e-03	5.262349999999999840e-03	5.617887713015079498e-03
2.800000000000000000e+02	2.174419999999999931e+01	5.268667256897800223e-03	5.272510000000000217e-03	7.179648149758577347e-03
2.900000000000000000e+02	2.362930000000000064e+01	5.278391666458300338e-03	5.281909999999999904e-03	6.847518961876630783e-03
3.000000000000000000e+02	2.550309999999999988e+01	5.287613832279300201e-03	5.290829999999999839e-03	7.278608158230781555e-03
1.920000000000000000e+02	4.945500000000000007e+00	4.802537430256300158e-03	4.796500000000000416e-03	9.877378121018409729e-03
1.960000000000000000e+02	5.778999999999999915e+00	4.806980966951099679e-03	4.807310000000000402e-03	8.688831701874732971e-03
2.000000000000000000e+02	6.632799999999999585e+00	4.811618403247099919e-03	4.814340000000000286e-03	7.633754517883062363e-03
2.040000000000000000e+02	7.499299999999999855e+00	4.816376419622099905e-03	4.819640000000000035e-03	7.661573123186826706e-03
2.080000000000000000e+02	8.372600000000000264e+00	4.821181138081400384e-03	4.824990000000000355e-03	6.635032128542661667e-03
2.120000000000000000e+02	9.249900000000000233e+00	4.825995452290700143e-03	4.830240000000000401e-03	7.330394349992275238e-03
2.160000000000000000e+02	1.013039999999999985e+01	4.830894256690800199e-03	4.834899999999999615e-03	6.574832834303379059e-03
2.200000000000000000e+02	1.101159999999999961e+01	4.835765507386000084e-03	4.839640000000000088e-03	6.574832834303379059e-03
2.250000000000000000e+02	1.211149999999999949e+01	4.841849601266899616e-03	4.846060000000000124e-03	6.199712865054607391e-03
2.300000000000000000e+02	1.321149999999999913e+01	4.847911325884300335e-03	4.851989999999999602e-03	5.831277929246425629e-03
2.400000000000000000e+02	1.540569999999999951e+01	4.859777345218700001e-03	4.863580000000000160e-03	5.928205791860818863e-03
2.500000000000000000e+02	1.758999999999999986e+01	4.871092575153299596e-03	4.874660000000000278e-03	6.359551101922988892e-03
2.600000000000000000e+02	1.976379999999999981e+01	4.881772453634200017e-03	4.884989999999999645e-03	5.495094694197177887e-03
2.700000000000000000e+02	2.192610000000000170e+01	4.891731502328199727e-03	4.894619999999999700e-03	5.389243364334106445e-03
2.800000000000000000e+02	2.407529999999999859e+01	4.901076188111500205e-03	4.903770000000000004e-03	6.598330102860927582e-03
2.900000000000000000e+02	2.621300000000000097e+01	4.909760564724499794e-03	4.912240000000000009e-03	6.314669270068407059e-03
3.000000000000000000e+02	2.833869999999999933e+01	4.918010180163000407e-03	4.920149999999999871e-03	7.250429596751928329e-03
1.920000000000000000e+02	5.205199999999999605e+00	4.380068264590300173e-03	4.392390000000000357e-03	1.133398339152336121e-02
1.960000000000000000e+02	6.220900000000000318e+00	4.384627370162899780e-03	4.388020000000000288e-03	7.496100850403308868e-03
2.000000000000000000e+02	7.245099999999999874e+00	4.389257779669700037e-03	4.392270000000000202e-03	5.769301205873489380e-03
2.040000000000000000e+02	8.278499999999999304e+00	4.394579367210799982e-03	4.397120000000000022e-03	6.218161899596452713e-03
2.080000000000000000e+02	9.317700000000000315e+00	4.398703170812199789e-03	4.401999999999999663e-03	6.707916036248207092e-03
2.120000000000000000e+02	1.036079999999999934e+01	4.403456678264699650e-03	4.406629999999999922e-03	5.835604853928089142e-03
2.160000000000000000e+02	1.140399999999999991e+01	4.408220470693199715e-03	4.411599999999999897e-03	6.516290362924337387e-03
2.200000000000000000e+02	1.244780000000000086e+01	4.412963344602499963e-03	4.416380000000000132e-03	5.134583450853824615e-03
2.250000000000000000e+02	1.375159999999999982e+01	4.418812347674700054e-03	4.422259999999999906e-03	5.378395318984985352e-03
2.330000000000000000e+02	1.505339999999999989e+01	4.424519867917100190e-03	4.576560000000000350e-03	4.987523425370454788e-03
2.400000000000000000e+02	1.755059999999999931e+01	4.435505855337799896e-03	4.453930000000000042e-03	5.454754922538995743e-03
2.500000000000000000e+02	2.023519999999999897e+01	4.445753827620599861e-03	4.448699999999999877e-03	5.591593682765960693e-03
2.600000000000000000e+02	2.280620000000000047e+01	4.455093980296600219e-03	4.457929999999999705e-03	5.266450345516204834e-03
2.700000000000000000e+02	2.536349999999999838e+01	4.463706309264899724e-03	4.466379999999999829e-03	4.524264018982648849e-03
2.800000000000000000e+02	2.790690000000000026e+01	4.471646283621000077e-03	4.474129999999999774e-03	6.286490708589553833e-03
2.900000000000000000e+02	3.043329999999999913e+01	4.479067436660100210e-03	4.481510000000000181e-03	6.086616776883602142e-03
3.000000000000000000e+02	3.294830000000000325e+01	4.486093576466600175e-03	4.488119999999999957e-03	6.604000460356473923e-03
1.940000000000000000e+02	6.378700000000000259e+00	4.058308411667200383e-03	4.063510000000000212e-03	5.612141918390989304e-03
1.980000000000000000e+02	7.586100000000000065e+00	4.062989732467399591e-03	4.066629999999999898e-03	5.061118397861719131e-03
2.020000000000000000e+02	8.801199999999999690e+00	4.067681865690100408e-03	4.070400000000000060e-03	4.295765422284603119e-03
2.060000000000000000e+02	1.002009999999999934e+01	4.072438052027099915e-03	4.074549999999999700e-03	4.556002561002969742e-03
2.100000000000000000e+02	1.123780000000000001e+01	4.077152046018399714e-03	4.079379999999999638e-03	4.748885985463857651e-03
2.150000000000000000e+02	1.275960000000000072e+01	4.082999741366400044e-03	4.085400000000000316e-03	3.946560434997081757e-03
2.200000000000000000e+02	1.427919999999999945e+01	4.088730154571299825e-03	4.091349999999999675e-03	3.931733313947916031e-03
2.300000000000000000e+02	1.731250000000000000e+01	4.099673156017400247e-03	4.102230000000000112e-03	3.968622069805860519e-03
2.400000000000000000e+02	2.032870000000000132e+01	4.109672292923099816e-03	4.112440000000000193e-03	3.903973847627639771e-03
2.500000000000000000e+02	2.333129999999999882e+01	4.118686101571100364e-03	4.121429999999999712e-03	5.096601322293281555e-03
2.600000000000000000e+02	2.631779999999999831e+01	4.126865184178899956e-03	4.129510000000000298e-03	3.740340238437056541e-03
2.700000000000000000e+02	2.928610000000000113e+01	4.134309014825999877e-03	4.136909999999999719e-03	3.891691099852323532e-03
2.800000000000000000e+02	3.223960000000000292e+01	4.141202001439600253e-03	4.143499999999999614e-03	4.518881440162658691e-03
2.900000000000000000e+02	3.516770000000000351e+01	4.147621273667100039e-03	4.150009999999999984e-03	4.878970328718423843e-03
1.940000000000000000e+02	7.266000000000000014e+00	3.840154461457600133e-03	3.843280000000000134e-03	3.886396763846278191e-03
1.980000000000000000e+02	8.636300000000000310e+00	3.844819930242300045e-03	3.847510000000000166e-03	3.225378459319472313e-03
2.020000000000000000e+02	1.000479999999999947e+01	3.849520518352400004e-03	3.852649999999999998e-03	2.575094578787684441e-03
2.060000000000000000e+02	1.137509999999999977e+01	3.854232614192599961e-03	3.857580000000000210e-03	4.674080293625593185e-03
2.100000000000000000e+02	1.274540000000000006e+01	3.858836833591599864e-03	3.862340000000000131e-03	3.279302967712283134e-03
2.150000000000000000e+02	1.444040000000000035e+01	3.864433926588800063e-03	3.869759999999999867e-03	3.279171884059906006e-03
2.200000000000000000e+02	1.616069999999999851e+01	3.869951188150800008e-03	3.873859999999999804e-03	3.281120443716645241e-03
2.300000000000000000e+02	1.956259999999999977e+01	3.880091092743300028e-03	3.883999999999999866e-03	3.363050986081361771e-03
2.400000000000000000e+02	2.294379999999999953e+01	3.889167923723499832e-03	3.893220000000000187e-03	3.951329737901687622e-03
2.500000000000000000e+02	2.631139999999999901e+01	3.897215098416099803e-03	3.901040000000000150e-03	4.085329361259937286e-03
2.600000000000000000e+02	2.965390000000000015e+01	3.904415168896500140e-03	3.908349999999999672e-03	3.506480483338236809e-03
2.700000000000000000e+02	3.297570000000000334e+01	3.910979351781100101e-03	3.914940000000000433e-03	4.014488775283098221e-03
1.940000000000000000e+02	8.634600000000000719e+00	3.620575609537600090e-03	3.644909999999999903e-03	2.244738163426518440e-03
1.980000000000000000e+02	1.040799999999999947e+01	3.625228358572099834e-03	3.627659999999999999e-03	1.745531801134347916e-03
2.020000000000000000e+02	1.197739999999999938e+01	3.629850812841200168e-03	3.632540000000000074e-03	2.409820444881916046e-03
2.060000000000000000e+02	1.354620000000000068e+01	3.634400320094700182e-03	3.637120000000000197e-03	2.949627349153161049e-03
2.100000000000000000e+02	1.510800000000000054e+01	3.638812570455500061e-03	3.641820000000000040e-03	2.218152629211544991e-03
2.150000000000000000e+02	1.706019999999999825e+01	3.644066052399500162e-03	3.647060000000000145e-03	2.307498361915349960e-03
2.200000000000000000e+02	1.903300000000000125e+01	3.649099764168800119e-03	3.650309999999999926e-03	2.354488475248217583e-03
2.300000000000000000e+02	2.267229999999999990e+01	3.658178405087999813e-03	3.672710000000000037e-03	2.870833734050393105e-03
2.400000000000000000e+02	2.671859999999999857e+01	3.666094677686900036e-03	3.669519999999999900e-03	2.745844190940260887e-03
2.500000000000000000e+02	3.054420000000000002e+01	3.673114495930099831e-03	3.676430000000000062e-03	3.797528101131320000e-03
2.600000000000000000e+02	3.433570000000000277e+01	3.679401068860100026e-03	3.682949999999999939e-03	3.434008220210671425e-03
1.920000000000000000e+02	1.050890000000000057e+01	3.410324361406499947e-03	3.413250000000000051e-03	6.717245560139417648e-04
1.960000000000000000e+02	1.232269999999999932e+01	3.414994503224800127e-03	3.418089999999999930e-03	-5.775415920652449131e-04
2.000000000000000000e+02	1.413109999999999999e+01	3.419489888705099911e-03	3.422750000000000011e-03	2.815112566167954355e-05
2.050000000000000000e+02	1.638599999999999923e+01	3.424937628460800187e-03	3.428159999999999975e-03	1.660176552832126617e-03
2.100000000000000000e+02	1.863119999999999976e+01	3.430214011052100213e-03	3.433279999999999926e-03	1.034669810906052589e-03
2.150000000000000000e+02	2.086870000000000047e+01	3.434938823739500015e-03	3.438029999999999906e-03	1.209710026159882545e-03
2.200000000000000000e+02	2.310020000000000095e+01	3.439297161740600094e-03	3.442349999999999837e-03	1.909627695567905903e-03
2.250000000000000000e+02	2.532369999999999877e+01	3.443286184186000048e-03	3.446369999999999816e-03	1.745083834975957870e-03
2.300000000000000000e+02	2.753930000000000078e+01	3.448237812548199995e-03	3.450110000000000156e-03	1.712705008685588837e-03
2.350000000000000000e+02	2.974790000000000134e+01	3.450527985990200185e-03	3.453560000000000050e-03	1.884566503576934338e-03
2.400000000000000000e+02	3.194879999999999853e+01	3.453586286886300115e-03	3.456780000000000009e-03	2.535380655899643898e-03
2.450000000000000000e+02	3.414020000000000010e+01	3.456650013909500201e-03	3.459840000000000051e-03	2.611681586131453514e-03
1.940000000000000000e+02	1.529129999999999967e+01	3.224919286719999875e-03	3.230880000000000210e-03	-1.910121063701808453e-03
1.980000000000000000e+02	1.736680000000000135e+01	3.229095128755000120e-03	3.235239999999999904e-03	-1.408237614668905735e-03
2.020000000000000000e+02	1.943489999999999895e+01	3.233114123884900208e-03	3.239329999999999900e-03	-1.021042698994278908e-03
2.050000000000000000e+02	2.098379999999999868e+01	3.235966970355599968e-03	3.242140000000000126e-03	4.676482349168509245e-04
2.100000000000000000e+02	2.355760000000000076e+01	3.240339898693999927e-03	3.246499999999999820e-03	5.898093804717063904e-04
2.150000000000000000e+02	2.612059999999999960e+01	3.245400294162999796e-03	3.250519999999999798e-03	2.457929949741810560e-04
2.200000000000000000e+02	2.867620000000000147e+01	3.247936423593199892e-03	3.254149999999999925e-03	6.644948152825236320e-04
2.250000000000000000e+02	3.122139999999999915e+01	3.251324101740399840e-03	3.257509999999999920e-03	1.457282225601375103e-03
2.300000000000000000e+02	3.375419999999999732e+01	3.254379059919200196e-03	3.260690000000000116e-03	1.600585645064711571e-03
1.920000000000000000e+02	1.867760000000000176e+01	3.085427083582700184e-03	3.088609999999999880e-03	-3.087616991251707077e-03
1.960000000000000000e+02	2.100840000000000174e+01	3.089708576215299905e-03	3.092479999999999882e-03	-3.486665198579430580e-03
2.000000000000000000e+02	2.333210000000000051e+01	3.093234415820999856e-03	3.096030000000000049e-03	-1.993954181671142578e-03
2.040000000000000000e+02	2.564939999999999998e+01	3.096460695881199984e-03	3.099300000000000145e-03	-1.922464114613831043e-03
2.080000000000000000e+02	2.795990000000000109e+01	3.099385515827599892e-03	3.102300000000000110e-03	-7.819452439434826374e-04
2.120000000000000000e+02	3.026289999999999836e+01	3.102161499272100206e-03	3.105099999999999961e-03	1.632615931157488376e-05
2.160000000000000000e+02	3.255689999999999884e+01	3.104787831218700118e-03	3.107720000000000014e-03	2.747208054643124342e-04
2.200000000000000000e+02	3.484340000000000259e+01	3.107108878687799957e-03	3.110180000000000149e-03	5.920230178162455559e-04
1.940000000000000000e+02	2.600260000000000105e+01	2.957501880971099856e-03	2.959929999999999940e-03	-4.450582899153232574e-03
1.980000000000000000e+02	2.861179999999999879e+01	2.960451096959599866e-03	2.962999999999999922e-03	-3.703801892697811127e-03
2.060000000000000000e+02	3.121399999999999864e+01	2.963124508121299950e-03	3.012309999999999814e-03	-7.840698235668241978e-04
2.060000000000000000e+02	3.380429999999999779e+01	2.965661671147899921e-03	2.968409999999999885e-03	-8.025999413803219795e-04
1.920000000000000000e+02	3.070149999999999935e+01	2.861004068233299977e-03	2.863600000000000000e-03	-4.831550177186727524e-03
1.960000000000000000e+02	3.355749999999999744e+01	2.863500810714300106e-03	2.866290000000000070e-03	-4.756913054734468460e-03
