# Temperature (K)	Pressure (MPa)	Experimental(J/mol*K)	NIST(J/mol*K)	Model(J/mol*K)
1.210999999999999943e+02	5.000000000000000000e+00	5.521200000000000330e+01	5.595360000000000156e+01	5.508888873662986896e+01
1.210999999999999943e+02	5.000000000000000000e+00	5.508359999999999701e+01	5.595360000000000156e+01	5.512300360870332128e+01
1.210999999999999943e+02	5.000000000000000000e+00	5.500339999999999918e+01	5.595360000000000156e+01	5.515706555309174774e+01
1.210000000000000000e+02	5.000000000000000000e+00	5.517990000000000350e+01	5.594239999999999924e+01	5.510153332882855892e+01
1.360999999999999943e+02	5.000000000000000000e+00	5.736269999999999669e+01	5.807469999999999999e+01	5.734192502384590995e+01
1.361999999999999886e+02	5.000000000000000000e+00	5.742690000000000339e+01	5.809250000000000114e+01	5.730437665491084687e+01
1.361999999999999886e+02	5.000000000000000000e+00	5.726639999999999731e+01	5.809250000000000114e+01	5.742015203639114418e+01
1.513000000000000114e+02	5.000000000000000000e+00	6.129500000000000171e+01	6.171309999999999718e+01	6.104256209455728310e+01
1.513000000000000114e+02	5.000000000000000000e+00	6.107030000000000314e+01	6.171309999999999718e+01	6.121618110826651815e+01
1.511999999999999886e+02	5.000000000000000000e+00	6.099000000000000199e+01	6.168110000000000070e+01	6.118558051210317217e+01
1.650999999999999943e+02	5.000000000000000000e+00	6.787550000000000239e+01	6.805060000000000286e+01	6.796248072448926791e+01
1.650999999999999943e+02	5.000000000000000000e+00	6.785939999999999372e+01	6.805060000000000286e+01	6.797069833759626079e+01
1.650999999999999943e+02	5.000000000000000000e+00	6.808410000000000650e+01	6.805060000000000286e+01	6.787196807664361131e+01
1.650000000000000000e+02	5.000000000000000000e+00	6.776309999999999434e+01	6.798510000000000275e+01	6.791799223536595775e+01
1.755999999999999943e+02	5.000000000000000000e+00	7.861289999999999623e+01	7.840460000000000207e+01	7.881363976041507158e+01
1.756999999999999886e+02	5.000000000000000000e+00	7.912649999999999295e+01	7.855419999999999447e+01	7.870013520114915195e+01
1.755999999999999943e+02	5.000000000000000000e+00	7.874129999999999541e+01	7.840460000000000207e+01	7.872206397238056752e+01
1.755000000000000000e+02	5.000000000000000000e+00	7.911050000000000182e+01	7.825639999999999930e+01	7.867131731637991265e+01
1.826999999999999886e+02	5.000000000000000000e+00	9.466289999999999338e+01	9.493699999999999761e+01	9.466880026132119497e+01
1.826999999999999886e+02	5.000000000000000000e+00	9.461480000000000246e+01	9.493699999999999761e+01	9.470061426468963361e+01
1.826999999999999886e+02	5.000000000000000000e+00	9.469499999999999318e+01	9.493699999999999761e+01	9.464980905449544935e+01
1.841999999999999886e+02	5.000000000000000000e+00	1.018854000000000042e+02	1.012690000000000055e+02	9.987772242387843846e+01
1.864000000000000057e+02	5.000000000000000000e+00	1.162982999999999976e+02	1.149380000000000024e+02	1.404183379891030654e+02
1.885000000000000000e+02	5.000000000000000000e+00	1.404696000000000140e+02	1.383930000000000007e+02	1.240441209608860902e+02
1.444000000000000057e+02	3.200000000000000178e+00	5.988259999999999650e+01	6.085459999999999781e+01	6.036602381091996250e+01
1.443000000000000114e+02	3.200000000000000178e+00	6.071719999999999828e+01	6.082529999999999859e+01	6.013672874629131115e+01
1.444000000000000057e+02	3.200000000000000178e+00	5.999490000000000123e+01	6.085459999999999781e+01	6.036840601276040275e+01
1.461999999999999886e+02	3.200000000000000178e+00	6.163199999999999790e+01	6.140489999999999782e+01	6.078107493923189963e+01
1.465000000000000000e+02	3.200000000000000178e+00	6.092580000000000240e+01	6.150110000000000099e+01	6.153601344079513780e+01
1.549000000000000057e+02	3.200000000000000178e+00	6.402339999999999520e+01	6.486180000000000234e+01	6.415621887569641046e+01
1.548000000000000114e+02	3.200000000000000178e+00	6.416790000000000305e+01	6.481229999999999336e+01	6.403275466704690189e+01
1.649000000000000057e+02	3.200000000000000178e+00	7.159910000000000707e+01	7.183180000000000121e+01	7.126355301107273021e+01
1.649000000000000057e+02	3.200000000000000178e+00	7.134229999999999450e+01	7.183180000000000121e+01	7.152509871553930054e+01
1.743000000000000114e+02	3.200000000000000178e+00	8.920589999999999975e+01	8.751439999999999486e+01	8.928868298502970902e+01
1.784000000000000057e+02	3.200000000000000178e+00	8.473115999999999985e+02	1.057930000000000064e+02	1.051223794707094186e+02
1.164800000000000040e+02	1.030000000000000027e+00	5.538880000000000337e+01	5.624920000000000186e+01	5.560518855607669764e+01
1.220400000000000063e+02	1.030000000000000027e+00	5.653020000000000067e+01	5.702620000000000289e+01	5.667921926256516230e+01
1.275900000000000034e+02	1.030000000000000027e+00	5.787299999999999756e+01	5.795739999999999981e+01	5.773519992804673251e+01
1.331500000000000057e+02	1.030000000000000027e+00	5.935000000000000142e+01	5.909980000000000189e+01	5.925080519335207185e+01
1.387100000000000080e+02	1.030000000000000027e+00	6.109559999999999746e+01	6.053179999999999694e+01	6.067604334665322341e+01
1.442599999999999909e+02	1.030000000000000027e+00	6.337830000000000297e+01	6.237530000000000285e+01	6.191678912523004641e+01
1.164800000000000040e+02	2.069999999999999840e+00	5.532169999999999987e+01	5.602839999999999776e+01	5.527761381186967782e+01
1.220400000000000063e+02	2.069999999999999840e+00	5.646309999999999718e+01	5.675169999999999959e+01	5.628460731993908439e+01
1.275900000000000034e+02	2.069999999999999840e+00	5.747010000000000218e+01	5.761129999999999995e+01	5.758867014555921315e+01
1.331500000000000057e+02	2.069999999999999840e+00	5.874580000000000268e+01	5.865509999999999735e+01	5.872051051364289265e+01
1.387100000000000080e+02	2.069999999999999840e+00	6.008850000000000335e+01	5.994639999999999702e+01	6.042373425854466973e+01
1.442599999999999909e+02	2.069999999999999840e+00	6.169980000000000331e+01	6.157979999999999876e+01	6.248554287140032670e+01
1.498199999999999932e+02	2.069999999999999840e+00	6.371399999999999864e+01	6.371889999999999787e+01	6.379680658517235514e+01
1.553700000000000045e+02	2.069999999999999840e+00	6.653379999999999939e+01	6.663219999999999743e+01	6.662834363009982042e+01
1.609300000000000068e+02	2.069999999999999840e+00	7.130060000000000286e+01	7.087949999999999307e+01	6.972615704638752732e+01
1.164800000000000040e+02	2.410000000000000142e+00	5.532169999999999987e+01	5.595879999999999654e+01	5.534733719818689934e+01
1.220400000000000063e+02	2.410000000000000142e+00	5.639589999999999748e+01	5.666550000000000153e+01	5.634322107449427364e+01
1.275900000000000034e+02	2.410000000000000142e+00	5.740299999999999869e+01	5.750330000000000297e+01	5.743725188243265478e+01
1.331500000000000057e+02	2.410000000000000142e+00	5.854429999999999978e+01	5.851740000000000208e+01	5.859814538514351767e+01
1.387100000000000080e+02	2.410000000000000142e+00	5.988709999999999667e+01	5.976700000000000301e+01	5.974136867050989252e+01
1.442599999999999909e+02	2.410000000000000142e+00	6.156550000000000011e+01	6.133950000000000102e+01	6.178296699907020439e+01
1.498199999999999932e+02	2.410000000000000142e+00	6.364679999999999893e+01	6.338389999999999702e+01	6.305440475623007046e+01
1.553700000000000045e+02	2.410000000000000142e+00	6.633230000000000359e+01	6.613939999999999486e+01	6.623157407977339517e+01
1.609300000000000068e+02	2.410000000000000142e+00	6.982349999999999568e+01	7.009080000000000155e+01	7.099199516872307925e+01
1.664799999999999898e+02	2.410000000000000142e+00	7.600020000000000664e+01	7.630209999999999582e+01	7.397465086418036151e+01
1.164800000000000040e+02	3.100000000000000089e+00	5.525460000000000349e+01	5.582110000000000127e+01	5.526054900995701047e+01
1.220400000000000063e+02	3.100000000000000089e+00	5.626160000000000139e+01	5.649580000000000268e+01	5.621515237669436260e+01
1.275900000000000034e+02	3.100000000000000089e+00	5.733590000000000231e+01	5.729149999999999920e+01	5.723439864275310640e+01
1.331500000000000057e+02	3.100000000000000089e+00	5.834290000000000020e+01	5.824869999999999948e+01	5.844371084151608642e+01
1.387100000000000080e+02	3.100000000000000089e+00	5.961849999999999739e+01	5.941929999999999978e+01	5.959464962377395381e+01
1.442599999999999909e+02	3.100000000000000089e+00	6.096130000000000138e+01	6.087780000000000058e+01	6.129583391274660897e+01
1.498199999999999932e+02	3.100000000000000089e+00	6.284120000000000061e+01	6.274880000000000280e+01	6.249979370144687607e+01
1.553700000000000045e+02	3.100000000000000089e+00	6.519100000000000250e+01	6.522259999999999991e+01	6.498383825792241453e+01
1.609300000000000068e+02	3.100000000000000089e+00	6.854789999999999850e+01	6.866710000000000491e+01	6.918366475245387903e+01
1.664799999999999898e+02	3.100000000000000089e+00	7.371750000000000114e+01	7.381629999999999825e+01	7.502555174171385488e+01
1.720399999999999920e+02	3.100000000000000089e+00	8.278119999999999834e+01	8.262560000000000571e+01	8.090548173046546765e+01
1.775900000000000034e+02	3.100000000000000089e+00	1.060109000000000066e+02	1.027259999999999991e+02	1.003585691110114624e+02
1.164800000000000040e+02	3.790000000000000036e+00	5.518739999999999668e+01	5.568809999999999860e+01	5.515696844230620144e+01
1.220400000000000063e+02	3.790000000000000036e+00	5.612740000000000151e+01	5.633250000000000313e+01	5.604219719706917147e+01
1.275900000000000034e+02	3.790000000000000036e+00	5.700019999999999953e+01	5.708879999999999910e+01	5.704624984226392570e+01
1.331500000000000057e+02	3.790000000000000036e+00	5.800719999999999743e+01	5.799349999999999739e+01	5.810201379423651957e+01
1.387100000000000080e+02	3.790000000000000036e+00	5.941709999999999781e+01	5.909190000000000254e+01	5.912188590056292981e+01
1.442599999999999909e+02	3.790000000000000036e+00	6.049130000000000251e+01	6.044800000000000040e+01	6.027747679419766058e+01
1.498199999999999932e+02	3.790000000000000036e+00	6.210269999999999868e+01	6.216669999999999874e+01	6.204056621821638373e+01
1.553700000000000045e+02	3.790000000000000036e+00	6.411679999999999779e+01	6.440109999999999957e+01	6.393801266009135276e+01
1.609300000000000068e+02	3.790000000000000036e+00	6.700369999999999493e+01	6.743569999999999709e+01	6.732347025869081847e+01
1.664799999999999898e+02	3.790000000000000036e+00	7.156910000000000593e+01	7.179309999999999548e+01	7.108639239251016306e+01
1.720399999999999920e+02	3.790000000000000036e+00	7.888720000000000709e+01	7.871280000000000143e+01	8.075432962254164693e+01
1.775900000000000034e+02	3.790000000000000036e+00	9.365749999999999886e+01	9.187980000000000302e+01	1.055570769993391593e+02
1.831500000000000057e+02	3.790000000000000036e+00	1.323960999999999899e+02	1.337709999999999866e+02	1.248134817943511052e+02
1.164800000000000040e+02	4.139999999999999680e+00	5.512030000000000030e+01	5.562230000000000274e+01	5.506915542077235415e+01
1.220400000000000063e+02	4.139999999999999680e+00	5.599309999999999832e+01	5.625200000000000244e+01	5.596294313075009086e+01
1.275900000000000034e+02	4.139999999999999680e+00	5.693299999999999983e+01	5.698930000000000007e+01	5.693496204406174144e+01
1.331500000000000057e+02	4.139999999999999680e+00	5.787299999999999756e+01	5.786869999999999692e+01	5.789489547098501276e+01
1.387100000000000080e+02	4.139999999999999680e+00	5.914860000000000184e+01	5.893289999999999651e+01	5.898253441084096949e+01
1.442599999999999909e+02	4.139999999999999680e+00	6.035710000000000264e+01	6.024099999999999966e+01	6.015180431841982767e+01
1.498199999999999932e+02	4.139999999999999680e+00	6.176700000000000301e+01	6.188949999999999818e+01	6.197755683015966355e+01
1.553700000000000045e+02	4.139999999999999680e+00	6.384819999999999851e+01	6.401579999999999870e+01	6.379434356119996608e+01
1.609300000000000068e+02	4.139999999999999680e+00	6.686939999999999884e+01	6.687130000000000507e+01	6.687115326724715203e+01
1.664799999999999898e+02	4.139999999999999680e+00	7.089770000000000039e+01	7.090040000000000475e+01	7.054444440306924946e+01
1.720399999999999920e+02	4.139999999999999680e+00	7.761150000000000659e+01	7.710739999999999839e+01	7.803580432582317883e+01
1.775900000000000034e+02	4.139999999999999680e+00	8.902500000000000568e+01	8.818890000000000384e+01	9.199248308461615409e+01
1.831500000000000057e+02	4.139999999999999680e+00	1.143359999999999985e+02	1.164830000000000041e+02	1.178611741881316703e+02
1.164800000000000040e+02	4.309999999999999609e+00	5.505319999999999681e+01	5.559069999999999823e+01	5.509496962187419911e+01
1.220400000000000063e+02	4.309999999999999609e+00	5.592600000000000193e+01	5.621340000000000003e+01	5.583968036773842414e+01
1.275900000000000034e+02	4.309999999999999609e+00	5.686590000000000344e+01	5.694169999999999732e+01	5.687651782298438263e+01
1.331500000000000057e+02	4.309999999999999609e+00	5.773870000000000147e+01	5.780930000000000035e+01	5.776851751429632742e+01
1.387100000000000080e+02	4.309999999999999609e+00	5.894720000000000226e+01	5.885730000000000217e+01	5.881412596901088818e+01
1.442599999999999909e+02	4.309999999999999609e+00	6.015559999999999974e+01	6.014300000000000068e+01	6.005589680688981247e+01
1.498199999999999932e+02	4.309999999999999609e+00	6.163269999999999982e+01	6.175880000000000081e+01	6.170351519777208438e+01
1.553700000000000045e+02	4.309999999999999609e+00	6.357970000000000255e+01	6.383559999999999945e+01	6.350699688728764158e+01
1.609300000000000068e+02	4.309999999999999609e+00	6.633230000000000359e+01	6.660999999999999943e+01	6.615755920980107874e+01
1.664799999999999898e+02	4.309999999999999609e+00	7.062919999999999732e+01	7.049389999999999645e+01	7.016140000323655102e+01
1.720399999999999920e+02	4.309999999999999609e+00	7.714159999999999684e+01	7.639780000000000371e+01	7.679568580097897268e+01
1.775900000000000034e+02	4.309999999999999609e+00	8.788360000000000127e+01	8.666230000000000189e+01	8.878556917681919458e+01
1.831500000000000057e+02	4.309999999999999609e+00	1.093007000000000062e+02	1.109410000000000025e+02	1.177734987728685780e+02
1.164800000000000040e+02	4.690000000000000391e+00	5.505319999999999681e+01	5.552120000000000033e+01	5.506154951978824386e+01
1.220400000000000063e+02	4.690000000000000391e+00	5.592600000000000193e+01	5.612859999999999872e+01	5.574860515626062352e+01
1.275900000000000034e+02	4.690000000000000391e+00	5.673160000000000025e+01	5.683720000000000283e+01	5.675113621231052008e+01
1.331500000000000057e+02	4.690000000000000391e+00	5.767150000000000176e+01	5.767889999999999873e+01	5.770401718490340670e+01
1.387100000000000080e+02	4.690000000000000391e+00	5.881289999999999907e+01	5.869210000000000349e+01	5.841698667072362383e+01
1.442599999999999909e+02	4.690000000000000391e+00	6.002139999999999986e+01	5.992949999999999733e+01	5.991319474323013594e+01
1.498199999999999932e+02	4.690000000000000391e+00	6.122990000000000066e+01	6.147579999999999956e+01	6.134088379577934802e+01
1.553700000000000045e+02	4.690000000000000391e+00	6.304260000000000019e+01	6.344780000000000086e+01	6.303134198084733697e+01
1.609300000000000068e+02	4.690000000000000391e+00	6.545959999999999468e+01	6.605360000000000298e+01	6.484245481019894441e+01
1.664799999999999898e+02	4.690000000000000391e+00	6.915210000000000434e+01	6.964190000000000680e+01	6.947860930150004322e+01
1.720399999999999920e+02	4.690000000000000391e+00	7.566450000000000387e+01	7.495090000000000430e+01	7.384499310886972978e+01
1.775900000000000034e+02	4.690000000000000391e+00	8.452670000000000528e+01	8.371939999999999316e+01	8.553086024688293776e+01
1.831500000000000057e+02	4.690000000000000391e+00	1.028554000000000030e+02	1.019260000000000019e+02	1.081455871054325684e+02
1.887100000000000080e+02	4.690000000000000391e+00	1.843608999999999867e+02	1.784979999999999905e+02	1.258629777038145221e+02
1.164800000000000040e+02	5.519999999999999574e+00	5.498599999999999710e+01	5.537349999999999994e+01	5.505107262593724471e+01
1.220400000000000063e+02	5.519999999999999574e+00	5.579169999999999874e+01	5.594899999999999807e+01	5.577813487365835954e+01
1.275900000000000034e+02	5.519999999999999574e+00	5.646309999999999718e+01	5.661699999999999733e+01	5.658430879634116195e+01
1.331500000000000057e+02	5.519999999999999574e+00	5.726870000000000260e+01	5.740559999999999974e+01	5.710491468308035934e+01
1.387100000000000080e+02	5.519999999999999574e+00	5.847720000000000340e+01	5.834799999999999898e+01	5.815193429105823952e+01
1.442599999999999909e+02	5.519999999999999574e+00	5.968569999999999709e+01	5.948850000000000193e+01	5.986841618849211244e+01
1.498199999999999932e+02	5.519999999999999574e+00	6.089419999999999789e+01	6.089739999999999753e+01	6.058576175453553958e+01
1.553700000000000045e+02	5.519999999999999574e+00	6.237120000000000175e+01	6.266660000000000252e+01	6.244976124308670506e+01
1.609300000000000068e+02	5.519999999999999574e+00	6.458679999999999666e+01	6.495520000000000493e+01	6.430730177820969118e+01
1.664799999999999898e+02	5.519999999999999574e+00	6.827930000000000632e+01	6.801069999999999993e+01	6.736449678216217762e+01
1.720399999999999920e+02	5.519999999999999574e+00	7.304609999999999559e+01	7.231719999999999970e+01	7.134103421869738781e+01
1.775900000000000034e+02	5.519999999999999574e+00	8.016280000000000427e+01	7.885229999999999961e+01	8.326741291009891199e+01
1.831500000000000057e+02	5.519999999999999574e+00	8.969639999999999702e+01	9.020000000000000284e+01	9.479053663521486328e+01
1.887100000000000080e+02	5.519999999999999574e+00	1.153431000000000068e+02	1.158259999999999934e+02	1.198773708612847457e+02
1.164800000000000040e+02	6.889999999999999680e+00	5.491890000000000072e+01	5.514189999999999969e+01	5.501576083265886297e+01
1.220400000000000063e+02	6.889999999999999680e+00	5.565740000000000265e+01	5.566910000000000025e+01	5.562753463261746845e+01
1.275900000000000034e+02	6.889999999999999680e+00	5.632880000000000109e+01	5.627620000000000289e+01	5.633113192605583208e+01
1.331500000000000057e+02	6.889999999999999680e+00	5.706730000000000302e+01	5.698619999999999663e+01	5.709825252919691252e+01
1.387100000000000080e+02	6.889999999999999680e+00	5.780579999999999785e+01	5.782540000000000191e+01	5.787252979290781951e+01
1.442599999999999909e+02	6.889999999999999680e+00	5.881289999999999907e+01	5.882780000000000342e+01	5.876551225727378380e+01
1.498199999999999932e+02	6.889999999999999680e+00	5.975280000000000058e+01	6.004540000000000077e+01	5.967183836389354212e+01
1.553700000000000045e+02	6.889999999999999680e+00	6.116270000000000095e+01	6.154189999999999827e+01	6.091041727742294398e+01
1.609300000000000068e+02	6.889999999999999680e+00	6.304260000000000019e+01	6.342269999999999897e+01	6.197609354118296920e+01
1.664799999999999898e+02	6.889999999999999680e+00	6.572809999999999775e+01	6.583509999999999707e+01	6.565514283574458432e+01
1.720399999999999920e+02	6.889999999999999680e+00	6.962210000000000321e+01	6.904170000000000584e+01	7.066611128812940024e+01
1.775900000000000034e+02	6.889999999999999680e+00	7.432179999999999609e+01	7.348130000000000450e+01	7.727991304261615824e+01
1.831500000000000057e+02	6.889999999999999680e+00	8.103560000000000230e+01	8.005800000000000693e+01	8.309420263772426551e+01
1.887100000000000080e+02	6.889999999999999680e+00	9.083769999999999811e+01	9.077719999999999345e+01	1.159696283795554734e+02
1.164800000000000040e+02	8.269999999999999574e+00	5.485170000000000101e+01	5.492280000000000229e+01	5.485873747758017771e+01
1.220400000000000063e+02	8.269999999999999574e+00	5.538880000000000337e+01	5.540599999999999881e+01	5.566548377846989126e+01
1.275900000000000034e+02	8.269999999999999574e+00	5.599309999999999832e+01	5.595830000000000126e+01	5.599632488586442491e+01
1.331500000000000057e+02	8.269999999999999574e+00	5.666449999999999676e+01	5.659879999999999711e+01	5.680316876908562307e+01
1.387100000000000080e+02	8.269999999999999574e+00	5.733590000000000231e+01	5.734859999999999758e+01	5.731127523268300195e+01
1.442599999999999909e+02	8.269999999999999574e+00	5.807439999999999714e+01	5.823380000000000223e+01	5.839124446681032765e+01
1.498199999999999932e+02	8.269999999999999574e+00	5.908140000000000214e+01	5.929379999999999740e+01	5.918295813824837381e+01
1.553700000000000045e+02	8.269999999999999574e+00	6.022279999999999944e+01	6.057330000000000325e+01	6.021685606969661109e+01
1.609300000000000068e+02	8.269999999999999574e+00	6.169980000000000331e+01	6.214459999999999695e+01	6.125646664072602476e+01
1.664799999999999898e+02	8.269999999999999574e+00	6.378110000000000213e+01	6.409900000000000375e+01	6.387533274856151877e+01
1.720399999999999920e+02	8.269999999999999574e+00	6.639950000000000330e+01	6.658960000000000434e+01	6.725915602256293369e+01
1.775900000000000034e+02	8.269999999999999574e+00	6.968919999999999959e+01	6.983679999999999666e+01	7.021036512983177147e+01
1.831500000000000057e+02	8.269999999999999574e+00	7.425459999999999638e+01	7.423369999999999891e+01	7.375951155592211705e+01
1.887100000000000080e+02	8.269999999999999574e+00	8.043129999999999313e+01	8.044660000000000366e+01	8.203391902168111471e+01
1.164800000000000040e+02	1.033999999999999986e+01	5.451610000000000156e+01	5.461780000000000257e+01	5.441651255696995548e+01
1.220400000000000063e+02	1.033999999999999986e+01	5.485170000000000101e+01	5.504270000000000351e+01	5.486850336721880694e+01
1.275900000000000034e+02	1.033999999999999986e+01	5.532169999999999987e+01	5.552329999999999899e+01	5.554776192700519033e+01
1.331500000000000057e+02	1.033999999999999986e+01	5.592600000000000193e+01	5.607450000000000045e+01	5.570186570665884318e+01
1.387100000000000080e+02	1.033999999999999986e+01	5.653020000000000067e+01	5.671159999999999712e+01	5.647909863781391948e+01
1.442599999999999909e+02	1.033999999999999986e+01	5.733590000000000231e+01	5.745250000000000057e+01	5.778909594990112453e+01
1.498199999999999932e+02	1.033999999999999986e+01	5.820859999999999701e+01	5.832410000000000139e+01	5.826531196100796706e+01
1.553700000000000045e+02	1.033999999999999986e+01	5.928289999999999793e+01	5.935370000000000346e+01	5.942883405122447726e+01
1.609300000000000068e+02	1.033999999999999986e+01	6.049130000000000251e+01	6.058420000000000272e+01	6.023503232959455289e+01
1.664799999999999898e+02	1.033999999999999986e+01	6.196840000000000259e+01	6.206300000000000239e+01	6.199479331186428510e+01
1.720399999999999920e+02	1.033999999999999986e+01	6.357970000000000255e+01	6.386540000000000106e+01	6.345434319093854469e+01
1.775900000000000034e+02	1.033999999999999986e+01	6.539239999999999498e+01	6.608089999999999975e+01	6.541184329678746678e+01
1.831500000000000057e+02	1.033999999999999986e+01	6.774219999999999686e+01	6.885120000000000573e+01	6.771940089158719900e+01
1.887100000000000080e+02	1.033999999999999986e+01	7.076349999999999341e+01	7.235899999999999466e+01	6.690878206445866283e+01
1.164800000000000040e+02	1.378999999999999915e+01	5.397899999999999920e+01	5.416409999999999769e+01	5.422065876812495588e+01
1.220400000000000063e+02	1.378999999999999915e+01	5.431459999999999866e+01	5.450800000000000267e+01	5.454190290078609848e+01
1.275900000000000034e+02	1.378999999999999915e+01	5.471750000000000114e+01	5.489119999999999777e+01	5.500131071271690075e+01
1.331500000000000057e+02	1.378999999999999915e+01	5.512030000000000030e+01	5.532379999999999853e+01	5.543740002118384780e+01
1.387100000000000080e+02	1.378999999999999915e+01	5.552309999999999945e+01	5.581499999999999773e+01	5.580230520534544070e+01
1.442599999999999909e+02	1.378999999999999915e+01	5.606020000000000181e+01	5.637519999999999953e+01	5.647500668221201181e+01
1.498199999999999932e+02	1.378999999999999915e+01	5.666449999999999676e+01	5.701959999999999695e+01	5.715213383536211467e+01
1.553700000000000045e+02	1.378999999999999915e+01	5.747010000000000218e+01	5.776069999999999993e+01	5.801619622311536517e+01
1.609300000000000068e+02	1.378999999999999915e+01	5.841009999999999991e+01	5.861869999999999692e+01	5.964673617388685756e+01
1.664799999999999898e+02	1.378999999999999915e+01	5.948429999999999751e+01	5.961090000000000089e+01	6.054944646183777479e+01
1.720399999999999920e+02	1.378999999999999915e+01	6.069279999999999831e+01	6.076469999999999771e+01	6.120747669475326092e+01
1.775900000000000034e+02	1.378999999999999915e+01	6.196840000000000259e+01	6.210340000000000060e+01	6.170409731296653177e+01
1.831500000000000057e+02	1.378999999999999915e+01	6.344539999999999935e+01	6.366259999999999764e+01	6.546237475484758761e+01
1.887100000000000080e+02	1.378999999999999915e+01	6.498959999999999582e+01	6.547230000000000416e+01	6.735592984958559271e+01
