# Temperature (K)	Pressure (MPa)	Experimental(J/mol*K)	NIST(J/mol*K)	Model(J/mol*K)
2.942599999999999909e+02	0.000000000000000000e+00	3.559660000000000224e+01	3.556640000000000157e+01	3.622831048821934985e+01
2.942599999999999909e+02	1.719999999999999973e+00	3.722800000000000153e+01	3.732690000000000197e+01	3.716279625668224895e+01
2.942599999999999909e+02	3.450000000000000178e+00	3.900719999999999743e+01	3.935609999999999786e+01	3.890283413401729717e+01
3.109300000000000068e+02	0.000000000000000000e+00	3.625450000000000017e+01	3.620420000000000016e+01	3.610545017863177719e+01
3.109300000000000068e+02	1.719999999999999973e+00	3.768460000000000321e+01	3.771249999999999858e+01	3.749593068153583175e+01
3.109300000000000068e+02	3.450000000000000178e+00	3.924219999999999686e+01	3.939690000000000225e+01	3.938220231261739457e+01
3.275899999999999750e+02	0.000000000000000000e+00	3.695949999999999847e+01	3.691270000000000095e+01	3.718784557842955962e+01
3.275899999999999750e+02	1.719999999999999973e+00	3.821490000000000009e+01	3.822030000000000172e+01	3.887414417384123766e+01
3.275899999999999750e+02	3.450000000000000178e+00	3.956439999999999912e+01	3.964549999999999841e+01	3.916456915163971786e+01
3.442599999999999909e+02	0.000000000000000000e+00	3.773160000000000025e+01	3.768430000000000035e+01	3.767780351613134115e+01
3.442599999999999909e+02	1.719999999999999973e+00	3.881920000000000215e+01	3.882900000000000063e+01	3.875228763757976225e+01
3.442599999999999909e+02	3.450000000000000178e+00	4.000079999999999814e+01	4.005319999999999681e+01	4.005814471922467135e+01
3.609300000000000068e+02	0.000000000000000000e+00	3.859089999999999776e+01	3.850970000000000226e+01	3.849263188154846915e+01
3.609300000000000068e+02	1.719999999999999973e+00	3.953090000000000259e+01	3.952040000000000219e+01	3.946243080594266672e+01
3.609300000000000068e+02	3.450000000000000178e+00	4.055140000000000100e+01	4.058509999999999707e+01	4.079139682811891987e+01
3.775899999999999750e+02	0.000000000000000000e+00	3.947710000000000008e+01	3.937989999999999924e+01	3.861897156238831030e+01
3.775899999999999750e+02	1.719999999999999973e+00	4.031640000000000157e+01	4.027890000000000015e+01	3.963208466513405170e+01
3.775899999999999750e+02	3.450000000000000178e+00	4.120259999999999678e+01	4.121450000000000102e+01	4.083136618745758994e+01
1.800000000000000000e+02	3.200000000000000178e+00	1.277547900000000027e+03	1.034530000000000030e+02	9.662893598769582013e+02
1.805000000000000000e+02	3.200000000000000178e+00	9.664186999999999443e+02	9.820130000000000337e+01	9.721314285553056607e+02
1.805999999999999943e+02	3.200000000000000178e+00	9.712496999999999616e+02	9.725650000000000261e+01	9.673004285553056434e+02
1.855000000000000000e+02	3.200000000000000178e+00	7.256199999999999761e+01	7.180429999999999779e+01	1.650758453489423516e+02
1.931999999999999886e+02	3.200000000000000178e+00	5.798859999999999815e+01	5.785020000000000095e+01	5.801929196967093105e+01
1.930999999999999943e+02	3.200000000000000178e+00	5.810099999999999909e+01	5.796350000000000335e+01	5.802370165596089180e+01
2.029000000000000057e+02	3.200000000000000178e+00	5.020439999999999969e+01	5.030830000000000268e+01	5.005006830925456285e+01
2.029000000000000057e+02	3.200000000000000178e+00	5.002790000000000248e+01	5.030830000000000268e+01	5.006315731575064376e+01
1.553700000000000045e+02	1.030000000000000027e+00	4.209550000000000125e+01	4.348660000000000281e+01	3.953825992702977032e+01
1.609300000000000068e+02	1.030000000000000027e+00	4.048420000000000130e+01	4.165720000000000312e+01	3.966384126237208818e+01
1.664799999999999898e+02	1.030000000000000027e+00	3.934290000000000020e+01	4.037669999999999959e+01	4.068748922803101209e+01
1.720399999999999920e+02	1.030000000000000027e+00	3.853719999999999857e+01	3.940959999999999752e+01	4.062161426612559723e+01
1.775900000000000034e+02	1.030000000000000027e+00	3.800010000000000332e+01	3.865540000000000020e+01	3.347029726438497477e+01
1.831500000000000057e+02	1.030000000000000027e+00	3.759729999999999706e+01	3.805330000000000013e+01	3.425929054681393637e+01
1.887100000000000080e+02	1.030000000000000027e+00	3.726160000000000139e+01	3.756830000000000069e+01	3.762661811545213197e+01
1.942599999999999909e+02	1.030000000000000027e+00	3.699300000000000210e+01	3.717569999999999908e+01	3.785866096765963817e+01
1.998199999999999932e+02	1.030000000000000027e+00	3.672449999999999903e+01	3.685620000000000118e+01	3.584850783394825413e+01
2.053700000000000045e+02	1.030000000000000027e+00	3.652309999999999945e+01	3.659779999999999944e+01	3.350793425882097409e+01
2.109300000000000068e+02	1.030000000000000027e+00	3.638880000000000337e+01	3.638949999999999818e+01	3.577108777589833721e+01
2.164799999999999898e+02	1.030000000000000027e+00	3.625450000000000017e+01	3.622480000000000189e+01	3.378412488558837623e+01
2.220399999999999920e+02	1.030000000000000027e+00	3.605310000000000059e+01	3.609709999999999752e+01	3.684928369824309868e+01
2.275900000000000034e+02	1.030000000000000027e+00	3.598599999999999710e+01	3.600240000000000151e+01	3.623903560340644248e+01
2.331500000000000057e+02	1.030000000000000027e+00	3.591879999999999740e+01	3.593690000000000140e+01	3.644962811215444276e+01
2.387100000000000080e+02	1.030000000000000027e+00	3.591879999999999740e+01	3.589789999999999992e+01	3.623319210439640869e+01
2.442599999999999909e+02	1.030000000000000027e+00	3.585170000000000101e+01	3.588309999999999889e+01	3.560656035352194237e+01
2.498199999999999932e+02	1.030000000000000027e+00	3.591879999999999740e+01	3.589039999999999964e+01	3.564138272369664406e+01
2.553700000000000045e+02	1.030000000000000027e+00	3.591879999999999740e+01	3.591819999999999879e+01	3.646229823726184094e+01
2.609300000000000068e+02	1.030000000000000027e+00	3.598599999999999710e+01	3.596529999999999916e+01	3.590597901129351754e+01
2.664800000000000182e+02	1.030000000000000027e+00	3.605310000000000059e+01	3.603029999999999688e+01	3.574017750170592223e+01
2.720400000000000205e+02	1.030000000000000027e+00	3.612019999999999698e+01	3.611229999999999762e+01	3.612685806160458668e+01
2.775899999999999750e+02	1.030000000000000027e+00	3.618739999999999668e+01	3.621000000000000085e+01	3.615466527601375901e+01
2.831499999999999773e+02	1.030000000000000027e+00	3.625450000000000017e+01	3.632309999999999661e+01	3.586773051494639475e+01
1.720399999999999920e+02	2.069999999999999840e+00	5.545600000000000307e+01	5.519189999999999685e+01	5.114488107429019692e+01
1.775900000000000034e+02	2.069999999999999840e+00	5.062210000000000321e+01	5.015529999999999688e+01	5.395398454588465853e+01
1.831500000000000057e+02	2.069999999999999840e+00	4.733229999999999649e+01	4.703629999999999711e+01	5.502744782692586512e+01
1.887100000000000080e+02	2.069999999999999840e+00	4.491530000000000200e+01	4.487409999999999854e+01	5.216335876150665740e+01
1.942599999999999909e+02	2.069999999999999840e+00	4.323689999999999856e+01	4.327980000000000160e+01	4.502686212869504345e+01
1.998199999999999932e+02	2.069999999999999840e+00	4.189410000000000167e+01	4.205490000000000350e+01	4.178537127884944624e+01
2.053700000000000045e+02	2.069999999999999840e+00	4.081989999999999696e+01	4.109449999999999648e+01	4.007246861892279099e+01
2.109300000000000068e+02	2.069999999999999840e+00	4.001420000000000243e+01	4.032670000000000243e+01	4.375020242701454265e+01
2.164799999999999898e+02	2.069999999999999840e+00	3.934290000000000020e+01	3.970889999999999986e+01	4.044209034492754995e+01
2.220399999999999920e+02	2.069999999999999840e+00	3.887290000000000134e+01	3.920720000000000027e+01	3.931504876269212900e+01
2.275900000000000034e+02	2.069999999999999840e+00	3.847010000000000218e+01	3.880060000000000286e+01	3.851478552999695637e+01
2.331500000000000057e+02	2.069999999999999840e+00	3.820150000000000290e+01	3.847090000000000032e+01	3.761855826835169836e+01
2.387100000000000080e+02	2.069999999999999840e+00	3.793299999999999983e+01	3.820620000000000260e+01	3.803630237485980103e+01
2.442599999999999909e+02	2.069999999999999840e+00	3.773160000000000025e+01	3.799689999999999657e+01	3.761087347604991749e+01
2.498199999999999932e+02	2.069999999999999840e+00	3.759729999999999706e+01	3.783489999999999753e+01	3.696134649739998679e+01
2.553700000000000045e+02	2.069999999999999840e+00	3.753009999999999735e+01	3.771470000000000056e+01	3.751263712046650767e+01
2.609300000000000068e+02	2.069999999999999840e+00	3.746300000000000097e+01	3.763089999999999691e+01	3.781413727456413909e+01
2.664800000000000182e+02	2.069999999999999840e+00	3.739589999999999748e+01	3.757990000000000208e+01	3.764188203432018298e+01
2.720400000000000205e+02	2.069999999999999840e+00	3.739589999999999748e+01	3.755830000000000268e+01	3.759307100366129362e+01
2.775899999999999750e+02	2.069999999999999840e+00	3.739589999999999748e+01	3.756320000000000192e+01	3.733879362247462552e+01
2.831499999999999773e+02	2.069999999999999840e+00	3.732869999999999777e+01	3.759250000000000114e+01	3.726686191537374526e+01
1.775900000000000034e+02	2.410000000000000142e+00	5.814150000000000063e+01	5.803629999999999711e+01	6.418567425283245598e+01
1.831500000000000057e+02	2.410000000000000142e+00	5.270329999999999870e+01	5.221710000000000207e+01	9.040117185403605617e+02
1.887100000000000080e+02	2.410000000000000142e+00	4.921220000000000283e+01	4.865370000000000061e+01	3.541181227547184562e+01
1.942599999999999909e+02	2.410000000000000142e+00	4.666089999999999804e+01	4.620889999999999986e+01	4.545274437403913481e+01
1.998199999999999932e+02	2.410000000000000142e+00	4.464679999999999893e+01	4.441360000000000241e+01	4.330175166809962661e+01
2.053700000000000045e+02	2.410000000000000142e+00	4.310260000000000247e+01	4.304760000000000275e+01	4.665853634613230838e+01
2.109300000000000068e+02	2.410000000000000142e+00	4.175979999999999848e+01	4.197740000000000293e+01	4.073686771842898935e+01
2.164799999999999898e+02	2.410000000000000142e+00	4.081989999999999696e+01	4.112769999999999726e+01	4.031862365132928261e+01
2.220399999999999920e+02	2.410000000000000142e+00	4.008140000000000214e+01	4.044290000000000163e+01	3.944365250365867581e+01
2.275900000000000034e+02	2.410000000000000142e+00	3.954429999999999978e+01	3.988929999999999865e+01	3.878959203231329411e+01
2.331500000000000057e+02	2.410000000000000142e+00	3.907430000000000092e+01	3.943910000000000338e+01	3.869801514948304799e+01
2.387100000000000080e+02	2.410000000000000142e+00	3.873859999999999815e+01	3.907430000000000092e+01	3.913125453751932525e+01
2.442599999999999909e+02	2.410000000000000142e+00	3.847010000000000218e+01	3.878110000000000213e+01	3.888812641665729330e+01
2.498199999999999932e+02	2.410000000000000142e+00	3.826870000000000260e+01	3.854760000000000275e+01	3.834900885160734418e+01
2.553700000000000045e+02	2.410000000000000142e+00	3.813439999999999941e+01	3.836610000000000298e+01	3.785755138968992384e+01
2.609300000000000068e+02	2.410000000000000142e+00	3.800010000000000332e+01	3.822910000000000252e+01	3.793906880528086845e+01
2.664800000000000182e+02	2.410000000000000142e+00	3.793299999999999983e+01	3.813179999999999836e+01	3.817143188209369953e+01
2.720400000000000205e+02	2.410000000000000142e+00	3.786580000000000013e+01	3.806929999999999836e+01	3.779189574493016579e+01
2.775899999999999750e+02	2.410000000000000142e+00	3.786580000000000013e+01	3.803820000000000334e+01	3.781142254388289814e+01
2.831499999999999773e+02	2.410000000000000142e+00	3.779869999999999663e+01	3.803529999999999944e+01	3.776655590502035409e+01
1.831500000000000057e+02	3.100000000000000089e+00	7.499309999999999832e+01	7.413429999999999609e+01	3.642628623714228979e+02
1.887100000000000080e+02	3.100000000000000089e+00	6.196840000000000259e+01	6.141389999999999816e+01	7.301894138569721804e+01
1.942599999999999909e+02	3.100000000000000089e+00	5.491890000000000072e+01	5.495389999999999731e+01	4.249764085181909934e+01
1.998199999999999932e+02	3.100000000000000089e+00	5.075630000000000308e+01	5.092960000000000065e+01	6.463212070667789533e+01
2.053700000000000045e+02	3.100000000000000089e+00	4.786939999999999884e+01	4.816129999999999711e+01	5.363066359755372048e+01
2.109300000000000068e+02	3.100000000000000089e+00	4.578810000000000002e+01	4.613170000000000215e+01	5.281357160706760823e+01
2.164799999999999898e+02	3.100000000000000089e+00	4.424389999999999645e+01	4.459109999999999729e+01	4.107132274899619517e+01
2.220399999999999920e+02	3.100000000000000089e+00	4.310260000000000247e+01	4.338669999999999760e+01	4.108284327716411610e+01
2.275900000000000034e+02	3.100000000000000089e+00	4.216270000000000095e+01	4.243189999999999884e+01	4.286388451125852583e+01
2.331500000000000057e+02	3.100000000000000089e+00	4.135699999999999932e+01	4.166320000000000334e+01	4.235971683579270319e+01
2.387100000000000080e+02	3.100000000000000089e+00	4.075280000000000058e+01	4.104099999999999682e+01	3.999713311787920134e+01
2.442599999999999909e+02	3.100000000000000089e+00	4.021569999999999823e+01	4.053670000000000329e+01	3.952968628182908617e+01
2.498199999999999932e+02	3.100000000000000089e+00	3.981280000000000285e+01	4.012680000000000291e+01	3.858433905453493651e+01
2.553700000000000045e+02	3.100000000000000089e+00	3.954429999999999978e+01	3.979659999999999798e+01	3.922705593359322762e+01
2.609300000000000068e+02	3.100000000000000089e+00	3.934290000000000020e+01	3.953260000000000218e+01	3.909576875175197586e+01
2.664800000000000182e+02	3.100000000000000089e+00	3.914150000000000063e+01	3.932609999999999673e+01	3.939439262286095556e+01
2.720400000000000205e+02	3.100000000000000089e+00	3.900719999999999743e+01	3.916850000000000165e+01	3.932602607306881737e+01
2.775899999999999750e+02	3.100000000000000089e+00	3.893999999999999773e+01	3.905429999999999779e+01	3.911261979479404971e+01
2.831499999999999773e+02	3.100000000000000089e+00	3.887290000000000134e+01	3.897809999999999775e+01	3.909151983711845446e+01
1.887100000000000080e+02	3.790000000000000036e+00	1.001698999999999984e+02	9.771469999999999345e+01	1.440804665172398416e+02
1.942599999999999909e+02	3.790000000000000036e+00	7.324760000000000559e+01	7.219110000000000582e+01	5.521940054150262966e+01
1.998199999999999932e+02	3.790000000000000036e+00	6.196840000000000259e+01	6.165740000000000265e+01	7.040330137247759978e+01
2.053700000000000045e+02	3.790000000000000036e+00	5.572449999999999903e+01	5.571959999999999980e+01	4.995927044007231643e+01
2.109300000000000068e+02	3.790000000000000036e+00	5.156199999999999761e+01	5.184250000000000114e+01	5.209195140620538211e+01
2.164799999999999898e+02	3.790000000000000036e+00	4.874219999999999686e+01	4.911030000000000229e+01	5.344226638253932293e+01
2.220399999999999920e+02	3.790000000000000036e+00	4.666089999999999804e+01	4.707900000000000063e+01	4.869078689810737615e+01
2.275900000000000034e+02	3.790000000000000036e+00	4.504959999999999809e+01	4.552360000000000184e+01	4.555050877306276647e+01
2.331500000000000057e+02	3.790000000000000036e+00	4.397540000000000049e+01	4.430049999999999955e+01	4.433582321156764294e+01
2.387100000000000080e+02	3.790000000000000036e+00	4.303549999999999898e+01	4.332529999999999859e+01	4.394190099214790735e+01
2.442599999999999909e+02	3.790000000000000036e+00	4.222979999999999734e+01	4.254070000000000107e+01	4.240813959475474348e+01
2.498199999999999932e+02	3.790000000000000036e+00	4.155839999999999890e+01	4.190310000000000201e+01	4.188635081165801921e+01
2.553700000000000045e+02	3.790000000000000036e+00	4.108850000000000335e+01	4.138559999999999661e+01	4.191368957403503970e+01
2.609300000000000068e+02	3.790000000000000036e+00	4.075280000000000058e+01	4.096479999999999677e+01	4.044100496908387754e+01
2.664800000000000182e+02	3.790000000000000036e+00	4.041709999999999781e+01	4.062579999999999814e+01	4.070686037960459203e+01
2.720400000000000205e+02	3.790000000000000036e+00	4.021569999999999823e+01	4.035470000000000113e+01	4.020611053203584362e+01
2.775899999999999750e+02	3.790000000000000036e+00	4.014849999999999852e+01	4.014280000000000115e+01	4.017848111457986704e+01
2.831499999999999773e+02	3.790000000000000036e+00	4.008140000000000214e+01	3.998129999999999740e+01	4.016883039587911952e+01
1.887100000000000080e+02	4.139999999999999680e+00	1.645552000000000135e+02	1.762400000000000091e+02	1.188247836646440874e+02
1.942599999999999909e+02	4.139999999999999680e+00	9.144199999999999307e+01	8.983509999999999707e+01	1.328683332008735931e+02
1.998199999999999932e+02	4.139999999999999680e+00	7.177049999999999841e+01	7.029269999999999641e+01	7.459132342813391858e+01
2.053700000000000045e+02	4.139999999999999680e+00	6.190120000000000289e+01	6.110349999999999682e+01	5.562304061400810440e+01
2.109300000000000068e+02	4.139999999999999680e+00	5.559029999999999916e+01	5.561899999999999977e+01	5.492707613573985270e+01
2.164799999999999898e+02	4.139999999999999680e+00	5.156199999999999761e+01	5.195329999999999870e+01	5.146872691820323098e+01
2.220399999999999920e+02	4.139999999999999680e+00	4.887650000000000006e+01	4.931969999999999743e+01	4.943141715135843128e+01
2.275900000000000034e+02	4.139999999999999680e+00	4.686229999999999762e+01	4.734949999999999903e+01	4.631844560938962729e+01
2.331500000000000057e+02	4.139999999999999680e+00	4.545239999999999725e+01	4.582529999999999859e+01	4.473048328571115917e+01
2.387100000000000080e+02	4.139999999999999680e+00	4.424389999999999645e+01	4.462360000000000326e+01	4.406759559659784031e+01
2.442599999999999909e+02	4.139999999999999680e+00	4.337109999999999843e+01	4.366380000000000194e+01	4.330568679374589180e+01
2.498199999999999932e+02	4.139999999999999680e+00	4.269980000000000331e+01	4.288689999999999714e+01	4.305771933235823923e+01
2.553700000000000045e+02	4.139999999999999680e+00	4.202839999999999776e+01	4.225699999999999790e+01	4.191660809698224455e+01
2.609300000000000068e+02	4.139999999999999680e+00	4.155839999999999890e+01	4.174349999999999739e+01	4.125805212427699331e+01
2.664800000000000182e+02	4.139999999999999680e+00	4.102129999999999654e+01	4.132719999999999771e+01	4.089819181117935898e+01
2.720400000000000205e+02	4.139999999999999680e+00	4.075280000000000058e+01	4.099090000000000344e+01	4.070217108308420961e+01
2.775899999999999750e+02	4.139999999999999680e+00	4.061849999999999739e+01	4.072319999999999851e+01	4.057841212931253949e+01
2.831499999999999773e+02	4.139999999999999680e+00	4.048420000000000130e+01	4.051359999999999673e+01	4.062242022872555935e+01
1.887100000000000080e+02	4.309999999999999609e+00	3.519374000000000251e+02	4.166030000000000086e+02	1.133183015068905490e+02
1.942599999999999909e+02	4.309999999999999609e+00	1.011098000000000070e+02	1.037669999999999959e+02	1.479206746851707521e+02
1.998199999999999932e+02	4.309999999999999609e+00	7.727580000000000382e+01	7.584499999999999886e+01	8.947703957516405637e+01
2.053700000000000045e+02	4.309999999999999609e+00	6.559380000000000166e+01	6.427589999999999293e+01	6.853240160757999888e+01
2.109300000000000068e+02	4.309999999999999609e+00	5.820859999999999701e+01	5.773930000000000007e+01	5.653741391381480952e+01
2.164799999999999898e+02	4.309999999999999609e+00	5.324040000000000106e+01	5.350169999999999959e+01	5.113751553836126362e+01
2.220399999999999920e+02	4.309999999999999609e+00	5.015209999999999724e+01	5.051469999999999771e+01	5.015248609117801948e+01
2.275900000000000034e+02	4.309999999999999609e+00	4.773510000000000275e+01	4.830859999999999843e+01	4.758557365783778437e+01
2.331500000000000057e+02	4.309999999999999609e+00	4.625809999999999889e+01	4.661690000000000111e+01	4.540737536687167619e+01
2.387100000000000080e+02	4.309999999999999609e+00	4.504959999999999809e+01	4.529140000000000299e+01	4.415493364611999283e+01
2.442599999999999909e+02	4.309999999999999609e+00	4.370680000000000121e+01	4.423709999999999809e+01	4.410602503438683897e+01
2.498199999999999932e+02	4.309999999999999609e+00	4.310260000000000247e+01	4.338609999999999900e+01	4.252914308259811804e+01
2.553700000000000045e+02	4.309999999999999609e+00	4.236410000000000053e+01	4.269689999999999941e+01	4.165245614739133373e+01
2.609300000000000068e+02	4.309999999999999609e+00	4.175979999999999848e+01	4.213479999999999848e+01	4.216594637003981205e+01
2.664800000000000182e+02	4.309999999999999609e+00	4.135699999999999932e+01	4.167840000000000344e+01	4.166297185222394717e+01
2.720400000000000205e+02	4.309999999999999609e+00	4.102129999999999654e+01	4.130830000000000268e+01	4.130057265921092124e+01
2.775899999999999750e+02	4.309999999999999609e+00	4.081989999999999696e+01	4.101209999999999667e+01	4.086667396037657340e+01
2.831499999999999773e+02	4.309999999999999609e+00	4.075280000000000058e+01	4.077779999999999916e+01	4.090031304002035029e+01
