# Temperature (K)	Pressure (MPa)	Experimental(kg/m3)	NIST(kg/m3)	Model(kg/m3)
1.650000000000000000e+02	2.372100000000000097e+00	3.207999999999999829e+01	3.260840000000000032e+02	3.390384334842044609e+02
1.300000000000000000e+02	2.473700000000000010e+00	3.207999999999999829e+01	3.968960000000000150e+02	3.914831638360070087e+02
1.907500000000000000e+02	4.570999999999999730e+00	1.160157159999999976e+02	1.140589999999999975e+02	3.029557163825425050e+02
1.908389999999999986e+02	4.634199999999999875e+00	1.638133119999999963e+02	1.428700000000000045e+02	3.028921780510845565e+02
1.905320000000000107e+02	4.583400000000000141e+00	1.789871519999999805e+02	1.278379999999999939e+02	3.032953191669171815e+02
1.907030000000000030e+02	4.659900000000000375e+00	2.063321439999999996e+02	2.039759999999999991e+02	3.031238057751460815e+02
1.889689999999999941e+02	4.386599999999999611e+00	2.205756639999999891e+02	2.199370000000000118e+02	3.054158263664240280e+02
1.892580000000000098e+02	4.450199999999999712e+00	2.205660399999999868e+02	2.198859999999999957e+02	3.050536827517971119e+02
1.897669999999999959e+02	4.563900000000000290e+00	2.205660399999999868e+02	2.199199999999999875e+02	3.044177125791355252e+02
1.901719999999999970e+02	4.654899999999999594e+00	2.205564160000000129e+02	2.199319999999999879e+02	3.039122699509707104e+02
1.904470000000000027e+02	4.717699999999999783e+00	2.205564160000000129e+02	2.200049999999999955e+02	3.035701793001314286e+02
1.905320000000000107e+02	4.737899999999999778e+00	2.206221799999999860e+02	2.200929999999999893e+02	3.034653104004676152e+02
1.907359999999999900e+02	4.783999999999999808e+00	2.205564160000000129e+02	2.200780000000000030e+02	3.032110064060912009e+02
1.876490000000000009e+02	4.327399999999999913e+00	2.401268199999999524e+02	2.397230000000000132e+02	3.073243901403886866e+02
1.889269999999999925e+02	4.677100000000000257e+00	2.401171960000000070e+02	2.397609999999999957e+02	3.057982534280582172e+02
1.905320000000000107e+02	5.121599999999999930e+00	2.401701280000000054e+02	2.397870000000000061e+02	3.038874828037901921e+02
1.833509999999999991e+02	3.825200000000000156e+00	2.650353359999999725e+02	2.642269999999999754e+02	3.131983215407639705e+02
1.852669999999999959e+02	4.488400000000000389e+00	2.650048599999999510e+02	2.641809999999999832e+02	3.110631637026592102e+02
1.892589999999999861e+02	5.897000000000000242e+00	2.649230559999999741e+02	2.641909999999999741e+02	3.066440536523620608e+02
1.905320000000000107e+02	6.351300000000000168e+00	2.650176920000000109e+02	2.641960000000000264e+02	3.052404809908267680e+02
1.791399999999999864e+02	3.304399999999999782e+00	2.817265599999999495e+02	2.812210000000000036e+02	3.189217032324838783e+02
1.798300000000000125e+02	3.584900000000000198e+00	2.817169359999999756e+02	2.811990000000000123e+02	3.181986214981640160e+02
1.810080000000000098e+02	4.065100000000000158e+00	2.816976880000000278e+02	2.811580000000000155e+02	3.169655923091330010e+02
1.644410000000000025e+02	5.477299999999999613e+00	2.816463600000000156e+02	3.388330000000000268e+02	3.432908140766828069e+02
1.905320000000000107e+02	8.009000000000000341e+00	2.816543800000000033e+02	2.808929999999999723e+02	3.070643934041391958e+02
1.828340000000000032e+02	6.551800000000000068e+00	2.914275519999999915e+02	2.954370000000000118e+02	3.169713415591432977e+02
1.626310000000000002e+02	6.549100000000000144e+00	2.965603520000000231e+02	3.457740000000000009e+02	3.471764409015603405e+02
1.756289999999999907e+02	3.137599999999999945e+00	2.966694239999999354e+02	2.955210000000000150e+02	3.239879205363484971e+02
1.780809999999999889e+02	4.293499999999999872e+00	2.966293239999999969e+02	2.954940000000000282e+02	3.215934225469112562e+02
1.882920000000000016e+02	9.164799999999999613e+00	2.964801519999999186e+02	2.953709999999999809e+02	3.116853902355912851e+02
1.905320000000000107e+02	1.021010000000000062e+01	2.965330840000000308e+02	2.951759999999999877e+02	3.094861908421205499e+02
1.725660000000000025e+02	5.500899999999999679e+00	3.207390480000000252e+02	3.193770000000000095e+02	3.311680614095463397e+02
1.784799999999999898e+02	9.008200000000000429e+00	3.206379959999999869e+02	3.192559999999999718e+02	3.261842552711736403e+02
1.868499999999999943e+02	1.397610000000000063e+01	3.204984479999999962e+02	3.191039999999999850e+02	3.191352215550657547e+02
1.905320000000000107e+02	1.615439999999999898e+01	3.205401519999999778e+02	3.190280000000000200e+02	3.160265072796262871e+02
1.727659999999999911e+02	1.138310000000000066e+01	3.402597279999999955e+02	3.387119999999999891e+02	3.373410058836442431e+02
1.768890000000000100e+02	1.428049999999999997e+01	3.401891519999999787e+02	3.386100000000000136e+02	3.343640984395825058e+02
1.816690000000000111e+02	1.763360000000000127e+01	3.400993280000000141e+02	3.385120000000000005e+02	3.309062185085840611e+02
1.897829999999999870e+02	2.325230000000000175e+01	3.399501559999999358e+02	3.382690000000000055e+02	3.249560165795682565e+02
1.905320000000000107e+02	2.377720000000000056e+01	3.400479999999999450e+02	3.382660000000000196e+02	3.244136216816276601e+02
1.687529999999999859e+02	1.694219999999999970e+01	3.594708360000000198e+02	3.578580000000000041e+02	3.494578452662929067e+02
1.801160000000000139e+02	2.626650000000000063e+01	3.592510879999999815e+02	3.575659999999999741e+02	3.427267999426810547e+02
1.885279999999999916e+02	3.304500000000000171e+01	3.587698879999999804e+02	3.573240000000000123e+02	3.376071099145385119e+02
1.905320000000000107e+02	3.464399999999999835e+01	3.591644719999999325e+02	3.572629999999999768e+02	3.363700018547486366e+02
1.145240000000000009e+02	8.944999999999999618e-01	4.192471039999999221e+02	4.189159999999999968e+02	4.128857546452640008e+02
1.145240000000000009e+02	4.751699999999999591e+00	4.228288360000000239e+02	4.225729999999999791e+02	4.171297040695438909e+02
1.145240000000000009e+02	7.542099999999999582e+00	4.252268159999999284e+02	4.250640000000000214e+02	4.201998887821617359e+02
1.145240000000000009e+02	1.038240000000000052e+01	4.275959240000000250e+02	4.274820000000000277e+02	4.233249768122825003e+02
1.145240000000000009e+02	1.332559999999999967e+01	4.299457840000000033e+02	4.298770000000000095e+02	4.265632823047487250e+02
1.145240000000000009e+02	1.634359999999999857e+01	4.323341399999999339e+02	4.322289999999999850e+02	4.298838877601245372e+02
1.145240000000000009e+02	1.966560000000000130e+01	4.347353279999999813e+02	4.347080000000000268e+02	4.335389743481823643e+02
1.145240000000000009e+02	2.324500000000000099e+01	4.373193719999999303e+02	4.372640000000000100e+02	4.385757319396540765e+02
1.145240000000000009e+02	2.715540000000000020e+01	4.399948440000000005e+02	4.399329999999999927e+02	4.439713117628203918e+02
1.145240000000000009e+02	3.129870000000000019e+01	4.332259639999999763e+02	4.426370000000000005e+02	4.496882475958102532e+02
1.194200000000000017e+02	8.327999999999999847e-01	4.119264479999999935e+02	4.115009999999999764e+02	3.995474946917227612e+02
1.194200000000000017e+02	3.027400000000000091e+00	4.143853799999999978e+02	4.138319999999999936e+02	4.025756093295911455e+02
1.194200000000000017e+02	6.214599999999999902e+00	4.175340320000000247e+02	4.170299999999999727e+02	4.069733159612389386e+02
1.194200000000000017e+02	1.040070000000000050e+01	4.213403240000000096e+02	4.209440000000000168e+02	4.127493073426209662e+02
1.194200000000000017e+02	1.490930000000000000e+01	4.251145359999999300e+02	4.248550000000000182e+02	4.189702850407409755e+02
1.194200000000000017e+02	1.983719999999999928e+01	4.290379199999999855e+02	4.288310000000000173e+02	4.257698139407464737e+02
1.194200000000000017e+02	2.537480000000000047e+01	4.331618039999999041e+02	4.329859999999999900e+02	4.334106084448295064e+02
1.194200000000000017e+02	3.169099999999999895e+01	4.371637840000000210e+02	4.373890000000000100e+02	4.421257172007320833e+02
1.249170000000000016e+02	9.796000000000000263e-01	4.042240400000000022e+02	4.031209999999999809e+02	3.906514515363324449e+02
1.249170000000000016e+02	4.496000000000000441e+00	4.080912839999999164e+02	4.072289999999999850e+02	3.955033891616858455e+02
1.249170000000000016e+02	8.418599999999999639e+00	4.120852439999999888e+02	4.114320000000000164e+02	4.009158025757487280e+02
1.249170000000000016e+02	1.251900000000000013e+01	4.160503320000000258e+02	4.154769999999999754e+02	4.065735448800940048e+02
1.249170000000000016e+02	1.686289999999999978e+01	4.198068999999999846e+02	4.194460000000000264e+02	4.125672691011075699e+02
1.249170000000000016e+02	2.179850000000000065e+01	4.238794560000000047e+02	4.236270000000000095e+02	4.193774224806137454e+02
1.249170000000000016e+02	2.736380000000000123e+01	4.282134639999999877e+02	4.279959999999999809e+02	4.270564375148471186e+02
1.309869999999999948e+02	1.502499999999999947e+00	3.944620959999999741e+02	3.939769999999999754e+02	3.813259262902855653e+02
1.309869999999999948e+02	4.624600000000000044e+00	3.951630440000000135e+02	3.981070000000000277e+02	3.856338077770662380e+02
1.309869999999999948e+02	7.934400000000000119e+00	4.030964280000000031e+02	4.021179999999999950e+02	3.902006781992010929e+02
1.309869999999999948e+02	1.151999999999999957e+01	4.066524959999999851e+02	4.061190000000000282e+02	3.951480981598048743e+02
1.309869999999999948e+02	1.577360000000000007e+01	4.103449039999999286e+02	4.104870000000000232e+02	4.010172262121319591e+02
1.309869999999999948e+02	2.007140000000000057e+01	4.142346039999999334e+02	4.145600000000000023e+02	4.069473415363963227e+02
1.309869999999999948e+02	2.493059999999999832e+01	4.184499159999999733e+02	4.188249999999999886e+02	4.136520780024178521e+02
1.309869999999999948e+02	3.028740000000000165e+01	4.229058279999999854e+02	4.231800000000000068e+02	4.210434042086212116e+02
1.343280000000000030e+02	6.891000000000000458e-01	3.880861959999999726e+02	3.871259999999999764e+02	3.746735937321464007e+02
1.343280000000000030e+02	2.712299999999999933e+00	3.910664279999999735e+02	3.901530000000000200e+02	3.774652102159408287e+02
1.343280000000000030e+02	5.783100000000000129e+00	3.952785319999999842e+02	3.943840000000000146e+02	3.817023078328030579e+02
1.343280000000000030e+02	9.129599999999999937e+00	3.994425160000000119e+02	3.985950000000000273e+02	3.863198170078817952e+02
1.343280000000000030e+02	1.278260000000000041e+01	4.034605359999999905e+02	4.028079999999999927e+02	3.913602356591774196e+02
1.343280000000000030e+02	1.662549999999999883e+01	4.075106359999999199e+02	4.068899999999999864e+02	3.966626788113985072e+02
1.343280000000000030e+02	2.094660000000000011e+01	4.116409360000000106e+02	4.111290000000000191e+02	4.026249435346707628e+02
1.343280000000000030e+02	2.576780000000000115e+01	4.159540920000000028e+02	4.154990000000000236e+02	4.092772475044561133e+02
1.343280000000000030e+02	3.102899999999999991e+01	4.205222840000000133e+02	4.199089999999999918e+02	4.165366645885504795e+02
1.390610000000000070e+02	1.252399999999999958e+00	3.806997759999999857e+02	3.796669999999999732e+02	3.676168060957331818e+02
1.390610000000000070e+02	3.825400000000000134e+00	3.848926319999999919e+02	3.838879999999999768e+02	3.711670380119074366e+02
1.390610000000000070e+02	7.489999999999999991e-01	3.891592719999999872e+02	3.787889999999999873e+02	3.669222135008627106e+02
1.390610000000000070e+02	9.876099999999999213e+00	3.933585439999999949e+02	3.924719999999999800e+02	3.795158091954262431e+02
1.390610000000000070e+02	1.323000000000000043e+01	3.974728039999999964e+02	3.966329999999999814e+02	3.841435289092453331e+02
1.390610000000000070e+02	1.690009999999999835e+01	4.015325280000000134e+02	4.008199999999999932e+02	3.892075421838466696e+02
1.390610000000000070e+02	2.096620000000000061e+01	4.057061360000000150e+02	4.050950000000000273e+02	3.948179572613265123e+02
1.393609999999999900e+02	2.549690000000000012e+01	4.099358839999999304e+02	4.091200000000000045e+02	4.005728705728301975e+02
1.390610000000000070e+02	3.060000000000000142e+01	4.145778599999999869e+02	4.140539999999999736e+02	4.081106988991180629e+02
1.455560000000000116e+02	1.299600000000000088e+00	3.686761920000000146e+02	3.675539999999999736e+02	3.569314515863046040e+02
1.455560000000000116e+02	3.527600000000000069e+00	3.731272920000000113e+02	3.719710000000000036e+02	3.600056516287593809e+02
1.455560000000000116e+02	6.036800000000000388e+00	3.775094199999999205e+02	3.764409999999999741e+02	3.634678521433585274e+02
1.455560000000000116e+02	8.736100000000000421e+00	3.819861839999999233e+02	3.807880000000000109e+02	3.671923531193897929e+02
1.455560000000000116e+02	1.171860000000000035e+01	3.863009440000000154e+02	3.851539999999999964e+02	3.713076141726308492e+02
1.455560000000000116e+02	1.491310000000000002e+01	3.906092879999999923e+02	3.894270000000000209e+02	3.757153933627660649e+02
1.455560000000000116e+02	1.840180000000000149e+01	3.949080079999999953e+02	3.937080000000000268e+02	3.805291104579688408e+02
1.455560000000000116e+02	2.225829999999999842e+01	3.993334439999999859e+02	3.980609999999999786e+02	3.852464461073741404e+02
1.455560000000000116e+02	2.658909999999999840e+01	4.038775759999999764e+02	4.025609999999999786e+02	3.910546321910093184e+02
1.455560000000000116e+02	3.145810000000000173e+01	4.085484240000000113e+02	4.072180000000000177e+02	3.975846169608483365e+02
1.507500000000000000e+02	3.102100000000000080e+00	3.627558280000000082e+02	3.612330000000000041e+02	3.507315461474955214e+02
1.507500000000000000e+02	5.188500000000000334e+00	3.639989279999999781e+02	3.656700000000000159e+02	3.535296895493834199e+02
1.507500000000000000e+02	7.511499999999999844e+00	3.715890560000000278e+02	3.701100000000000136e+02	3.566451454171871660e+02
1.507500000000000000e+02	1.003919999999999924e+01	3.759342920000000277e+02	3.744759999999999991e+02	3.600351315545299258e+02
1.507500000000000000e+02	1.280710000000000015e+01	3.801399799999999800e+02	3.788229999999999791e+02	3.637472582426463532e+02
1.507500000000000000e+02	1.574540000000000006e+01	3.843665199999999800e+02	3.830400000000000205e+02	3.676879142806865275e+02
1.507500000000000000e+02	1.900000000000000000e+01	3.885657919999999876e+02	3.873260000000000218e+02	3.720527712188501823e+02
1.507500000000000000e+02	2.261370000000000147e+01	3.929350880000000075e+02	3.916990000000000123e+02	3.768992296215547526e+02
1.507500000000000000e+02	2.664049999999999940e+01	3.973637320000000273e+02	3.961820000000000164e+02	3.822997107616629933e+02
1.507500000000000000e+02	3.098620000000000019e+01	4.019239039999999932e+02	4.006419999999999959e+02	3.881278797520695889e+02
1.582379999999999995e+02	2.289499999999999869e+00	3.453700719999999933e+02	3.430099999999999909e+02	3.369207097094474648e+02
1.582379999999999995e+02	3.962699999999999889e+00	3.502189640000000281e+02	3.479440000000000168e+02	3.391646962604630744e+02
1.582379999999999995e+02	5.895100000000000229e+00	3.550790840000000230e+02	3.529409999999999741e+02	3.417563049212226929e+02
1.582379999999999995e+02	8.025100000000000122e+00	3.598910839999999780e+02	3.578109999999999786e+02	3.446129217952740191e+02
1.582379999999999995e+02	1.038979999999999926e+01	3.645779719999999884e+02	3.626340000000000146e+02	3.477843029793446021e+02
1.582379999999999995e+02	1.293580000000000041e+01	3.691942839999999819e+02	3.673009999999999877e+02	3.511988318813798173e+02
1.582379999999999995e+02	1.576249999999999929e+01	3.737448319999999740e+02	3.719859999999999900e+02	3.549898172888361501e+02
1.582379999999999995e+02	1.890800000000000125e+01	3.782841520000000060e+02	3.767169999999999845e+02	3.592083564331222192e+02
1.582379999999999995e+02	2.236240000000000094e+01	3.829068800000000010e+02	3.814470000000000027e+02	3.638411720808798577e+02
1.582379999999999995e+02	2.617229999999999990e+01	3.876739680000000021e+02	3.862110000000000127e+02	3.689507611083209326e+02
1.582379999999999995e+02	3.045909999999999940e+01	3.925116320000000201e+02	3.911129999999999995e+02	3.746999372659191181e+02
1.583160000000000025e+02	3.055600000000000094e+00	3.282377479999999537e+02	3.451770000000000209e+02	3.378156422565477328e+02
1.588160000000000025e+02	4.220100000000000406e+00	3.330561639999999102e+02	3.474150000000000205e+02	3.385279658170587709e+02
1.588160000000000025e+02	5.626900000000000013e+00	3.378408959999999865e+02	3.511240000000000236e+02	3.404146740886156977e+02
1.588160000000000025e+02	7.146099999999999675e+00	3.425662799999999493e+02	3.547749999999999773e+02	3.424521258985026861e+02
1.658160000000000025e+02	8.763899999999999579e+00	3.472756239999999934e+02	3.452339999999999804e+02	3.327298247039554440e+02
1.658160000000000025e+02	1.062759999999999927e+01	3.518470240000000331e+02	3.497719999999999914e+02	3.352292974120163649e+02
1.658160000000000025e+02	1.254840000000000089e+01	3.563975720000000251e+02	3.539990000000000236e+02	3.378053489104570986e+02
1.658160000000000025e+02	1.467079999999999984e+01	3.609192479999999819e+02	3.582500000000000000e+02	3.406517731609204134e+02
1.658160000000000025e+02	1.696349999999999980e+01	3.653751599999999939e+02	3.624449999999999932e+02	3.437265926478397660e+02
1.658160000000000025e+02	1.949030000000000129e+01	3.698743799999999737e+02	3.666829999999999927e+02	3.471153717639683691e+02
1.658160000000000025e+02	2.524309999999999832e+01	3.790251999999999271e+02	3.751820000000000164e+02	3.548306513663364399e+02
1.658160000000000025e+02	2.888589999999999947e+01	3.835853720000000067e+02	3.799320000000000164e+02	3.597161367883061303e+02
1.710200000000000102e+02	3.051200000000000134e+00	3.121480240000000208e+02	3.115000000000000000e+02	3.162274802947786156e+02
1.710200000000000102e+02	3.962000000000000188e+00	3.169151120000000219e+02	3.164259999999999877e+02	3.174489857637392447e+02
1.710200000000000102e+02	4.988100000000000200e+00	3.218875120000000152e+02	3.212049999999999841e+02	3.188251240616096993e+02
1.710200000000000102e+02	6.185599999999999987e+00	3.268005639999999516e+02	3.260570000000000164e+02	3.204311328440871307e+02
1.710200000000000102e+02	7.531600000000000072e+00	3.316719120000000203e+02	3.308410000000000082e+02	3.222363001269384313e+02
1.710200000000000102e+02	9.017300000000000537e+00	3.365224079999999844e+02	3.355149999999999864e+02	3.242288239249566004e+02
1.710200000000000102e+02	1.062930000000000064e+01	3.412397720000000163e+02	3.400430000000000064e+02	3.263907330333938717e+02
1.710200000000000102e+02	1.240799999999999947e+01	3.458689160000000129e+02	3.445360000000000014e+02	3.287762092934292468e+02
1.710200000000000102e+02	1.428589999999999982e+01	3.504162559999999758e+02	3.488299999999999841e+02	3.312947261139838702e+02
1.710200000000000102e+02	1.636619999999999919e+01	3.549218920000000139e+02	3.531610000000000014e+02	3.340846885943075790e+02
1.713199999999999932e+02	1.863009999999999877e+01	3.594884799999999245e+02	3.570070000000000050e+02	3.366112267359031307e+02
1.710200000000000102e+02	2.108320000000000149e+01	3.639492040000000088e+02	3.617359999999999900e+02	3.404108208923834127e+02
1.710200000000000102e+02	2.381680000000000064e+01	3.685494760000000269e+02	3.661080000000000041e+02	3.440769466608846869e+02
1.710200000000000102e+02	2.680020000000000024e+01	3.732058879999999021e+02	3.704950000000000045e+02	3.480780878731126222e+02
1.710200000000000102e+02	3.008079999999999998e+01	3.795144199999999728e+02	3.749379999999999882e+02	3.524778143130251351e+02
1.728120000000000118e+02	2.691800000000000193e+00	3.032137440000000197e+02	3.029359999999999786e+02	3.141490944350582595e+02
1.728120000000000118e+02	3.417600000000000193e+00	3.082422839999999837e+02	3.078489999999999895e+02	3.151011927962223353e+02
1.728120000000000118e+02	4.311099999999999710e+00	3.134713239999999246e+02	3.129669999999999845e+02	3.162732786128386238e+02
1.723120000000000118e+02	5.364099999999999646e+00	3.186522439999999960e+02	3.194429999999999836e+02	3.185062470874409541e+02
1.728120000000000118e+02	6.553200000000000358e+00	3.238042919999999754e+02	3.231329999999999814e+02	3.192144466144452508e+02
1.728120000000000118e+02	7.894300000000000317e+00	3.304544759999999997e+02	3.280760000000000218e+02	3.209736903622506361e+02
1.728120000000000118e+02	9.395599999999999952e+00	3.306245000000000118e+02	3.329519999999999982e+02	3.229430831283232237e+02
1.728120000000000118e+02	1.103110000000000035e+01	3.387054519999999798e+02	3.376739999999999782e+02	3.250885183304228576e+02
1.728120000000000118e+02	1.239559999999999995e+01	3.434837679999999409e+02	3.412479999999999905e+02	3.268784580022448267e+02
1.728120000000000118e+02	1.487289999999999957e+01	3.482636879999999451e+02	3.470790000000000077e+02	3.301281593939666550e+02
1.723120000000000118e+02	1.694579999999999842e+01	3.529858639999999355e+02	3.522459999999999809e+02	3.336990241465398412e+02
1.728120000000000118e+02	1.933980000000000032e+01	3.577160600000000272e+02	3.560400000000000205e+02	3.359878014020736146e+02
1.728120000000000118e+02	2.190909999999999869e+01	3.625023959999999761e+02	3.605369999999999777e+02	3.393581876232624950e+02
1.728120000000000118e+02	2.474940000000000140e+01	3.673095839999999725e+02	3.650860000000000127e+02	3.430840693747285854e+02
1.723120000000000118e+02	2.791570000000000107e+01	3.721841400000000135e+02	3.703799999999999955e+02	3.480892470896836244e+02
1.728120000000000118e+02	3.134309999999999974e+01	3.771100240000000099e+02	3.743519999999999754e+02	3.517336298101204761e+02
1.795260000000000105e+02	3.828800000000000203e+00	2.863364559999999983e+02	2.854169999999999732e+02	3.042046198815785942e+02
1.795260000000000105e+02	4.391399999999999970e+00	2.916729639999999790e+02	2.907850000000000250e+02	3.049426338496012363e+02
1.795260000000000105e+02	5.037499999999999645e+00	2.970094720000000166e+02	2.959159999999999968e+02	3.057901824182816313e+02
1.795260000000000105e+02	5.836700000000000443e+00	3.022304920000000266e+02	3.012699999999999818e+02	3.068385662846942523e+02
1.795260000000000105e+02	6.735199999999999854e+00	3.074450959999999782e+02	3.064039999999999964e+02	3.080172110594334072e+02
1.795260000000000105e+02	7.761300000000000310e+00	3.125426079999999160e+02	3.114739999999999895e+02	3.093632404454772882e+02
1.795260000000000105e+02	8.912300000000000111e+00	3.176176639999999907e+02	3.164390000000000214e+02	3.108731126054385072e+02
1.795260000000000105e+02	1.022269999999999968e+01	3.225804399999999532e+02	3.214119999999999777e+02	3.125920843503675428e+02
1.795260000000000105e+02	1.165569999999999951e+01	3.275079279999999358e+02	3.262339999999999804e+02	3.144718817484771876e+02
1.795260000000000105e+02	1.322230000000000061e+01	3.323937119999999368e+02	3.309449999999999932e+02	3.165269345076391119e+02
1.795260000000000105e+02	1.496049999999999969e+01	3.372008999999999901e+02	3.356429999999999723e+02	3.188070907095890902e+02
1.795260000000000105e+02	1.665439999999999898e+01	3.419744039999999359e+02	3.397970000000000255e+02	3.210291345425679310e+02
1.795260000000000105e+02	1.894450000000000145e+01	3.467511160000000245e+02	3.448899999999999864e+02	3.240332685421569181e+02
1.795260000000000105e+02	2.124790000000000134e+01	3.515390560000000164e+02	3.495260000000000105e+02	3.270548493703539066e+02
1.795260000000000105e+02	2.375590000000000046e+01	3.563494519999999284e+02	3.541309999999999718e+02	3.303448227649522551e+02
1.795260000000000105e+02	2.650590000000000046e+01	3.611807000000000016e+02	3.587520000000000095e+02	3.339522497327135397e+02
1.795260000000000105e+02	2.951849999999999952e+01	3.580561079999999947e+02	3.633929999999999723e+02	3.379041531811058121e+02
1.832210000000000036e+02	5.325800000000000090e+00	2.618177119999999718e+02	2.845459999999999923e+02	2.998746644480710302e+02
1.882210000000000036e+02	5.703400000000000247e+00	2.672616879999999355e+02	2.666800000000000068e+02	2.918534780269769158e+02
1.882210000000000036e+02	6.138600000000000279e+00	2.727056640000000129e+02	2.720740000000000123e+02	2.924243697420203034e+02
1.882210000000000036e+02	6.663199999999999790e+00	2.781143519999999398e+02	2.775120000000000005e+02	2.931125356283067731e+02
1.882210000000000036e+02	7.274899999999999700e+00	2.738477119999999445e+02	2.828700000000000045e+02	2.939149585650993686e+02
1.882210000000000036e+02	7.965099999999999625e+00	2.887745360000000119e+02	2.880439999999999827e+02	2.948203571444262252e+02
1.882210000000000036e+02	8.767899999999999139e+00	2.940260319999999865e+02	2.932429999999999950e+02	2.958734634606879013e+02
1.832210000000000036e+02	8.843899999999999650e+00	2.945008159999999862e+02	3.070950000000000273e+02	3.044896785627185523e+02
1.882210000000000036e+02	9.742499999999999716e+00	2.996897559999999885e+02	2.987110000000000127e+02	2.971519355780624210e+02
1.882210000000000036e+02	1.079550000000000054e+01	3.047744359999999801e+02	3.038639999999999759e+02	2.985332521588086934e+02
1.882210000000000036e+02	1.195120000000000005e+01	3.098142040000000179e+02	3.088530000000000086e+02	3.000492897394058218e+02
1.332210000000000036e+02	1.313429999999999964e+01	3.148491600000000403e+02	4.047359999999999900e+02	3.952829787346589114e+02
1.332210000000000036e+02	1.450609999999999999e+01	3.198215599999999768e+02	4.061920000000000073e+02	3.970824944853403053e+02
1.882210000000000036e+02	1.614610000000000056e+01	3.248276440000000207e+02	3.232479999999999905e+02	3.055521244256102591e+02
1.882210000000000036e+02	1.785129999999999839e+01	3.295049080000000004e+02	3.280059999999999718e+02	3.077889915039474431e+02
1.882210000000000036e+02	1.972060000000000102e+01	3.343826720000000137e+02	3.327300000000000182e+02	3.102411235878877847e+02
1.882210000000000036e+02	2.177890000000000015e+01	3.392411880000000224e+02	3.374549999999999841e+02	3.129411842888853812e+02
1.882210000000000036e+02	2.432590000000000074e+01	3.441398040000000265e+02	3.427520000000000095e+02	3.258572748840700797e+02
1.382210000000000036e+02	2.649840000000000018e+01	3.489999240000000214e+02	4.114329999999999927e+02	4.142886239188789546e+02
1.882210000000000036e+02	2.917439999999999856e+01	3.537557839999999487e+02	3.515640000000000214e+02	3.356427815474845602e+02
1.112300000000000040e+02	2.869999999999999929e+01	4.476699839999999995e+02	4.447090000000000032e+02	4.641020977744163361e+02
1.112300000000000040e+02	4.020000000000000284e+01	4.540057840000000056e+02	4.515740000000000123e+02	4.873120238606830412e+02
1.112300000000000040e+02	5.189999999999999858e+01	4.607874959999999760e+02	4.578759999999999764e+02	5.109256008354067831e+02
1.112300000000000040e+02	7.259999999999999432e+01	4.709343999999999824e+02	4.677640000000000100e+02	5.527034677906876823e+02
1.211899999999999977e+02	2.180000000000000071e+01	4.286481479999999920e+02	4.281870000000000118e+02	4.334340412238740896e+02
1.211899999999999977e+02	3.350000000000000000e+01	4.372953119999999103e+02	4.366220000000000141e+02	4.570476181985972630e+02
1.211899999999999977e+02	7.459999999999999432e+01	4.599935159999999996e+02	4.595919999999999845e+02	5.399978757764733928e+02
1.211899999999999977e+02	9.420000000000000284e+01	4.685941639999999211e+02	4.683349999999999795e+02	5.795556628452417272e+02
1.211899999999999977e+02	1.144000000000000057e+02	4.763879999999999200e+02	4.763949999999999818e+02	6.203244025793807168e+02
1.317899999999999920e+02	4.650000000000000000e+01	4.355148720000000253e+02	4.338670000000000186e+02	4.654670274013940912e+02
1.317899999999999920e+02	6.070000000000000284e+01	4.443208319999999958e+02	4.425319999999999823e+02	4.941262404818280061e+02
1.317899999999999920e+02	7.459999999999999432e+01	4.519590799999999717e+02	4.500500000000000114e+02	5.221799772295769344e+02
1.317899999999999920e+02	8.920000000000000284e+01	4.588097639999999728e+02	4.571680000000000064e+02	5.516464920869246953e+02
1.317899999999999920e+02	1.047999999999999972e+02	4.657374399999999923e+02	4.640810000000000173e+02	5.831312613865565027e+02
1.438199999999999932e+02	4.829999999999999716e+01	4.236661240000000248e+02	4.227339999999999804e+02	4.488782514806028416e+02
1.438199999999999932e+02	7.050000000000000000e+01	4.377733039999999960e+02	4.370000000000000000e+02	4.936835000993094695e+02
1.433199999999999932e+02	9.679999999999999716e+01	4.513222920000000045e+02	4.511899999999999977e+02	5.476040588439707335e+02
1.569600000000000080e+02	4.950000000000000000e+01	4.094963879999999108e+02	4.102309999999999945e+02	4.292126863484929231e+02
1.569600000000000080e+02	6.170000000000000284e+01	4.195663000000000125e+02	4.193260000000000218e+02	4.538353905443584608e+02
1.569600000000000080e+02	7.690000000000000568e+01	4.289914039999999886e+02	4.291510000000000105e+02	4.845128580670768770e+02
1.569600000000000080e+02	9.509999999999999432e+01	4.390372560000000135e+02	4.393480000000000132e+02	5.212450889166467505e+02
1.676100000000000136e+02	4.150039999999999907e+01	3.923640639999999848e+02	3.918709999999999809e+02	3.951655128738410099e+02
1.676100000000000136e+02	5.500000000000000000e+01	4.052554119999999784e+02	4.040620000000000118e+02	4.224111405428992043e+02
1.676100000000000136e+02	7.509999999999999432e+01	4.192374800000000050e+02	4.187900000000000205e+02	4.629780548328094483e+02
1.676100000000000136e+02	9.359999999999999432e+01	4.304879359999999338e+02	4.300350000000000250e+02	5.003157620150653884e+02
1.792899999999999920e+02	4.879999999999999716e+01	3.875328160000000253e+02	3.867690000000000055e+02	3.902646559226482168e+02
1.792899999999999920e+02	7.559999999999999432e+01	4.098107719999999290e+02	4.090840000000000032e+02	4.443538749758613449e+02
1.792899999999999920e+02	1.002999999999999972e+02	4.252380440000000021e+02	4.247479999999999905e+02	4.942047597002793395e+02
1.380000000000000000e+02	4.027599999999999625e+00	7.908361599999997793e+01	3.859820000000000277e+02	3.693083183725656227e+02
1.900000000000000000e+02	5.186600000000000321e+00	2.466887839999999983e+02	2.462470000000000141e+02	2.842389163618688031e+02
1.860000000000000000e+02	4.561700000000000088e+00	2.610237319999999386e+02	2.608550000000000182e+02	2.897014444616012838e+02
1.900000000000000000e+02	5.907799999999999940e+00	2.607189720000000079e+02	2.605350000000000250e+02	2.856944814656442873e+02
1.820000000000000000e+02	4.132200000000000095e+00	2.772642319999999359e+02	2.771080000000000041e+02	2.955583394793560501e+02
1.860000000000000000e+02	5.694799999999999862e+00	2.769081439999999930e+02	2.767699999999999818e+02	2.919883285701533282e+02
1.900000000000000000e+02	7.267500000000000071e+00	2.765552640000000224e+02	2.764370000000000118e+02	2.884387020308179217e+02
1.760000000000000000e+02	3.217200000000000060e+00	2.948793600000000197e+02	2.946999999999999886e+02	3.037972396157396133e+02
1.800000000000000000e+02	5.043700000000000294e+00	2.944462799999999447e+02	2.942909999999999968e+02	3.007598460538558811e+02
1.840000000000000000e+02	6.869100000000000428e+00	2.940452799999999911e+02	2.938539999999999850e+02	2.977202324120853518e+02
1.880000000000000000e+02	8.690599999999999881e+00	2.936442799999999806e+02	2.934069999999999823e+02	2.946727475779901511e+02
1.700000000000000000e+02	2.636699999999999822e+00	3.128762399999999957e+02	3.123779999999999859e+02	3.127112458630671199e+02
1.740000000000000000e+02	4.774300000000000210e+00	3.123790000000000191e+02	3.119100000000000250e+02	3.103017312581779947e+02
1.780000000000000000e+02	6.900699999999999612e+00	3.119138399999999933e+02	3.114200000000000159e+02	3.078696122035350982e+02
1.820000000000000000e+02	9.011699999999999378e+00	3.114486800000000244e+02	3.109089999999999918e+02	3.054064120304811354e+02
1.860000000000000000e+02	1.111280000000000001e+01	3.109963520000000017e+02	3.104159999999999968e+02	3.029232311384483296e+02
1.900000000000000000e+02	1.320609999999999928e+01	3.105183599999999728e+02	3.099510000000000218e+02	3.004243078617660672e+02
1.640000000000000000e+02	2.028799999999999937e+00	3.276170000000000186e+02	3.273690000000000282e+02	3.215699519386764678e+02
1.680000000000000000e+02	4.468899999999999650e+00	3.270395599999999376e+02	3.268700000000000045e+02	3.197709593025780919e+02
1.720000000000000000e+02	6.382299999999999862e+00	3.265262799999999856e+02	3.244409999999999741e+02	3.182520526016107283e+02
1.760000000000000000e+02	9.269999999999999574e+00	3.259969600000000014e+02	3.257669999999999959e+02	3.152397939685765209e+02
1.800000000000000000e+02	1.163899999999999935e+01	3.254836799999999926e+02	3.252169999999999845e+02	3.115324520901168626e+02
1.840000000000000000e+02	1.399660000000000082e+01	3.249703999999999837e+02	3.247029999999999745e+02	3.078098336568127706e+02
1.880000000000000000e+02	1.634159999999999968e+01	3.245052400000000148e+02	3.242180000000000177e+02	3.040703306102591341e+02
1.580000000000000000e+02	1.983600000000000030e+00	3.427908399999999460e+02	3.425980000000000132e+02	3.364442906410227465e+02
1.620000000000000000e+02	4.753700000000000259e+00	3.421652799999999388e+02	3.420280000000000200e+02	3.332744422843293250e+02
1.660000000000000000e+02	7.474700000000000344e+00	3.415557600000000207e+02	3.413990000000000009e+02	3.300387975379110799e+02
1.700000000000000000e+02	1.015949999999999953e+01	3.409783199999999397e+02	3.407599999999999909e+02	3.267546430296182507e+02
1.740000000000000000e+02	1.282869999999999955e+01	3.404169199999999478e+02	3.401659999999999968e+02	3.234495837620642646e+02
1.780000000000000000e+02	1.548070000000000057e+01	3.398715599999999881e+02	3.396089999999999804e+02	3.201214756573765499e+02
1.820000000000000000e+02	1.812160000000000082e+01	3.393743200000000115e+02	3.390980000000000132e+02	3.167784930124451535e+02
1.860000000000000000e+02	2.075560000000000116e+01	3.389091599999999858e+02	3.386379999999999768e+02	3.134262640316869692e+02
1.900000000000000000e+02	2.338179999999999836e+01	3.384921199999999999e+02	3.382200000000000273e+02	3.100635826712986614e+02
1.520000000000000000e+02	1.459300000000000042e+00	3.548849999999999341e+02	3.546770000000000209e+02	3.460645788916092442e+02
1.560000000000000000e+02	4.588400000000000034e+00	3.541632000000000176e+02	3.542250000000000227e+02	3.433758080076518127e+02
1.600000000000000000e+02	7.492300000000000182e+00	3.535215999999999212e+02	3.533240000000000123e+02	3.403852581630810050e+02
1.640000000000000000e+02	1.044030000000000058e+01	3.528960400000000277e+02	3.526349999999999909e+02	3.374538044648822961e+02
1.680000000000000000e+02	1.336919999999999931e+01	3.522704800000000205e+02	3.519970000000000141e+02	3.344967558370760798e+02
1.720000000000000000e+02	1.627720000000000056e+01	3.517411599999999225e+02	3.514010000000000105e+02	3.315117001920547750e+02
1.760000000000000000e+02	1.917559999999999931e+01	3.479396799999999530e+02	3.508620000000000232e+02	3.285137800797958789e+02
1.800000000000000000e+02	2.206480000000000175e+01	3.506664799999999218e+02	3.503750000000000000e+02	3.255035315197677050e+02
1.840000000000000000e+02	2.495200000000000173e+01	3.502494399999999928e+02	3.499470000000000027e+02	3.224906028623987027e+02
1.880000000000000000e+02	2.783079999999999998e+01	3.498644800000000146e+02	3.495609999999999786e+02	3.194664177961967084e+02
1.460000000000000000e+02	1.312699999999999978e+00	3.636749199999999291e+02	3.667090000000000032e+02	3.561910035250710393e+02
1.400000000000000000e+02	1.226199999999999957e+00	3.780627999999999815e+02	3.779159999999999968e+02	3.663979650836346309e+02
1.500000000000000000e+02	4.070299999999999585e+00	3.628889599999999973e+02	3.647810000000000059e+02	3.530044045599958054e+02
1.540000000000000000e+02	7.946200000000000152e+00	3.654232799999999770e+02	3.652610000000000241e+02	3.513163820232210810e+02
1.560000000000000000e+02	1.117360000000000042e+01	3.647335600000000113e+02	3.678369999999999891e+02	3.522002965131030692e+02
1.620000000000000000e+02	1.438100000000000023e+01	3.544519199999999728e+02	3.638410000000000082e+02	3.461754928505285989e+02
1.660000000000000000e+02	1.757120000000000104e+01	3.634664000000000215e+02	3.632189999999999941e+02	3.435685989403426106e+02
1.700000000000000000e+02	2.075550000000000139e+01	3.532970399999999245e+02	3.626669999999999732e+02	3.409537987430004478e+02
1.740000000000000000e+02	2.393299999999999983e+01	3.624398400000000038e+02	3.621750000000000114e+02	3.383298862146985471e+02
1.760000000000000000e+02	2.711120000000000019e+01	3.620228000000000179e+02	3.643969999999999914e+02	3.391478703099878658e+02
1.820000000000000000e+02	3.027670000000000172e+01	3.616378399999999829e+02	3.613580000000000041e+02	3.330669186081166231e+02
1.860000000000000000e+02	3.342819999999999681e+01	3.613009999999999309e+02	3.609990000000000236e+02	3.304081648143794041e+02
1.440000000000000000e+02	4.891000000000000014e+00	3.772287200000000098e+02	3.771720000000000255e+02	3.644270582725018812e+02
1.480000000000000000e+02	8.449999999999999289e+00	3.764908800000000042e+02	3.763609999999999900e+02	3.623143743120230056e+02
1.520000000000000000e+02	1.195260000000000034e+01	3.757530399999999986e+02	3.755690000000000168e+02	3.601261116065240913e+02
1.560000000000000000e+02	1.543500000000000050e+01	3.750633199999999761e+02	3.748450000000000273e+02	3.579107799178790401e+02
1.600000000000000000e+02	1.890670000000000073e+01	3.744217199999999934e+02	3.741960000000000264e+02	3.556811097084591324e+02
1.640000000000000000e+02	2.237620000000000076e+01	3.738603200000000015e+02	3.736259999999999764e+02	3.534484913919641826e+02
1.660000000000000000e+02	2.584400000000000119e+01	3.733791200000000003e+02	3.757540000000000191e+02	3.546545535822519923e+02
1.720000000000000000e+02	2.930399999999999849e+01	3.729620800000000145e+02	3.726800000000000068e+02	3.489682462138636652e+02
1.760000000000000000e+02	3.275780000000000314e+01	3.725771199999999794e+02	3.722839999999999918e+02	3.467145891332407359e+02
1.340000000000000000e+02	6.861000000000000432e-01	3.878953200000000265e+02	3.876909999999999741e+02	3.759970805652258150e+02
1.380000000000000000e+02	4.638300000000000090e+00	3.869649999999999750e+02	3.868960000000000150e+02	3.744113037420157184e+02
1.420000000000000000e+02	6.463000000000000078e+00	3.861790399999999863e+02	3.830710000000000264e+02	3.699745733721640590e+02
1.460000000000000000e+02	1.222400000000000020e+01	3.853930799999999977e+02	3.851890000000000214e+02	3.708126765842844179e+02
1.500000000000000000e+02	1.596560000000000024e+01	3.846552399999999921e+02	3.844239999999999782e+02	3.689446855110522279e+02
1.540000000000000000e+02	1.970400000000000063e+01	3.839975999999999772e+02	3.837490000000000236e+02	3.676221721355857994e+02
1.340000000000000000e+02	5.840999999999999526e-01	3.877509600000000205e+02	3.875339999999999918e+02	3.753886641515787232e+02
1.360000000000000000e+02	2.576999999999999957e+00	3.872216399999999226e+02	3.871499999999999773e+02	3.747206918079656930e+02
1.380000000000000000e+02	4.525800000000000267e+00	3.868045999999999935e+02	3.867289999999999850e+02	3.739934851368628870e+02
1.400000000000000000e+02	6.451200000000000045e+00	3.864035999999999831e+02	3.863039999999999736e+02	3.732348480062759108e+02
1.420000000000000000e+02	8.334799999999999542e+00	3.860186400000000049e+02	3.858469999999999800e+02	3.724200658668664232e+02
1.440000000000000000e+02	1.021340000000000003e+01	3.856336800000000267e+02	3.854119999999999777e+02	3.715985678173105953e+02
1.460000000000000000e+02	1.209440000000000026e+01	3.852326800000000162e+02	3.850090000000000146e+02	3.707802934046244445e+02
1.480000000000000000e+02	1.397020000000000017e+01	3.848637600000000134e+02	3.846229999999999905e+02	3.699550344453870707e+02
1.500000000000000000e+02	1.583740000000000059e+01	3.844948400000000106e+02	3.842509999999999764e+02	3.691182241206980166e+02
1.520000000000000000e+02	1.770530000000000115e+01	3.841580000000000155e+02	3.839030000000000200e+02	3.682823540234290931e+02
1.540000000000000000e+02	1.957469999999999999e+01	3.838532400000000280e+02	3.835790000000000077e+02	3.674484986992042082e+02
1.560000000000000000e+02	2.144170000000000087e+01	3.835484799999999836e+02	3.832730000000000246e+02	3.666114197381093049e+02
1.580000000000000000e+02	2.328879999999999839e+01	3.832437199999999962e+02	3.829610000000000127e+02	3.657476114546321924e+02
1.600000000000000000e+02	2.516359999999999886e+01	3.829870799999999349e+02	3.827040000000000077e+02	3.649210093133654027e+02
1.620000000000000000e+02	2.703170000000000073e+01	3.827464800000000196e+02	3.824560000000000173e+02	3.640854078525023851e+02
1.640000000000000000e+02	2.689620000000000033e+01	3.825379599999999982e+02	3.797269999999999754e+02	3.605586068778443405e+02
1.660000000000000000e+02	3.076940000000000097e+01	3.823294399999999769e+02	3.820099999999999909e+02	3.624162197038204454e+02
1.680000000000000000e+02	3.263909999999999911e+01	3.821369599999999878e+02	3.818109999999999786e+02	3.615827673342044477e+02
1.700000000000000000e+02	3.449660000000000082e+01	3.819444799999999987e+02	3.816120000000000232e+02	3.607329281438317139e+02
1.300000000000000000e+02	7.286000000000000254e-01	3.946641999999999939e+02	3.945409999999999968e+02	3.822723535741953924e+02
1.320000000000000000e+02	2.822999999999999954e+00	3.941348800000000097e+02	3.941309999999999718e+02	3.817407142065505923e+02
1.340000000000000000e+02	4.878099999999999881e+00	3.937178400000000238e+02	3.936990000000000123e+02	3.811562877851567350e+02
1.360000000000000000e+02	6.889400000000000190e+00	3.932847600000000057e+02	3.932379999999999995e+02	3.805130299908816482e+02
1.380000000000000000e+02	8.863899999999999224e+00	3.928837599999999952e+02	3.927590000000000146e+02	3.798203430979299924e+02
1.400000000000000000e+02	1.084249999999999936e+01	3.924827599999999848e+02	3.923149999999999977e+02	3.791331632512993224e+02
1.420000000000000000e+02	1.281760000000000055e+01	3.920657199999999989e+02	3.918940000000000055e+02	3.784412822675654979e+02
1.440000000000000000e+02	1.478560000000000052e+01	3.916807600000000207e+02	3.914900000000000091e+02	3.777398646914239180e+02
1.460000000000000000e+02	1.675159999999999982e+01	3.913118400000000179e+02	3.911089999999999804e+02	3.770357607512245863e+02
1.460000000000000000e+02	1.872220000000000084e+01	3.909589599999999905e+02	3.934820000000000277e+02	3.796826352580546313e+02
1.500000000000000000e+02	2.069209999999999994e+01	3.906381600000000276e+02	3.904259999999999877e+02	3.756389699180731441e+02
1.520000000000000000e+02	2.266440000000000055e+01	3.903333999999999833e+02	3.901190000000000282e+02	3.749433280246577738e+02
1.540000000000000000e+02	2.461189999999999856e+01	3.900446800000000280e+02	3.898029999999999973e+02	3.742143752169171762e+02
1.560000000000000000e+02	2.659059999999999846e+01	3.897880400000000236e+02	3.895430000000000064e+02	3.735273296884884644e+02
1.580000000000000000e+02	2.856709999999999994e+01	3.895474399999999946e+02	3.892980000000000018e+02	3.728373291595964361e+02
1.600000000000000000e+02	3.054589999999999961e+01	3.893389199999999732e+02	3.890710000000000264e+02	3.721504179493705351e+02
1.620000000000000000e+02	3.251550000000000296e+01	3.891304000000000087e+02	3.888509999999999991e+02	3.714511494644759182e+02
1.640000000000000000e+02	3.449210000000000065e+01	3.889379200000000196e+02	3.886530000000000200e+02	3.707612832537861891e+02
1.260000000000000000e+02	4.794999999999999818e-01	4.009358399999999278e+02	4.007649999999999864e+02	3.886273665501013852e+02
1.260000000000000000e+02	2.673999999999999932e+00	4.003584000000000174e+02	4.034689999999999941e+02	3.915749795132791746e+02
1.300000000000000000e+02	4.827499999999999680e+00	3.999253199999999993e+02	3.998910000000000196e+02	3.877779223938674136e+02
1.320000000000000000e+02	6.944200000000000372e+00	3.994762000000000057e+02	3.994289999999999736e+02	3.872762359854752390e+02
1.340000000000000000e+02	9.020599999999999952e+00	3.990591600000000199e+02	3.989490000000000123e+02	3.867204193413039093e+02
1.360000000000000000e+02	1.109009999999999962e+01	3.986260800000000017e+02	3.984900000000000091e+02	3.861553347411312984e+02
1.380000000000000000e+02	1.314370000000000083e+01	3.982090400000000159e+02	3.980400000000000205e+02	3.855688935466927774e+02
1.400000000000000000e+02	1.520459999999999923e+01	3.946000399999999217e+02	3.976250000000000000e+02	3.849922575810684293e+02
1.420000000000000000e+02	1.726190000000000069e+01	3.974230800000000272e+02	3.972320000000000277e+02	3.844107861601387981e+02
1.440000000000000000e+02	1.932229999999999848e+01	3.970541600000000244e+02	3.968659999999999854e+02	3.838334786034998274e+02
1.460000000000000000e+02	2.138589999999999947e+01	3.967333600000000047e+02	3.965260000000000105e+02	3.832604692293542143e+02
1.480000000000000000e+02	2.345929999999999893e+01	3.964286000000000172e+02	3.962189999999999941e+02	3.827006230390954329e+02
1.480000000000000000e+02	2.345639999999999858e+01	3.964125599999999849e+02	3.962149999999999750e+02	3.830961788567407211e+02
1.500000000000000000e+02	2.552939999999999898e+01	3.961398800000000051e+02	3.959279999999999973e+02	3.825735523301054286e+02
1.520000000000000000e+02	2.760239999999999938e+01	3.955624399999999810e+02	3.956589999999999918e+02	3.820509258034700224e+02
1.540000000000000000e+02	2.966639999999999944e+01	3.956426399999999717e+02	3.953980000000000246e+02	3.815162048655922149e+02
1.560000000000000000e+02	3.173460000000000036e+01	3.954180799999999749e+02	3.951589999999999918e+02	3.809871279862938991e+02
1.580000000000000000e+02	3.380299999999999727e+01	3.952095600000000104e+02	3.949370000000000118e+02	3.804583198716900938e+02
1.220000000000000000e+02	3.482000000000000095e-01	4.071914400000000001e+02	4.069660000000000082e+02	3.950516808919622918e+02
1.240000000000000000e+02	2.616800000000000015e+00	4.065819199999999114e+02	4.064889999999999759e+02	3.947919062363334319e+02
1.260000000000000000e+02	4.881400000000000183e+00	4.061327999999999747e+02	4.060389999999999873e+02	3.945267562868186815e+02
1.280000000000000000e+02	7.036299999999999777e+00	4.056997200000000134e+02	4.054959999999999809e+02	3.941141889024909233e+02
1.300000000000000000e+02	9.221799999999999997e+00	4.052666399999999953e+02	4.050190000000000055e+02	3.937427425163888870e+02
1.320000000000000000e+02	1.140390000000000015e+01	4.048335599999999772e+02	4.045670000000000073e+02	3.933667271304832411e+02
1.340000000000000000e+02	1.357859999999999978e+01	4.044004800000000159e+02	4.041349999999999909e+02	3.929807674508890614e+02
1.340000000000000000e+02	1.358140000000000036e+01	4.043844399999999837e+02	4.041379999999999768e+02	3.929845301566097078e+02
1.360000000000000000e+02	1.571729999999999983e+01	4.039513600000000224e+02	4.036909999999999741e+02	3.925464301263250491e+02
1.380000000000000000e+02	1.738009999999999877e+01	4.035663999999999874e+02	4.027679999999999723e+02	3.914725672117207296e+02
1.400000000000000000e+02	2.004299999999999926e+01	4.031974799999999846e+02	4.029300000000000068e+02	3.917426621508654421e+02
1.420000000000000000e+02	2.221440000000000126e+01	4.028606399999999326e+02	4.025930000000000177e+02	3.913522678538159880e+02
1.440000000000000000e+02	2.436649999999999849e+01	4.025558800000000019e+02	4.022570000000000050e+02	3.909359377637687203e+02
1.460000000000000000e+02	2.656429999999999936e+01	4.022832000000000221e+02	4.019889999999999759e+02	3.905810204063640185e+02
1.480000000000000000e+02	2.874620000000000175e+01	4.020265600000000177e+02	4.017230000000000132e+02	3.902047362557644306e+02
1.500000000000000000e+02	3.092820000000000036e+01	4.017859599999999318e+02	4.014759999999999991e+02	3.898285864875121547e+02
1.520000000000000000e+02	3.309369999999999834e+01	4.015613999999999919e+02	4.012289999999999850e+02	3.894302636319812336e+02
1.540000000000000000e+02	3.527259999999999707e+01	4.013528800000000274e+02	4.010120000000000005e+02	3.890499480109673982e+02
1.180000000000000000e+02	4.739999999999999769e-01	4.134630799999999908e+02	4.132780000000000200e+02	4.018374790503694385e+02
1.200000000000000000e+02	2.848700000000000010e+00	4.128535600000000159e+02	4.127850000000000250e+02	4.017202840650562621e+02
1.220000000000000000e+02	5.181400000000000006e+00	4.123883999999999901e+02	4.122810000000000059e+02	4.015466484939442466e+02
1.240000000000000000e+02	7.430299999999999905e+00	4.119392799999999966e+02	4.117210000000000036e+02	4.012604005159282679e+02
1.260000000000000000e+02	9.719599999999999795e+00	4.114901600000000030e+02	4.112350000000000136e+02	4.010284430061574881e+02
1.280000000000000000e+02	1.200099999999999945e+01	4.014010000000000105e+02	4.107699999999999818e+02	4.007858692909623528e+02
1.300000000000000000e+02	1.428459999999999930e+01	4.105919200000000160e+02	4.103349999999999795e+02	4.005462519874040481e+02
1.320000000000000000e+02	1.655539999999999878e+01	4.102069599999999809e+02	4.099130000000000109e+02	4.002894337434119620e+02
1.340000000000000000e+02	1.883200000000000074e+01	4.098220000000000027e+02	4.095230000000000246e+02	4.000404096755540309e+02
1.360000000000000000e+02	2.110620000000000118e+01	4.094049600000000169e+02	4.091539999999999964e+02	3.997881604313649859e+02
1.380000000000000000e+02	2.338550000000000040e+01	4.090681200000000217e+02	4.088129999999999882e+02	3.995427646868798774e+02
1.380000000000000000e+02	2.334450000000000003e+01	4.090681200000000217e+02	4.087740000000000009e+02	3.994876679245525111e+02
1.400000000000000000e+02	2.563309999999999889e+01	4.087633599999999774e+02	4.084639999999999986e+02	3.992547697383510013e+02
1.420000000000000000e+02	2.793299999999999983e+01	4.084746400000000222e+02	4.081840000000000259e+02	3.990370567573768312e+02
1.440000000000000000e+02	3.022090000000000032e+01	4.082180000000000177e+02	4.079130000000000109e+02	3.988032178947458988e+02
1.460000000000000000e+02	3.252270000000000039e+01	4.079773999999999319e+02	4.076720000000000255e+02	3.985880581783675893e+02
1.480000000000000000e+02	3.481479999999999819e+01	4.077688800000000242e+02	4.074399999999999977e+02	3.983598633743163191e+02
1.140000000000000000e+02	4.106000000000000205e-01	4.193176799999999957e+02	4.192149999999999750e+02	4.083690258079872137e+02
1.160000000000000000e+02	2.889600000000000168e+00	4.186921199999999885e+02	4.187060000000000173e+02	4.083919916107411723e+02
1.180000000000000000e+02	5.290799999999999947e+00	4.181948800000000119e+02	4.181549999999999727e+02	4.083104079474199466e+02
1.200000000000000000e+02	7.635799999999999699e+00	4.177457600000000184e+02	4.175830000000000268e+02	4.081533014050058910e+02
1.220000000000000000e+02	1.001619999999999955e+01	4.172645600000000172e+02	4.170760000000000218e+02	4.080437662134798416e+02
1.240000000000000000e+02	1.239289999999999914e+01	4.167993999999999346e+02	4.165950000000000273e+02	4.079292588751090989e+02
1.260000000000000000e+02	1.476549999999999940e+01	4.163342400000000225e+02	4.161379999999999768e+02	4.078092418605057787e+02
1.280000000000000000e+02	1.713380000000000081e+01	4.159011600000000044e+02	4.157040000000000077e+02	4.076834464049755411e+02
1.300000000000000000e+02	1.951229999999999976e+01	4.155001599999999939e+02	4.153059999999999832e+02	4.075713579488536311e+02
1.320000000000000000e+02	2.189549999999999841e+01	4.151312399999999343e+02	4.149350000000000023e+02	4.081400412652526484e+02
1.320000000000000000e+02	2.185340000000000060e+01	4.151152000000000157e+02	4.148980000000000246e+02	4.080832040110589105e+02
1.340000000000000000e+02	2.424409999999999954e+01	4.147783600000000206e+02	4.145570000000000164e+02	4.080016700461695791e+02
1.360000000000000000e+02	2.664399999999999835e+01	4.144735999999999194e+02	4.142470000000000141e+02	4.079325565738834598e+02
1.380000000000000000e+02	2.904739999999999966e+01	4.141848800000000210e+02	4.139590000000000032e+02	4.078681682890004367e+02
1.400000000000000000e+02	3.145769999999999911e+01	4.139442799999999920e+02	4.136970000000000027e+02	4.078130953735695812e+02
1.420000000000000000e+02	3.382900000000000063e+01	4.137036800000000198e+02	4.134200000000000159e+02	4.077053703699309040e+02
1.100000000000000000e+02	5.935000000000000275e-01	4.253647599999999329e+02	4.252379999999999995e+02	4.157813773678042821e+02
1.120000000000000000e+02	3.183899999999999952e+00	4.247391999999999825e+02	4.247169999999999845e+02	4.159694490956120489e+02
1.140000000000000000e+02	5.644400000000000084e+00	4.242419600000000059e+02	4.241129999999999995e+02	4.159821488680806283e+02
1.160000000000000000e+02	8.105399999999999494e+00	4.237607600000000048e+02	4.235430000000000064e+02	4.159955236673205263e+02
1.180000000000000000e+02	1.058699999999999974e+01	4.232635200000000282e+02	4.230210000000000150e+02	4.160367095695630724e+02
1.200000000000000000e+02	1.306589999999999918e+01	4.227662799999999947e+02	4.225280000000000200e+02	4.160742503272374506e+02
1.220000000000000000e+02	1.553999999999999915e+01	4.222850799999999936e+02	4.220579999999999927e+02	4.161053108279014054e+02
1.240000000000000000e+02	1.801539999999999964e+01	4.218359600000000000e+02	4.216170000000000186e+02	4.161381263981719485e+02
1.260000000000000000e+02	2.049749999999999872e+01	4.214349599999999896e+02	4.212069999999999936e+02	4.161799873271862680e+02
1.280000000000000000e+02	2.298920000000000030e+01	4.210660399999999868e+02	4.208299999999999841e+02	4.162348087702212638e+02
1.300000000000000000e+02	2.549060000000000059e+01	4.207291999999999916e+02	4.204830000000000041e+02	4.163027257326310178e+02
1.320000000000000000e+02	2.800250000000000128e+01	4.204244400000000041e+02	4.201680000000000064e+02	4.163848182572506857e+02
1.340000000000000000e+02	3.052139999999999986e+01	4.201357199999999921e+02	4.198779999999999859e+02	4.164763611566772283e+02
1.340000000000000000e+02	3.049670000000000059e+01	4.201196800000000167e+02	4.198580000000000041e+02	4.164430148341448330e+02
1.360000000000000000e+02	3.301850000000000307e+01	4.198630400000000122e+02	4.195899999999999750e+02	4.165384728888481050e+02
1.060000000000000000e+02	1.202199999999999935e+00	4.314920399999999745e+02	4.314630000000000223e+02	4.232213689040287932e+02
1.080000000000000000e+02	3.898600000000000065e+00	4.308985599999999749e+02	4.309209999999999923e+02	4.235525463074794743e+02
1.100000000000000000e+02	6.459100000000000286e+00	4.304013199999999983e+02	4.303000000000000114e+02	4.237002514343280950e+02
1.120000000000000000e+02	9.029999999999999361e+00	4.298880399999999327e+02	4.297210000000000036e+02	4.238619971180322068e+02
1.140000000000000000e+02	1.161219999999999963e+01	4.293587200000000053e+02	4.291820000000000164e+02	4.240389984067808200e+02
1.160000000000000000e+02	1.418709999999999916e+01	4.288454399999999964e+02	4.286669999999999732e+02	4.242061443046604836e+02
1.190000000000000000e+02	1.676529999999999987e+01	4.283642399999999952e+02	4.269189999999999827e+02	4.227231918932058079e+02
1.200000000000000000e+02	1.935389999999999944e+01	4.279311599999999203e+02	4.277339999999999804e+02	4.245633870106631207e+02
1.220000000000000000e+02	2.195420000000000016e+01	4.275141199999999344e+02	4.273210000000000264e+02	4.247648242685546620e+02
1.240000000000000000e+02	2.458200000000000074e+01	4.271500119999998901e+02	4.269529999999999745e+02	4.250033879989010757e+02
1.240000000000000000e+02	2.456759999999999877e+01	4.271612400000000207e+02	4.269409999999999741e+02	4.249839472278705443e+02
1.260000000000000000e+02	2.720489999999999853e+01	4.172004000000000019e+02	4.266039999999999850e+02	4.252353364668828135e+02
1.280000000000000000e+02	2.935099999999999909e+01	4.265356800000000135e+02	4.259130000000000109e+02	4.248235794051799417e+02
1.300000000000000000e+02	3.250200000000000244e+01	4.262469600000000014e+02	4.260090000000000146e+02	4.257684911496432392e+02
1.320000000000000000e+02	3.514229999999999876e+01	4.260063599999999724e+02	4.257350000000000136e+02	4.260239305492872290e+02
1.020000000000000000e+02	8.474000000000000421e-01	4.368012800000000198e+02	4.367500000000000000e+02	4.293605838508000261e+02
1.040000000000000000e+02	3.648899999999999810e+00	4.361596799999999803e+02	4.361929999999999836e+02	4.298336518817046681e+02
1.060000000000000000e+02	6.303399999999999892e+00	4.356464000000000283e+02	4.355550000000000068e+02	4.301082620416702866e+02
1.080000000000000000e+02	8.951499999999999346e+00	4.351170799999999304e+02	4.349460000000000264e+02	4.303742318589561933e+02
1.100000000000000000e+02	1.162180000000000035e+01	4.345717199999999139e+02	4.343849999999999909e+02	4.306701728649140364e+02
1.120000000000000000e+02	1.429369999999999941e+01	4.340423999999999296e+02	4.338559999999999945e+02	4.309682739565421343e+02
1.140000000000000000e+02	1.696120000000000161e+01	4.335451600000000099e+02	4.333519999999999754e+02	4.312604348125768752e+02
1.160000000000000000e+02	1.964799999999999969e+01	4.330960400000000163e+02	4.328899999999999864e+02	4.315786517020073916e+02
1.160000000000000000e+02	1.964709999999999823e+01	4.330960400000000163e+02	4.328890000000000100e+02	4.315774366538182107e+02
1.180000000000000000e+02	2.235679999999999978e+01	4.326950400000000059e+02	4.324710000000000036e+02	4.319265697694019082e+02
1.200000000000000000e+02	2.508620000000000161e+01	4.323100800000000277e+02	4.320910000000000082e+02	4.323022989397984475e+02
1.220000000000000000e+02	2.762780000000000058e+01	4.319732399999999757e+02	4.315980000000000132e+02	4.324244880546695526e+02
1.240000000000000000e+02	3.358979999999999677e+01	4.316684799999999882e+02	4.335480000000000018e+02	4.371644003107592766e+02
1.260000000000000000e+02	3.334239999999999782e+01	4.313958000000000084e+02	4.311349999999999909e+02	4.372939745603197821e+02
9.800000000000000000e+01	1.245700000000000029e+00	4.424794400000000110e+02	4.425230000000000246e+02	4.426808484899248128e+02
1.000000000000000000e+02	4.140699999999999825e+00	4.386619200000000092e+02	4.419370000000000118e+02	4.431126485771557100e+02
1.020000000000000000e+02	6.869600000000000151e+00	4.413566399999999135e+02	4.412649999999999864e+02	4.433192855986168297e+02
1.040000000000000000e+02	9.627000000000000668e+00	4.407952399999999784e+02	4.406460000000000150e+02	4.435645568607430960e+02
1.060000000000000000e+02	1.240019999999999989e+01	4.402498799999999051e+02	4.400710000000000264e+02	4.438312464036591791e+02
1.080000000000000000e+02	1.517559999999999931e+01	4.397045200000000023e+02	4.395269999999999868e+02	4.441009182388373233e+02
1.100000000000000000e+02	1.796490000000000009e+01	4.392072800000000257e+02	4.390210000000000150e+02	4.443894327387602061e+02
1.120000000000000000e+02	2.077939999999999898e+01	4.387421199999999999e+02	4.385609999999999786e+02	4.447121080409553997e+02
1.140000000000000000e+02	2.361479999999999890e+01	4.383411199999999894e+02	4.381410000000000196e+02	4.450631151196383257e+02
1.160000000000000000e+02	2.647520000000000095e+01	4.379721999999999866e+02	4.377629999999999768e+02	4.454480118831151003e+02
1.160000000000000000e+02	2.648939999999999984e+01	4.379721999999999866e+02	4.377730000000000246e+02	4.454672612240776743e+02
1.180000000000000000e+02	2.936120000000000019e+01	4.376514000000000237e+02	4.374259999999999877e+02	4.458676116838201438e+02
1.200000000000000000e+02	3.224459999999999837e+01	4.373466399999999794e+02	4.371089999999999804e+02	4.462836869573065428e+02
9.400000000000000000e+01	7.512999999999999678e-01	4.475159999999999059e+02	4.475590000000000259e+02	4.489958969072102377e+02
9.600000000000000000e+01	3.751700000000000035e+00	4.388223199999999906e+02	4.469569999999999936e+02	4.495705759055313138e+02
9.800000000000000000e+01	6.561700000000000088e+00	4.431050000000000182e+02	4.462579999999999814e+02	4.498871510644636373e+02
1.000000000000000000e+02	9.406100000000000350e+00	4.457355600000000209e+02	4.456170000000000186e+02	4.502503584296722465e+02
1.020000000000000000e+02	1.227250000000000085e+01	4.451581199999999967e+02	4.450219999999999914e+02	4.506433887174991924e+02
1.040000000000000000e+02	1.513630000000000031e+01	4.446127599999999802e+02	4.444560000000000173e+02	4.510328944781080622e+02
1.060000000000000000e+02	1.302219999999999978e+01	4.440834399999999960e+02	4.405110000000000241e+02	4.446744217613270393e+02
1.080000000000000000e+02	2.093509999999999849e+01	4.436182800000000270e+02	4.434590000000000032e+02	4.519084238216173048e+02
1.100000000000000000e+02	2.337280000000000157e+01	4.431852000000000089e+02	4.426970000000000027e+02	4.517203137946011680e+02
1.120000000000000000e+02	2.683940000000000126e+01	4.428162800000000061e+02	4.426360000000000241e+02	4.529269676349561564e+02
1.140000000000000000e+02	2.982610000000000028e+01	4.424794400000000110e+02	4.422830000000000155e+02	4.534830750860104445e+02
1.160000000000000000e+02	3.263470000000000226e+01	4.421746800000000235e+02	4.418389999999999986e+02	4.537977524225945558e+02
9.200000000000000000e+01	4.412300000000000111e+00	4.524723599999999806e+02	4.526070000000000277e+02	4.574513277602873131e+02
9.400000000000000000e+01	7.285199999999999676e+00	4.198469999999999800e+02	4.518690000000000282e+02	4.578531693661608983e+02
9.600000000000000000e+01	1.025430000000000064e+01	4.513174799999999891e+02	4.512259999999999991e+02	4.583854184791202897e+02
9.800000000000000000e+01	1.323629999999999995e+01	4.186600399999999809e+02	4.506220000000000141e+02	4.589351546694337571e+02
1.000000000000000000e+02	1.621799999999999997e+01	4.501786399999999730e+02	4.500489999999999782e+02	4.594844841835292186e+02
1.000000000000000000e+02	1.621900000000000119e+01	4.501786399999999730e+02	4.500489999999999782e+02	4.594858397709210180e+02
1.020000000000000000e+02	1.922429999999999950e+01	4.496653600000000210e+02	4.495199999999999818e+02	4.600671611474616611e+02
1.040000000000000000e+02	2.226869999999999905e+01	4.491841600000000199e+02	4.490430000000000064e+02	4.607014859910206610e+02
1.060000000000000000e+02	2.635510000000000019e+01	4.487350400000000263e+02	4.492289999999999850e+02	4.627483328967817329e+02
1.060000000000000000e+02	2.846409999999999840e+01	4.483981999999999175e+02	4.504990000000000236e+02	4.656072667059808055e+02
1.100000000000000000e+02	3.150179999999999936e+01	4.480774000000000115e+02	4.478269999999999982e+02	4.627398837021313511e+02
1.120000000000000000e+02	3.476270000000000238e+01	4.477726400000000240e+02	4.475779999999999745e+02	4.636676932160031583e+02
9.400000000000000000e+01	1.281329999999999991e+01	4.553916399999999953e+02	4.552789999999999964e+02	4.653469920264903976e+02
9.600000000000000000e+01	1.588930000000000042e+01	4.547981599999999958e+02	4.546870000000000118e+02	4.660241534316276102e+02
9.600000000000000000e+01	1.898860000000000170e+01	4.221888400000000274e+02	4.565079999999999814e+02	4.702255254348760900e+02
1.000000000000000000e+02	2.213380000000000081e+01	4.537715999999999212e+02	4.536440000000000055e+02	4.675038680756396161e+02
1.020000000000000000e+02	2.532219999999999871e+01	4.212745600000000081e+02	4.532029999999999745e+02	4.683333975036102288e+02
1.040000000000000000e+02	2.854400000000000048e+01	4.529695999999999003e+02	4.528070000000000164e+02	4.692082035504648729e+02
1.060000000000000000e+02	3.180489999999999995e+01	4.526327600000000189e+02	4.524580000000000268e+02	4.701360130643373054e+02
1.080000000000000000e+02	3.503059999999999974e+01	4.202479999999999336e+02	4.521109999999999900e+02	4.710161059020190919e+02
9.800000000000000000e+01	2.496430000000000149e+01	4.576372400000000198e+02	4.575860000000000127e+02	4.748334835998692824e+02
1.000000000000000000e+02	2.828430000000000177e+01	4.572522799999999847e+02	4.571700000000000159e+02	4.758414083285941274e+02
1.000000000000000000e+02	2.829350000000000165e+01	4.572522799999999847e+02	4.571759999999999877e+02	4.758538797325979317e+02
1.040000000000000000e+02	3.500930000000000319e+01	4.565946400000000267e+02	4.564599999999999795e+02	4.779724827143413108e+02
