# Temperature (K)	Pressure (MPa)	Experimental(kg/m3)	NIST(kg/m3)	Model(kg/m3)
2.528329999999999984e+02	4.589699999999999669e+00	4.250439599999999984e+01	4.091550000000000153e+01	1.401608851455968932e+02
2.033990000000000009e+02	4.855900000000000105e+00	4.075282800000000094e+01	7.513330000000000553e+01	1.827636999222889074e+02
2.733799999999999955e+02	5.105800000000000338e+00	4.086029599999999817e+01	4.088020000000000209e+01	1.245834537270883118e+02
2.085740000000000123e+02	6.027000000000000135e+00	1.036408559999999994e+02	1.032789999999999964e+02	1.823789487271639018e+02
2.232340000000000089e+02	7.234600000000000364e+00	1.035718839999999830e+02	1.034180000000000064e+02	1.741175706297862007e+02
2.344399999999999977e+02	8.143299999999999983e+00	1.035205559999999849e+02	1.034260000000000019e+02	1.677537531918505067e+02
2.437330000000000041e+02	8.891299999999999315e+00	1.034708320000000015e+02	1.034339999999999975e+02	1.624573715912684406e+02
2.437729999999999961e+02	8.893900000000000361e+00	1.034708320000000015e+02	1.034240000000000066e+02	1.624324682660801216e+02
2.513760000000000048e+02	9.501799999999999358e+00	1.034307319999999777e+02	1.034189999999999969e+02	1.580854365278091791e+02
2.621899999999999977e+02	1.035050000000000026e+01	1.033810079999999800e+02	1.032690000000000055e+02	1.518483429018307334e+02
2.721549999999999727e+02	1.114780000000000015e+01	1.033312839999999966e+02	1.033760000000000048e+02	1.461526870520738157e+02
2.721850000000000023e+02	1.114939999999999998e+01	1.033312839999999966e+02	1.033670000000000044e+02	1.461328199558879817e+02
1.910320000000000107e+02	4.614499999999999602e+00	1.160349640000000022e+02	1.178439999999999941e+02	1.923748933691658749e+02
1.933249999999999886e+02	4.833599999999999675e+00	1.159948640000000069e+02	1.149030000000000058e+02	1.911854176491783903e+02
1.977369999999999948e+02	5.272199999999999775e+00	1.159756160000000023e+02	1.152770000000000010e+02	1.889545963676871168e+02
2.027529999999999859e+02	5.762699999999999712e+00	1.159451399999999950e+02	1.155060000000000002e+02	1.863906965130077538e+02
2.032239999999999895e+02	6.290899999999999714e+00	1.159146640000000019e+02	1.492299999999999898e+02	1.877886834525587005e+02
2.121649999999999920e+02	6.668899999999999828e+00	1.158954159999999831e+02	1.157079999999999984e+02	1.815316375464533110e+02
2.171359999999999957e+02	7.142100000000000115e+00	1.158649400000000043e+02	1.157390000000000043e+02	1.789468952669382134e+02
2.229259999999999877e+02	7.690900000000000070e+00	1.158360679999999974e+02	1.157750000000000057e+02	1.759282729908204885e+02
2.300500000000000114e+02	8.361399999999999721e+00	1.157959680000000020e+02	1.157720000000000056e+02	1.721980510605002621e+02
2.373360000000000127e+02	9.043200000000000571e+00	1.157558680000000066e+02	1.157540000000000049e+02	1.683695877882156822e+02
2.427090000000000032e+02	9.543400000000000105e+00	1.157253919999999994e+02	1.157300000000000040e+02	1.655375241019766577e+02
2.484439999999999884e+02	1.007569999999999943e+01	1.156949160000000063e+02	1.157079999999999984e+02	1.625092135846838346e+02
2.501939999999999884e+02	1.023760000000000048e+01	1.156852920000000040e+02	1.156989999999999981e+02	1.615833483948015896e+02
2.534449999999999932e+02	1.053780000000000072e+01	1.156660439999999994e+02	1.156790000000000020e+02	1.598614386400063552e+02
2.536419999999999959e+02	1.101720000000000077e+01	1.156355680000000064e+02	1.221650000000000063e+02	1.613246825710664325e+02
2.630500000000000114e+02	1.142290000000000028e+01	1.156147160000000014e+02	1.156410000000000053e+02	1.547678663602672486e+02
2.683009999999999877e+02	1.190489999999999959e+01	1.155858439999999945e+02	1.156189999999999998e+02	1.519768514856642128e+02
2.731709999999999923e+02	1.236040000000000028e+01	1.155553680000000014e+02	1.157030000000000030e+02	1.494171437549617565e+02
1.910320000000000107e+02	4.657899999999999707e+00	1.450080159999999978e+02	1.407319999999999993e+02	1.925224040537003418e+02
1.915509999999999877e+02	4.731799999999999784e+00	1.577854799999999784e+02	1.476320000000000050e+02	1.923357987698509532e+02
1.929379999999999882e+02	4.928200000000000358e+00	1.577758559999999761e+02	1.535970000000000084e+02	1.918333882426428545e+02
1.952429999999999950e+02	5.256300000000000416e+00	1.577550040000000138e+02	1.561939999999999884e+02	1.910042665545994396e+02
1.975620000000000118e+02	5.586999999999999744e+00	1.577453799999999831e+02	1.568880000000000052e+02	1.901721727823913568e+02
2.004110000000000014e+02	5.997700000000000031e+00	1.577261319999999785e+02	1.575459999999999923e+02	1.891649281929259701e+02
2.028290000000000077e+02	6.341700000000000337e+00	1.577052800000000161e+02	1.574120000000000061e+02	1.882945318901702478e+02
2.063700000000000045e+02	6.850299999999999834e+00	1.576748039999999662e+02	1.575229999999999961e+02	1.870363276418962641e+02
2.135029999999999859e+02	7.877100000000000435e+00	1.576250799999999685e+02	1.576220000000000141e+02	1.845095292640812943e+02
2.236469999999999914e+02	9.338900000000000645e+00	1.575448799999999778e+02	1.576189999999999998e+02	1.809214301829228475e+02
2.363979999999999961e+02	1.117670000000000030e+01	1.574454319999999825e+02	1.575620000000000118e+02	1.764122751853190039e+02
2.481469999999999914e+02	1.286739999999999995e+01	1.573652319999999918e+02	1.574869999999999948e+02	1.722483436262783414e+02
2.551630000000000109e+02	1.387490000000000023e+01	1.573058839999999918e+02	1.574360000000000070e+02	1.697546377636796251e+02
2.731669999999999732e+02	1.645039999999999836e+01	1.571759599999999750e+02	1.572909999999999968e+02	1.633218703207544422e+02
1.910320000000000107e+02	4.660700000000000287e+00	1.638598279999999932e+02	1.448750000000000000e+02	1.925319208720573840e+02
1.910399999999999920e+02	4.661800000000000388e+00	1.638133119999999963e+02	1.449449999999999932e+02	1.925289115479651798e+02
1.912290000000000134e+02	4.690000000000000391e+00	1.638133119999999963e+02	1.498249999999999886e+02	1.924653362522193447e+02
1.914279999999999973e+02	4.718799999999999883e+00	1.638133119999999963e+02	1.523110000000000070e+02	1.923953651819916502e+02
1.918199999999999932e+02	4.776200000000000223e+00	1.638133119999999963e+02	1.560000000000000000e+02	1.922598043244171890e+02
1.920759999999999934e+02	4.813100000000000378e+00	1.638133119999999963e+02	1.568849999999999909e+02	1.921692840217530147e+02
1.935219999999999914e+02	5.026299999999999990e+00	1.637924599999999771e+02	1.607779999999999916e+02	1.916742073577490260e+02
1.951579999999999870e+02	5.269999999999999574e+00	1.637828359999999464e+02	1.623280000000000030e+02	1.911225292752368716e+02
1.979259999999999877e+02	5.683600000000000207e+00	1.637619840000000124e+02	1.630910000000000082e+02	1.901934656413796176e+02
2.005749999999999886e+02	6.081400000000000361e+00	1.637427359999999794e+02	1.633770000000000095e+02	1.893110775642255135e+02
2.040370000000000061e+02	6.603600000000000136e+00	1.637122599999999863e+02	1.635569999999999879e+02	1.881657350945982046e+02
2.078549999999999898e+02	7.179899999999999949e+00	1.636833880000000079e+02	1.635589999999999975e+02	1.869039818509149029e+02
2.078549999999999898e+02	7.183300000000000018e+00	1.636833880000000079e+02	1.637309999999999945e+02	1.869155379874913763e+02
2.130440000000000111e+02	7.969100000000000072e+00	1.636432879999999841e+02	1.636719999999999970e+02	1.852093954793784292e+02
2.333859999999999957e+02	1.106879999999999953e+01	1.634828880000000026e+02	1.636200000000000045e+02	1.785861877138595730e+02
2.528870000000000005e+02	1.403870000000000040e+01	1.633337159999999812e+02	1.634739999999999895e+02	1.722311987364034280e+02
2.730160000000000196e+02	1.709250000000000114e+01	1.631733159999999714e+02	1.633160000000000025e+02	1.656316506016422068e+02
2.730579999999999927e+02	1.709669999999999845e+01	1.631733159999999714e+02	1.632959999999999923e+02	1.656104984398319857e+02
1.910320000000000107e+02	4.664299999999999891e+00	1.789775280000000066e+02	1.528129999999999882e+02	1.925441567813736015e+02
1.918480000000000132e+02	4.798300000000000232e+00	1.789149719999999775e+02	1.751109999999999900e+02	1.923113009526000781e+02
1.918729999999999905e+02	4.800900000000000389e+00	1.789149719999999775e+02	1.739950000000000045e+02	1.922990502664638655e+02
1.932479999999999905e+02	5.024799999999999933e+00	1.789053480000000036e+02	1.766839999999999975e+02	1.919002306022186133e+02
1.951100000000000136e+02	5.333999999999999631e+00	1.788957239999999729e+02	1.778400000000000034e+02	1.913805449969364645e+02
1.973000000000000114e+02	5.699200000000000266e+00	1.788716639999999813e+02	1.780680000000000121e+02	1.907745247181899799e+02
1.992160000000000082e+02	6.022800000000000153e+00	1.788556239999999775e+02	1.783429999999999893e+02	1.902582332495852597e+02
2.009010000000000105e+02	6.309199999999999697e+00	1.788460000000000036e+02	1.785149999999999864e+02	1.898103546927814875e+02
2.030639999999999930e+02	6.678200000000000358e+00	1.788251479999999844e+02	1.786200000000000045e+02	1.892400248463848413e+02
2.075639999999999930e+02	7.451600000000000001e+00	1.787850479999999891e+02	1.787259999999999991e+02	1.880729143155304826e+02
2.131970000000000027e+02	8.426600000000000534e+00	1.787353239999999914e+02	1.787450000000000045e+02	1.866353187033175800e+02
2.132040000000000077e+02	8.428200000000000358e+00	1.787353239999999914e+02	1.787570000000000050e+02	1.866348523203448622e+02
2.132119999999999891e+02	8.429299999999999571e+00	1.787353239999999914e+02	1.787479999999999905e+02	1.761130395671787596e+02
2.231839999999999975e+02	1.016600000000000037e+01	1.786454999999999984e+02	1.787079999999999984e+02	1.743817018269074595e+02
2.331610000000000014e+02	1.191220000000000034e+01	1.785652999999999793e+02	1.786750000000000114e+02	1.726800125602090077e+02
2.431370000000000005e+02	1.366009999999999991e+01	1.784754759999999578e+02	1.786140000000000043e+02	1.709851247341388500e+02
2.531529999999999916e+02	1.541230000000000011e+01	1.783952759999999955e+02	1.785169999999999959e+02	1.692738629177417238e+02
2.631240000000000236e+02	1.715540000000000020e+01	1.783054520000000025e+02	1.784300000000000068e+02	1.675659478225738326e+02
2.730919999999999845e+02	1.889770000000000039e+01	1.782252519999999834e+02	1.783679999999999950e+02	1.658575721330344095e+02
2.731499999999999773e+02	1.889270000000000138e+01	1.782252519999999834e+02	1.782479999999999905e+02	1.657940980955114014e+02
1.910320000000000107e+02	4.670099999999999696e+00	1.887362640000000056e+02	1.724720000000000084e+02	1.803303612518278953e+02
1.924979999999999905e+02	4.929499999999999993e+00	1.886705000000000041e+02	1.869960000000000093e+02	1.800902804045577170e+02
1.958400000000000034e+02	5.525599999999999845e+00	1.886416279999999972e+02	1.880749999999999886e+02	1.795597830791001002e+02
1.981819999999999879e+02	5.951100000000000279e+00	1.886207759999999496e+02	1.883069999999999879e+02	1.792154870006702936e+02
2.034339999999999975e+02	6.919200000000000017e+00	1.885710520000000088e+02	1.884939999999999998e+02	1.784925655213368145e+02
2.120339999999999918e+02	8.530799999999999272e+00	1.884908519999999896e+02	1.884900000000000091e+02	1.774020362382608766e+02
2.120349999999999966e+02	8.531000000000000583e+00	1.884908519999999896e+02	1.884900000000000091e+02	1.774019540079525541e+02
2.226320000000000050e+02	1.054069999999999929e+01	1.883914039999999943e+02	1.884389999999999930e+02	1.761426134445821390e+02
2.334019999999999868e+02	1.259559999999999924e+01	1.883015800000000013e+02	1.883799999999999955e+02	1.749065331585908609e+02
2.334029999999999916e+02	1.259730000000000061e+01	1.883015800000000013e+02	1.884010000000000105e+02	1.749117555680087150e+02
2.370329999999999870e+02	1.329219999999999935e+01	1.882614800000000059e+02	1.883899999999999864e+02	1.745032766848784433e+02
2.370339999999999918e+02	1.329199999999999982e+01	1.882614800000000059e+02	1.883839999999999861e+02	1.745017798839763827e+02
2.433779999999999859e+02	1.450530000000000008e+01	1.882005279999999914e+02	1.883360000000000127e+02	1.737838391376492950e+02
2.433810000000000002e+02	1.450500000000000078e+01	1.882005279999999914e+02	1.883259999999999934e+02	1.737804096628885304e+02
2.532839999999999918e+02	1.639870000000000161e+01	1.881219319999999868e+02	1.882439999999999998e+02	1.726587674573820266e+02
2.634490000000000123e+02	1.834019999999999939e+01	1.880208800000000053e+02	1.881519999999999868e+02	1.714993133492491211e+02
2.683000000000000114e+02	1.926829999999999998e+01	1.879807800000000100e+02	1.881289999999999907e+02	1.709515305682431290e+02
2.683000000000000114e+02	1.926780000000000115e+01	1.879807800000000100e+02	1.881260000000000048e+02	1.709497623550010985e+02
2.726940000000000168e+02	2.010500000000000043e+01	1.879406799999999862e+02	1.880840000000000032e+02	1.704413270381736822e+02
2.726949999999999932e+02	2.010490000000000066e+01	1.879406799999999862e+02	1.880809999999999889e+02	1.704401838799201983e+02
2.726979999999999791e+02	2.010460000000000136e+01	1.879406799999999862e+02	1.880749999999999886e+02	1.704367544051592915e+02
1.910320000000000107e+02	4.724700000000000344e+00	2.063947000000000003e+02	2.042189999999999941e+02	1.805234501378601237e+02
1.914540000000000077e+02	4.809700000000000308e+00	2.031241440000000011e+02	2.046779999999999973e+02	1.804908708036079474e+02
1.923969999999999914e+02	4.996900000000000119e+00	2.063225199999999973e+02	2.046819999999999879e+02	1.804083766257134585e+02
1.965049999999999955e+02	5.852100000000000080e+00	2.030744200000000035e+02	2.058350000000000080e+02	1.801893984486921170e+02
2.035730000000000075e+02	7.364200000000000301e+00	2.062134479999999996e+02	2.060649999999999977e+02	1.799565326376394694e+02
2.092949999999999875e+02	8.611000000000000654e+00	2.061524960000000135e+02	2.060529999999999973e+02	1.798481408849748675e+02
2.186220000000000141e+02	1.066820000000000057e+01	2.060626719999999921e+02	2.060130000000000052e+02	1.797594653982248190e+02
2.281030000000000086e+02	1.277549999999999919e+01	2.059632239999999967e+02	2.059499999999999886e+02	1.797263794751250998e+02
2.385500000000000114e+02	1.510929999999999929e+01	2.058621719999999868e+02	2.058979999999999961e+02	1.797316220760365013e+02
2.459199999999999875e+02	1.675459999999999994e+01	2.025755760000000123e+02	2.058199999999999932e+02	1.797313745598916341e+02
2.529720000000000084e+02	1.833470000000000155e+01	2.057129999999999939e+02	2.057909999999999968e+02	1.797516179994417769e+02
2.601080000000000041e+02	1.992999999999999972e+01	2.056424240000000054e+02	2.057340000000000089e+02	1.797592958107122740e+02
2.673120000000000118e+02	2.153729999999999833e+01	2.023654520000000048e+02	2.056639999999999873e+02	1.797557236786371391e+02
2.741510000000000105e+02	2.305760000000000076e+01	2.055028759999999863e+02	2.055790000000000077e+02	1.797326556383489162e+02
1.910749999999999886e+02	4.861500000000000377e+00	2.205451879999999960e+02	2.201069999999999993e+02	1.809732841098617655e+02
1.928919999999999959e+02	5.281699999999999839e+00	2.204938600000000122e+02	2.202090000000000032e+02	1.810247406638050336e+02
1.950480000000000018e+02	5.789299999999999891e+00	2.205066919999999868e+02	2.202870000000000061e+02	1.811176351022908193e+02
1.950649999999999977e+02	5.792799999999999727e+00	2.205066919999999868e+02	2.202620000000000005e+02	1.811165908296965199e+02
1.970999999999999943e+02	6.278699999999999726e+00	2.204858399999999961e+02	2.203100000000000023e+02	1.812282762017083542e+02
2.030099999999999909e+02	6.981200000000000294e+00	2.204553640000000030e+02	1.954230000000000018e+02	1.790465785799633238e+02
2.033220000000000027e+02	7.790399999999999991e+00	2.204152640000000076e+02	2.203220000000000027e+02	1.816619260220755336e+02
2.071970000000000027e+02	8.743900000000000006e+00	2.203767679999999984e+02	2.202649999999999864e+02	1.819745357044573382e+02
2.133230000000000075e+02	1.027059999999999995e+01	2.203061920000000100e+02	2.202779999999999916e+02	1.825370254201868647e+02
2.227920000000000016e+02	1.264320000000000022e+01	2.202067439999999863e+02	2.201670000000000016e+02	1.834516276305835447e+02
2.278460000000000036e+02	1.391740000000000066e+01	2.201554160000000024e+02	2.201330000000000098e+02	1.839675303878682087e+02
2.332719999999999914e+02	1.528839999999999932e+01	2.200960680000000025e+02	2.200949999999999989e+02	1.845320594236739282e+02
2.385060000000000002e+02	1.661090000000000089e+01	2.200367200000000025e+02	2.200430000000000064e+02	1.850766587712019771e+02
2.429850000000000136e+02	1.774289999999999878e+01	2.199853919999999903e+02	2.199950000000000045e+02	1.855436531554460942e+02
2.487659999999999911e+02	1.920260000000000034e+01	2.199260439999999903e+02	2.199240000000000066e+02	1.861415851805402326e+02
2.531109999999999900e+02	2.030049999999999955e+01	2.198859439999999950e+02	2.198789999999999907e+02	1.865937825127753626e+02
2.583140000000000214e+02	2.161449999999999960e+01	2.198265959999999950e+02	2.198249999999999886e+02	1.871327972189501168e+02
2.629320000000000164e+02	2.278109999999999857e+01	2.197768719999999973e+02	2.197860000000000014e+02	1.876124092904193219e+02
2.678190000000000168e+02	2.401170000000000115e+01	2.196934640000000059e+02	2.197290000000000134e+02	1.881059729590680831e+02
2.678860000000000241e+02	2.402659999999999840e+01	2.196934640000000059e+02	2.197170000000000130e+02	1.881057681681317320e+02
2.731530000000000200e+02	2.535510000000000019e+01	2.196661960000000136e+02	2.196779999999999973e+02	1.886455320595922274e+02
1.914530000000000030e+02	5.378599999999999604e+00	2.400867200000000139e+02	2.397829999999999870e+02	1.825035333460218965e+02
1.948040000000000020e+02	6.325599999999999667e+00	2.400466199999999901e+02	2.397659999999999911e+02	1.832068624333905973e+02
1.996109999999999900e+02	7.710399999999999920e+00	2.399872719999999902e+02	2.397709999999999866e+02	1.843089043143060053e+02
2.030540000000000020e+02	8.713499999999999801e+00	2.399471719999999948e+02	2.397479999999999905e+02	1.851379914917532687e+02
2.076270000000000095e+02	1.005739999999999945e+01	2.398974479999999971e+02	2.397230000000000132e+02	1.862801401810894788e+02
2.129350000000000023e+02	1.162650000000000006e+01	2.398364960000000110e+02	2.396699999999999875e+02	1.876383981448123848e+02
2.213600000000000136e+02	1.413100000000000023e+01	2.397370479999999873e+02	2.395769999999999982e+02	1.898437093003090581e+02
2.286370000000000005e+02	1.630160000000000053e+01	2.396472239999999942e+02	2.394919999999999902e+02	1.917745715675511349e+02
2.365989999999999895e+02	1.868009999999999948e+01	2.395574000000000012e+02	2.394010000000000105e+02	1.938998387112655166e+02
2.450860000000000127e+02	2.121399999999999864e+01	2.394242680000000121e+02	2.392949999999999875e+02	1.961601708378716182e+02
2.330680000000000121e+02	2.359680000000000177e+01	2.393568999999999960e+02	2.710659999999999741e+02	2.109828382418026251e+02
2.608360000000000127e+02	2.590360000000000085e+01	2.392670760000000030e+02	2.390920000000000130e+02	1.979246495706290148e+02
2.688240000000000123e+02	2.827159999999999940e+01	2.391772520000000100e+02	2.389819999999999993e+02	1.999695587488933199e+02
2.751539999999999964e+02	3.014720000000000155e+01	2.390970519999999908e+02	2.389149999999999920e+02	2.015869783649872886e+02
1.944190000000000111e+02	7.750899999999999679e+00	2.648845600000000218e+02	2.642200000000000273e+02	1.861511010459983027e+02
1.984199999999999875e+02	9.196300000000000807e+00	2.648348359999999388e+02	2.641480000000000246e+02	1.880580219120723200e+02
2.010440000000000111e+02	1.016380000000000017e+01	2.647947360000000572e+02	2.642320000000000277e+02	1.893752080561405080e+02
2.077700000000000102e+02	1.261730000000000018e+01	2.647017040000000065e+02	2.640869999999999891e+02	1.926614515864831674e+02
2.136659999999999968e+02	1.478819999999999979e+01	2.646247119999999882e+02	2.640450000000000159e+02	1.956108072503126323e+02
2.223930000000000007e+02	1.818240000000000123e+01	2.645044120000000021e+02	2.649180000000000064e+02	2.005921498554170057e+02
2.328120000000000118e+02	2.183500000000000085e+01	2.643744879999999853e+02	2.637839999999999918e+02	2.051789042700644359e+02
2.412949999999999875e+02	2.495779999999999887e+01	2.642654160000000161e+02	2.636990000000000123e+02	2.094202095858114490e+02
2.545310000000000059e+02	2.980270000000000152e+01	2.640953920000000039e+02	2.635280000000000200e+02	2.159439773432726497e+02
2.618260000000000218e+02	3.245940000000000225e+01	2.639959440000000086e+02	2.634309999999999832e+02	2.194933907696562585e+02
2.678829999999999814e+02	3.465840000000000032e+01	2.639157440000000179e+02	2.633530000000000086e+02	2.224171548512506433e+02
2.729809999999999945e+02	3.649969999999999715e+01	2.638451680000000010e+02	2.632760000000000105e+02	2.248455501781515977e+02
1.963839999999999861e+02	1.046010000000000062e+01	2.814458599999999819e+02	2.807210000000000036e+02	1.938928217738017565e+02
2.005370000000000061e+02	1.222439999999999927e+01	2.814169880000000035e+02	2.807149999999999750e+02	1.967707356312724869e+02
2.088220000000000027e+02	1.574259999999999948e+01	2.813079159999999774e+02	2.806190000000000282e+02	2.025069779348797852e+02
2.170440000000000111e+02	1.922759999999999891e+01	2.811876159999999913e+02	2.804780000000000086e+02	2.081776565260161362e+02
2.250219999999999914e+02	2.259710000000000107e+01	2.810769399999999223e+02	2.803179999999999836e+02	2.136389407744206892e+02
2.330790000000000077e+02	2.599630000000000152e+01	2.809566399999999362e+02	2.801859999999999786e+02	2.191418272847743083e+02
2.409960000000000093e+02	2.932229999999999848e+01	2.808475680000000239e+02	2.800550000000000068e+02	2.245009832611943921e+02
2.507350000000000136e+02	3.339209999999999923e+01	2.807080199999999195e+02	2.798940000000000055e+02	2.310198331204657620e+02
2.586460000000000150e+02	3.665979999999999706e+01	2.805973440000000210e+02	2.797110000000000127e+02	2.361850692357275818e+02
2.667500000000000000e+02	1.000919999999999987e+01	2.756762719999999831e+02	9.504609999999999559e+01	1.393708804366811194e+02
2.743029999999999973e+02	1.311359999999999992e+01	2.755655960000000277e+02	1.225999999999999943e+02	1.442498680616254489e+02
1.936299999999999955e+02	1.173029999999999973e+01	2.963999519999999848e+02	2.952959999999999923e+02	2.002900758653139519e+02
1.986670000000000016e+02	1.415579999999999927e+01	2.963197519999999940e+02	2.952250000000000227e+02	2.047528700375929134e+02
2.031560000000000059e+02	1.631609999999999872e+01	2.962507800000000202e+02	2.951530000000000200e+02	2.087256490046023600e+02
2.082139999999999986e+02	1.875110000000000099e+01	2.961802039999999465e+02	2.950819999999999936e+02	2.132049652229046046e+02
2.124240000000000066e+02	2.076940000000000097e+01	2.961096279999999865e+02	2.950009999999999764e+02	2.169045065519778746e+02
2.187580000000000098e+02	2.380489999999999995e+01	2.960198040000000219e+02	2.949019999999999868e+02	2.224669112151213994e+02
2.237419999999999902e+02	2.618669999999999831e+01	2.959396039999999743e+02	2.948249999999999886e+02	2.268208721859681134e+02
2.291349999999999909e+02	2.874849999999999994e+01	2.958610080000000266e+02	2.947200000000000273e+02	2.314795199346391144e+02
2.333950000000000102e+02	3.076829999999999998e+01	2.958000559999999837e+02	2.946449999999999818e+02	2.351465157375577917e+02
2.376069999999999993e+02	3.275959999999999894e+01	2.957407079999999837e+02	2.945720000000000027e+02	2.387526500619051149e+02
2.430550000000000068e+02	3.532520000000000238e+01	2.956508840000000191e+02	2.944769999999999754e+02	2.433828157711598692e+02
2.480389999999999873e+02	3.765870000000000317e+01	2.955803080000000023e+02	2.943799999999999955e+02	2.475723761369905560e+02
2.531260000000000048e+02	4.003479999999999706e+01	2.955001080000000115e+02	2.942909999999999968e+02	2.518293744560898233e+02
2.632830000000000155e+02	4.475249999999999773e+01	2.953509359999999333e+02	2.941200000000000045e+02	2.602387434766073966e+02
2.729270000000000209e+02	4.918399999999999750e+01	2.952113879999999426e+02	2.939370000000000118e+02	2.680602629734316906e+02
1.960889999999999986e+02	1.943100000000000094e+01	3.203492760000000317e+02	3.189089999999999918e+02	2.246495677672063493e+02
2.041810000000000116e+02	2.417849999999999966e+01	3.202081239999999980e+02	3.187370000000000232e+02	2.347153600926459092e+02
2.115250000000000057e+02	2.846290000000000120e+01	3.200894279999999412e+02	3.185919999999999845e+02	2.437681417583738153e+02
2.190629999999999882e+02	3.282529999999999859e+01	3.199595039999999813e+02	3.184329999999999927e+02	2.529403286805535629e+02
2.271049999999999898e+02	3.743410000000000082e+01	3.198295800000000213e+02	3.182450000000000045e+02	2.625716735092030376e+02
2.353000000000000114e+02	4.210009999999999764e+01	3.196996560000000045e+02	3.180740000000000123e+02	2.722824997489362886e+02
2.441740000000000066e+02	4.708910000000000196e+01	3.195488799999999969e+02	3.178580000000000041e+02	2.825814313479654629e+02
2.538280000000000030e+02	5.248590000000000089e+01	3.193884800000000155e+02	3.176659999999999968e+02	2.936810501006461891e+02
2.593430000000000177e+02	5.554410000000000025e+01	3.193884800000000155e+02	3.175570000000000164e+02	2.999374452358032954e+02
2.677330000000000041e+02	6.010529999999999973e+01	3.191591079999999465e+02	3.173059999999999832e+02	3.091447201772604103e+02
2.744889999999999759e+02	6.381250000000000000e+01	3.190500359999999205e+02	3.172029999999999745e+02	3.166756409046258796e+02
1.973149999999999977e+02	2.843870000000000076e+01	3.398202319999999759e+02	3.380880000000000223e+02	2.543862238375560310e+02
2.041690000000000111e+02	3.312689999999999912e+01	3.396678519999999821e+02	3.379429999999999836e+02	2.651824165291461668e+02
2.126440000000000055e+02	3.885759999999999792e+01	3.395491559999999822e+02	3.377450000000000045e+02	2.783063575755926422e+02
2.284300000000000068e+02	4.934640000000000271e+01	3.392604360000000270e+02	3.373489999999999895e+02	3.021202813121530539e+02
2.357779999999999916e+02	5.415500000000000114e+01	3.386493119999999521e+02	3.371669999999999732e+02	3.129542909936939168e+02
2.473600000000000136e+02	6.165200000000000102e+01	3.389300119999999197e+02	3.368960000000000150e+02	3.297506151204013349e+02
2.529919999999999902e+02	6.523109999999999786e+01	3.387824439999999413e+02	3.367320000000000277e+02	3.376919143667852836e+02
1.967909999999999968e+02	3.963920000000000243e+01	3.589302879999999050e+02	3.571229999999999905e+02	2.929043890260547869e+02
2.043660000000000139e+02	4.559190000000000254e+01	3.587811159999999404e+02	3.569169999999999732e+02	3.074616806126178972e+02
2.112549999999999955e+02	5.094030000000000058e+01	3.586511919999999236e+02	3.567259999999999991e+02	3.204786661521804945e+02
2.182930000000000064e+02	5.635159999999999769e+01	3.585212680000000205e+02	3.565419999999999732e+02	3.335975465072626776e+02
2.282849999999999966e+02	6.240749999999999886e+01	3.578796679999999242e+02	3.545400000000000205e+02	3.466860481166232262e+02
2.344199999999999875e+02	6.850320000000000675e+01	3.582116960000000176e+02	3.560919999999999845e+02	3.628144271018568361e+02
3.981600000000000250e+02	4.867600000000000371e+00	2.405999999999999872e+01	2.406139999999999901e+01	2.291550176739117362e+01
2.981419999999999959e+02	4.580400000000000027e+00	3.207999999999999829e+01	3.208140000000000214e+01	9.725377227953129022e+01
3.031429999999999723e+02	4.675300000000000011e+00	3.207999999999999829e+01	3.208270000000000266e+01	9.381092060958384593e+01
3.231399999999999864e+02	5.052999999999999936e+00	3.207999999999999829e+01	3.208220000000000027e+01	8.003831798414945808e+01
3.481429999999999723e+02	5.522199999999999775e+00	3.207999999999999829e+01	3.207520000000000238e+01	6.280752586187052344e+01
3.731499999999999773e+02	5.991999999999999993e+00	3.207999999999999829e+01	3.208220000000000027e+01	4.557576389233165770e+01
3.981600000000000250e+02	6.458199999999999719e+00	3.207999999999999829e+01	3.207679999999999865e+01	2.832948939344896644e+01
2.731499999999999773e+02	5.013899999999999579e+00	4.010000000000000142e+01	4.010179999999999723e+01	1.175488365589004189e+02
2.981419999999999959e+02	5.626299999999999635e+00	4.010000000000000142e+01	4.010009999999999764e+01	1.066516719415829897e+02
3.031429999999999723e+02	5.748499999999999943e+00	4.010000000000000142e+01	4.010150000000000148e+01	1.031523123992120219e+02
3.231399999999999864e+02	5.234300000000000175e+00	4.010000000000000142e+01	3.330089999999999861e+01	8.574260713632847342e+01
3.481429999999999723e+02	6.839000000000000412e+00	4.010000000000000142e+01	4.009510000000000218e+01	7.163343348796651355e+01
3.731499999999999773e+02	7.442400000000000126e+00	4.010000000000000142e+01	4.010000000000000142e+01	5.410917259197217533e+01
3.981600000000000250e+02	8.041100000000000136e+00	4.010000000000000142e+01	4.009080000000000155e+01	3.656654734050822952e+01
2.731499999999999773e+02	5.884199999999999875e+00	4.811999999999999744e+01	4.811659999999999826e+01	1.270990896080965769e+02
2.981419999999999959e+02	6.641499999999999737e+00	4.811999999999999744e+01	4.811740000000000350e+01	1.101109918125080753e+02
3.031429999999999723e+02	6.793999999999999595e+00	4.811999999999999744e+01	4.813100000000000023e+01	1.067148802922895072e+02
3.231399999999999864e+02	7.392599999999999838e+00	4.811999999999999744e+01	4.811520000000000152e+01	9.309706938752796646e+01
3.481429999999999723e+02	8.139099999999999113e+00	4.811999999999999744e+01	4.811229999999999762e+01	7.606355736916209764e+01
3.731499999999999773e+02	8.883499999999999730e+00	4.811999999999999744e+01	4.811769999999999925e+01	5.901975756635178527e+01
3.981600000000000250e+02	9.622899999999999565e+00	4.811999999999999744e+01	4.811129999999999995e+01	4.195657115042679663e+01
2.731499999999999773e+02	6.722199999999999953e+00	5.613999999999999346e+01	5.614119999999999777e+01	1.299545959633323093e+02
2.981419999999999959e+02	7.630700000000000038e+00	5.613999999999999346e+01	5.613419999999999987e+01	1.134817160208602758e+02
3.031429999999999723e+02	7.614600000000000257e+00	5.613999999999999346e+01	5.457119999999999749e+01	1.095110957041109145e+02
3.231399999999999864e+02	8.532400000000000873e+00	5.613999999999999346e+01	5.613369999999999749e+01	9.698096693370648325e+01
3.481429999999999723e+02	9.427899999999999281e+00	5.613999999999999346e+01	5.613009999999999877e+01	8.045517621239328321e+01
3.731499999999999773e+02	1.032000000000000028e+01	5.613999999999999346e+01	5.613340000000000174e+01	6.391466792350696124e+01
3.981600000000000250e+02	1.120700000000000074e+01	5.613999999999999346e+01	5.612910000000000110e+01	4.735443226895761626e+01
2.731499999999999773e+02	7.530700000000000394e+00	6.415999999999999659e+01	6.415840000000000032e+01	1.327095803168025157e+02
2.981419999999999959e+02	8.599199999999999733e+00	6.415999999999999659e+01	6.415550000000000352e+01	1.167819044517024309e+02
3.031429999999999723e+02	8.814199999999999591e+00	6.415999999999999659e+01	6.417449999999999477e+01	1.135987632742072861e+02
3.231399999999999864e+02	9.658500000000000085e+00	6.415999999999999659e+01	6.415300000000000580e+01	1.008181813807600378e+02
3.481429999999999723e+02	1.070940000000000047e+01	6.415999999999999659e+01	6.414209999999999923e+01	8.482192011959438105e+01
3.731499999999999773e+02	1.175769999999999982e+01	6.415999999999999659e+01	6.415019999999999811e+01	6.881366731124241198e+01
3.981600000000000250e+02	1.279930000000000057e+01	6.415999999999999659e+01	6.414619999999999322e+01	5.278023509645375100e+01
2.981419999999999959e+02	9.551099999999999923e+00	7.217999999999999261e+01	7.217610000000000525e+01	1.200255279595172908e+02
3.031429999999999723e+02	9.600199999999999179e+00	7.217999999999999261e+01	7.056600000000000250e+01	1.162770783042970066e+02
3.231399999999999864e+02	1.077790000000000070e+01	7.217999999999999261e+01	7.218760000000000332e+01	1.046325654070735993e+02
3.481429999999999723e+02	1.199200000000000088e+01	7.217999999999999261e+01	7.216830000000000211e+01	8.919241230482737137e+01
3.731499999999999773e+02	1.320129999999999981e+01	7.217999999999999261e+01	7.216379999999999484e+01	7.373277109933096085e+01
3.981600000000000250e+02	1.440830000000000055e+01	7.217999999999999261e+01	7.217640000000000100e+01	5.826294359952557755e+01
2.731499999999999773e+02	9.080199999999999605e+00	8.019999999999998863e+01	8.019440000000000168e+01	1.379895410536016129e+02
2.981419999999999959e+02	1.049109999999999943e+01	8.019999999999998863e+01	8.019429999999999836e+01	1.232286019140775295e+02
3.031429999999999723e+02	1.077449999999999974e+01	8.019999999999998863e+01	8.021659999999999968e+01	1.202785354796588706e+02
3.231399999999999864e+02	1.189119999999999955e+01	8.019999999999998863e+01	8.020499999999999829e+01	1.084261635279374190e+02
3.481429999999999723e+02	1.327810000000000024e+01	8.019999999999998863e+01	8.018980000000000530e+01	9.357483082925291740e+01
3.731499999999999773e+02	1.465830000000000055e+01	8.019999999999998863e+01	8.018399999999999750e+01	7.869753572889941040e+01
3.981600000000000250e+02	1.603460000000000107e+01	8.019999999999998863e+01	8.019240000000000634e+01	6.380460229346323331e+01
2.731499999999999773e+02	9.831500000000000128e+00	8.821999999999999886e+01	8.822289999999999566e+01	1.405496149494113922e+02
2.981419999999999959e+02	1.142609999999999992e+01	8.821999999999999886e+01	8.822660000000000480e+01	1.264146382412200182e+02
3.031429999999999723e+02	1.174489999999999945e+01	8.821999999999999886e+01	8.823969999999999914e+01	1.235851982089198344e+02
3.231399999999999864e+02	1.300300000000000011e+01	8.821999999999999886e+01	8.819989999999999952e+01	1.122146503605759307e+02
3.481429999999999723e+02	1.457460000000000022e+01	8.821999999999999886e+01	8.821420000000000528e+01	9.799268761870760613e+01
3.731499999999999773e+02	1.613210000000000122e+01	8.821999999999999886e+01	8.819660000000000366e+01	8.371954678659196247e+01
3.931600000000000250e+02	1.768870000000000076e+01	8.821999999999999886e+01	8.973460000000000036e+01	7.335596635707581470e+01
2.731499999999999773e+02	1.056600000000000072e+01	9.623999999999999488e+01	9.617690000000000339e+01	1.430524424170970406e+02
2.981419999999999959e+02	1.235849999999999937e+01	9.623999999999999488e+01	9.624920000000000186e+01	1.295918150021051360e+02
3.031429999999999723e+02	1.271599999999999930e+01	9.623999999999999488e+01	9.626640000000000441e+01	1.268942462060193463e+02
3.231399999999999864e+02	1.412609999999999921e+01	9.623999999999999488e+01	9.622480000000000189e+01	1.160416422311787414e+02
3.431429999999999723e+02	1.588959999999999972e+01	9.623999999999999488e+01	9.844339999999999691e+01	1.063885597908400200e+02
3.731499999999999773e+02	1.763080000000000069e+01	9.623999999999999488e+01	9.621120000000000516e+01	8.882640522882547884e+01
3.981600000000000250e+02	1.937010000000000076e+01	9.623999999999999488e+01	9.620910000000000650e+01	7.517040354392690915e+01
2.731499999999999773e+02	1.130569999999999986e+01	1.042600000000000051e+02	1.042409999999999997e+02	1.455729890172972887e+02
2.981419999999999959e+02	1.329410000000000025e+01	1.042600000000000051e+02	1.042660000000000053e+02	1.327798958445376627e+02
3.031429999999999723e+02	1.369209999999999994e+01	1.042600000000000051e+02	1.042870000000000061e+02	1.302203318305366508e+02
3.231399999999999864e+02	1.526919999999999966e+01	1.042600000000000051e+02	1.042990000000000066e+02	1.199367846114530636e+02
3.481429999999999723e+02	1.721950000000000003e+01	1.042600000000000051e+02	1.042510000000000048e+02	1.070052517702145565e+02
3.731499999999999773e+02	1.915850000000000009e+01	1.042600000000000051e+02	1.042139999999999986e+02	9.403208191008266681e+01
3.931600000000000250e+02	2.110150000000000148e+01	1.042600000000000051e+02	1.060550000000000068e+02	8.498516932741983965e+01
2.731499999999999773e+02	1.204940000000000033e+01	1.122800000000000011e+02	1.123479999999999990e+02	1.481071657194318618e+02
2.981419999999999959e+02	1.424109999999999943e+01	1.122800000000000011e+02	1.122980000000000018e+02	1.360068224774829844e+02
3.031429999999999723e+02	1.468089999999999939e+01	1.122800000000000011e+02	1.123179999999999978e+02	1.335896930286953932e+02
3.231399999999999864e+02	1.642079999999999984e+01	1.122800000000000011e+02	1.122980000000000018e+02	1.238608909583378050e+02
3.481429999999999723e+02	1.858650000000000091e+01	1.122800000000000011e+02	1.122969999999999970e+02	1.116633391062612759e+02
3.731499999999999773e+02	2.073470000000000013e+01	1.122800000000000011e+02	1.122690000000000055e+02	9.940302357729325422e+01
3.981600000000000250e+02	2.287059999999999960e+01	1.122800000000000011e+02	1.122409999999999997e+02	8.709844649918042592e+01
2.731499999999999773e+02	1.278539999999999921e+01	1.202999999999999972e+02	1.203110000000000070e+02	1.506151044753428891e+02
2.981419999999999959e+02	1.520400000000000063e+01	1.202999999999999972e+02	1.203340000000000032e+02	1.392879287656171812e+02
3.031429999999999723e+02	1.567830000000000013e+01	1.202999999999999972e+02	1.202780000000000058e+02	1.369883589460129087e+02
3.231399999999999864e+02	1.759659999999999869e+01	1.202999999999999972e+02	1.202879999999999967e+02	1.278674594219249769e+02
3.431429999999999723e+02	1.998069999999999879e+01	1.202999999999999972e+02	1.230520000000000067e+02	1.203290872966927765e+02
3.731499999999999773e+02	2.234400000000000119e+01	1.202999999999999972e+02	1.202579999999999956e+02	1.048867543380101353e+02
3.981600000000000250e+02	2.470530000000000115e+01	1.202999999999999972e+02	1.202750000000000057e+02	7.681628924080892773e+01
2.731499999999999773e+02	1.354100000000000037e+01	1.283199999999999932e+02	1.283650000000000091e+02	1.472556827643336419e+02
2.981419999999999959e+02	1.618730000000000047e+01	1.283199999999999932e+02	1.283569999999999993e+02	1.346179871035985798e+02
3.031429999999999723e+02	1.671349999999999980e+01	1.283199999999999932e+02	1.283480000000000132e+02	1.320775048879452527e+02
3.231399999999999864e+02	1.881419999999999959e+01	1.283199999999999932e+02	1.283389999999999986e+02	1.219074054546073853e+02
3.481429999999999723e+02	2.142180000000000106e+01	1.283199999999999932e+02	1.283069999999999879e+02	1.091251612962504680e+02
3.731499999999999773e+02	2.400779999999999959e+01	1.283199999999999932e+02	1.282500000000000000e+02	9.626411064593956723e+01
3.981600000000000250e+02	2.660229999999999961e+01	1.283199999999999932e+02	1.282969999999999970e+02	8.343007025104535046e+01
2.731600000000000250e+02	1.430899999999999928e+01	1.283199999999999932e+02	1.363549999999999898e+02	1.499245220908084661e+02
2.931419999999999959e+02	1.719790000000000063e+01	1.363399999999999466e+02	1.410440000000000111e+02	1.425155589846062583e+02
3.031429999999999723e+02	1.777359999999999829e+01	1.363399999999999466e+02	1.363689999999999998e+02	1.357734823518100882e+02
3.231399999999999864e+02	2.006729999999999947e+01	1.363399999999999466e+02	1.363590000000000089e+02	1.262762662790286470e+02
3.481429999999999723e+02	2.291929999999999978e+01	5.613999999999999346e+01	1.363480000000000132e+02	1.143461086145577212e+02
3.731499999999999773e+02	2.574269999999999925e+01	1.363399999999999466e+02	1.362800000000000011e+02	1.023127393621541330e+02
3.981600000000000250e+02	2.857580000000000098e+01	1.363399999999999466e+02	1.363269999999999982e+02	9.031056409590641465e+01
2.731499999999999773e+02	1.510950000000000060e+01	1.443600000000000136e+02	1.444550000000000125e+02	1.527241674847109323e+02
2.981419999999999959e+02	1.824699999999999989e+01	1.443600000000000136e+02	1.444010000000000105e+02	1.417990122732262250e+02
3.031429999999999723e+02	1.887330000000000041e+01	1.443600000000000136e+02	1.443979999999999961e+02	1.396075229300689102e+02
3.231399999999999864e+02	2.137590000000000146e+01	1.443600000000000136e+02	1.444219999999999970e+02	1.308386246501384562e+02
3.481429999999999723e+02	2.447660000000000124e+01	1.443600000000000136e+02	1.443820000000000050e+02	1.197755451813690684e+02
3.731499999999999773e+02	2.754339999999999833e+01	1.443600000000000136e+02	1.442800000000000011e+02	1.085907759805688215e+02
3.981600000000000250e+02	3.062089999999999890e+01	1.443600000000000136e+02	1.443060000000000116e+02	9.744068720820703788e+01
2.731499999999999773e+02	1.593069999999999986e+01	1.523799999999999955e+02	1.524389999999999930e+02	1.555872338872444232e+02
2.981419999999999959e+02	1.934230000000000160e+01	1.523799999999999955e+02	1.524459999999999980e+02	1.456177125054412897e+02
3.031429999999999723e+02	2.001160000000000139e+01	1.523799999999999955e+02	1.523700000000000045e+02	1.435761401804389266e+02
3.231399999999999864e+02	2.273659999999999926e+01	1.523799999999999955e+02	1.524509999999999934e+02	1.355826266641756490e+02
3.481429999999999723e+02	2.610239999999999938e+01	1.523799999999999955e+02	1.524070000000000107e+02	1.254438030445436709e+02
3.731499999999999773e+02	2.944780000000000086e+01	1.523799999999999955e+02	1.523669999999999902e+02	1.152303566636969236e+02
3.981600000000000250e+02	3.278649999999999665e+01	1.523799999999999955e+02	1.523799999999999955e+02	1.049909266155701744e+02
2.731499999999999773e+02	1.679789999999999850e+01	1.603999999999999773e+02	1.604919999999999902e+02	1.586106766347811288e+02
2.981419999999999959e+02	2.048250000000000171e+01	1.603999999999999773e+02	1.604339999999999975e+02	1.495929539961484522e+02
3.031429999999999723e+02	2.121000000000000085e+01	1.603999999999999773e+02	1.603750000000000000e+02	1.477542926119978972e+02
3.231399999999999864e+02	2.415340000000000131e+01	1.603999999999999773e+02	1.604199999999999875e+02	1.405222180902710818e+02
3.481429999999999723e+02	2.780480000000000018e+01	1.603999999999999773e+02	1.604120000000000061e+02	1.313791223865712823e+02
3.731499999999999773e+02	3.142500000000000071e+01	1.603999999999999773e+02	1.603640000000000043e+02	1.221237503450038844e+02
3.981600000000000250e+02	3.504939999999999856e+01	1.603999999999999773e+02	1.604120000000000061e+02	1.128803968570376526e+02
2.731499999999999773e+02	1.770019999999999882e+01	1.684199999999999875e+02	1.684350000000000023e+02	1.617564935064395968e+02
2.981419999999999959e+02	2.169379999999999953e+01	1.684199999999999875e+02	1.684799999999999898e+02	1.538160815331538629e+02
3.031429999999999723e+02	2.248049999999999926e+01	1.684199999999999875e+02	1.684230000000000018e+02	1.521838175321377093e+02
3.231399999999999864e+02	2.565719999999999956e+01	1.684199999999999875e+02	1.684430000000000121e+02	1.457651299949591817e+02
3.481429999999999723e+02	2.960140000000000171e+01	1.684199999999999875e+02	1.684269999999999925e+02	1.376428645916269886e+02
3.731499999999999773e+02	3.351010000000000133e+01	1.684199999999999875e+02	1.683669999999999902e+02	1.293933311486116224e+02
3.981600000000000250e+02	3.743010000000000304e+01	1.684199999999999875e+02	1.684329999999999927e+02	1.211805699994044403e+02
2.731499999999999773e+02	1.867800000000000082e+01	1.764399999999999977e+02	1.765389999999999873e+02	1.651655367704402408e+02
2.981419999999999959e+02	2.296880000000000166e+01	1.764399999999999977e+02	1.764660000000000082e+02	1.582612954435657286e+02
3.031429999999999723e+02	2.382920000000000016e+01	1.764399999999999977e+02	1.764780000000000086e+02	1.568859822387828729e+02
3.231399999999999864e+02	2.725390000000000157e+01	1.764399999999999977e+02	1.764840000000000089e+02	1.513319323877079512e+02
3.481429999999999723e+02	3.150309999999999988e+01	1.764399999999999977e+02	1.764439999999999884e+02	1.442730318805919296e+02
3.731499999999999773e+02	3.572970000000000113e+01	1.764399999999999977e+02	1.764230000000000018e+02	1.371318384392392318e+02
3.981600000000000250e+02	3.995230000000000103e+01	1.764399999999999977e+02	1.764739999999999895e+02	1.299740747247697925e+02
2.731499999999999773e+02	1.970510000000000161e+01	1.844600000000000080e+02	1.844979999999999905e+02	1.687464616389767116e+02
2.981419999999999959e+02	2.434509999999999863e+01	1.844600000000000080e+02	1.845500000000000114e+02	1.630596859572127073e+02
3.031429999999999723e+02	2.525069999999999837e+01	1.844600000000000080e+02	1.844459999999999980e+02	1.618419599436067244e+02
3.231399999999999864e+02	2.895420000000000016e+01	1.844600000000000080e+02	1.845310000000000059e+02	1.572599302009419375e+02
3.481429999999999723e+02	3.351039999999999708e+01	1.844600000000000080e+02	1.844130000000000109e+02	1.512713674746073877e+02
3.731499999999999773e+02	3.808659999999999712e+01	1.844600000000000080e+02	1.844850000000000136e+02	1.453490342552782693e+02
2.731499999999999773e+02	2.082110000000000127e+01	1.924799999999999898e+02	1.925370000000000061e+02	1.726373312264431377e+02
2.981419999999999959e+02	2.579500000000000171e+01	1.924799999999999898e+02	1.924989999999999952e+02	1.681146786228646306e+02
3.031429999999999723e+02	2.678829999999999956e+01	1.924799999999999898e+02	1.924960000000000093e+02	1.672027135974493888e+02
3.231399999999999864e+02	3.075550000000000139e+01	1.924799999999999898e+02	1.925109999999999957e+02	1.635400586847262048e+02
3.431429999999999723e+02	3.566510000000000247e+01	1.924799999999999898e+02	1.960399999999999920e+02	1.631577779712247604e+02
3.731499999999999773e+02	4.059320000000000306e+01	1.924799999999999898e+02	1.925399999999999920e+02	1.540881504810339777e+02
2.731499999999999773e+02	2.202749999999999986e+01	2.005000000000000000e+02	2.005670000000000073e+02	1.768433751962634801e+02
2.931419999999999959e+02	2.737879999999999825e+01	2.005000000000000000e+02	2.059190000000000111e+02	1.780106792203022508e+02
3.031429999999999723e+02	2.842520000000000024e+01	2.005000000000000000e+02	2.004660000000000082e+02	1.729096709699616952e+02
3.231399999999999864e+02	3.269740000000000180e+01	2.005000000000000000e+02	2.005349999999999966e+02	1.703103809534546826e+02
3.481429999999999723e+02	3.799929999999999808e+01	2.005000000000000000e+02	2.005639999999999930e+02	1.669216582373117035e+02
2.030840000000000032e+02	5.066200000000000259e+00	8.105493199999999376e+01	8.251109999999999900e+01	1.790049471366999967e+02
2.232489999999999952e+02	5.066200000000000259e+00	5.909937999999999647e+01	5.933599999999999852e+01	1.613639061769240755e+02
2.731499999999999773e+02	5.066200000000000259e+00	4.060526000000000124e+01	4.057419999999999760e+01	1.177087817071111431e+02
3.731499999999999773e+02	5.066200000000000259e+00	2.671141199999999927e+01	2.700309999999999988e+01	3.022531550440402626e+01
4.231700000000000159e+02	5.066200000000000259e+00	2.341358800000000073e+01	2.340220000000000056e+01	-1.353391429019013614e+01
4.731929999999999836e+02	5.066200000000000259e+00	2.072207600000000127e+01	2.071270000000000167e+01	-5.729576858877031498e+01
2.030840000000000032e+02	6.079500000000000348e+00	1.278676719999999847e+02	1.345219999999999914e+02	1.825377591017355030e+02
2.232489999999999952e+02	6.079500000000000348e+00	7.753575599999999213e+01	7.771290000000000475e+01	1.617677943689718916e+02
2.481750000000000114e+02	6.079500000000000348e+00	5.942338800000000276e+01	5.951979999999999649e+01	1.401113219501773983e+02
2.731499999999999773e+02	6.079500000000000348e+00	4.998224400000000145e+01	4.996009999999999707e+01	1.184122768302468103e+02
2.981419999999999959e+02	6.079500000000000348e+00	4.360313599999999212e+01	4.365149999999999864e+01	9.669846158951374093e+01
3.231399999999999864e+02	6.079500000000000348e+00	3.905740000000000123e+01	3.903750000000000142e+01	7.497943336496813060e+01
4.231700000000000159e+02	6.079500000000000348e+00	2.812132799999999833e+01	2.813080000000000069e+01	-1.192969509736082578e+01
4.731929999999999836e+02	6.079500000000000348e+00	2.487002000000000024e+01	2.485180000000000078e+01	-5.539120997360873844e+01
2.030840000000000032e+02	6.586100000000000065e+00	1.601209039999999675e+02	1.724410000000000025e+02	1.812972219446408815e+02
2.030840000000000032e+02	7.092699999999999783e+00	1.907091839999999934e+02	1.996510000000000105e+02	1.833066797568101549e+02
2.232489999999999952e+02	7.092699999999999783e+00	9.922343999999999653e+01	9.994129999999999825e+01	1.657867099933106090e+02
2.030840000000000032e+02	8.105999999999999872e+00	2.245199000000000069e+02	2.288269999999999982e+02	1.873259920368559790e+02
2.232489999999999952e+02	8.105999999999999872e+00	1.246468399999999974e+02	1.260520000000000067e+02	1.698060222733564331e+02
2.481750000000000114e+02	8.105999999999999872e+00	8.628397199999999145e+01	8.659310000000000684e+01	1.481495498545619114e+02
2.731499999999999773e+02	8.105999999999999872e+00	6.999214399999999614e+01	7.001699999999999591e+01	1.264505047346312807e+02
2.981419999999999959e+02	8.105999999999999872e+00	5.997195599999999871e+01	6.005120000000000147e+01	1.047366894938982682e+02
3.231399999999999864e+02	8.105999999999999872e+00	5.310683600000000126e+01	5.312080000000000268e+01	8.301766126935264367e+01
2.232489999999999952e+02	9.119199999999999307e+00	1.513373999999999739e+02	1.534269999999999925e+02	1.738249378976951220e+02
2.030840000000000032e+02	1.013250000000000028e+01	2.554626639999999895e+02	2.571080000000000041e+02	1.953642199412404921e+02
2.232489999999999952e+02	1.013250000000000028e+01	1.754743919999999662e+02	1.777429999999999950e+02	1.778442501777409461e+02
4.231700000000000159e+02	3.039750000000000085e+01	1.325625799999999970e+02	1.327829999999999870e+02	8.452903975525323688e+01
4.731929999999999836e+02	3.039750000000000085e+01	1.160798759999999987e+02	1.160379999999999967e+02	4.106752487900534021e+01
2.030840000000000032e+02	4.053000000000000114e+01	3.505622200000000248e+02	3.512760000000000105e+02	3.159376385070080460e+02
2.232489999999999952e+02	4.053000000000000114e+01	3.279265720000000215e+02	3.285459999999999923e+02	2.984176687435085000e+02
2.481750000000000114e+02	4.053000000000000114e+01	3.001100040000000035e+02	3.008159999999999741e+02	2.767611963247139784e+02
2.731499999999999773e+02	4.053000000000000114e+01	2.741075599999999781e+02	2.742440000000000282e+02	2.550621512047833050e+02
2.961419999999999959e+02	4.053000000000000114e+01	2.495310719999999947e+02	2.515929999999999893e+02	2.350859972349155953e+02
3.231399999999999864e+02	4.053000000000000114e+01	2.275819360000000131e+02	2.278410000000000082e+02	2.116293077395047249e+02
3.731499999999999773e+02	4.053000000000000114e+01	1.922009040000000084e+02	1.923429999999999893e+02	1.681790876615174284e+02
4.231700000000000159e+02	4.053000000000000114e+01	1.661663800000000037e+02	1.661320000000000050e+02	1.247201792771757169e+02
4.731929999999999836e+02	4.053000000000000114e+01	1.464997359999999844e+02	1.465000000000000000e+02	8.125866440092784160e+01
2.030840000000000032e+02	5.066250000000000142e+01	3.635048959999999738e+02	3.645799999999999841e+02	3.561287780289306966e+02
2.232489999999999952e+02	5.066250000000000142e+01	3.437837160000000267e+02	3.444089999999999918e+02	3.386088082654309801e+02
2.481750000000000114e+02	5.066250000000000142e+01	3.196419119999999907e+02	3.200140000000000100e+02	3.169523358466365153e+02
2.731499999999999773e+02	5.066250000000000142e+01	2.967640599999999722e+02	2.966070000000000277e+02	2.952532907267058135e+02
2.981419999999999959e+02	5.066250000000000142e+01	2.745486599999999271e+02	2.746759999999999877e+02	2.735394754859727868e+02
3.231399999999999864e+02	5.066250000000000142e+01	2.510596840000000043e+02	2.545709999999999980e+02	2.518204472614272902e+02
3.731499999999999773e+02	5.066250000000000142e+01	2.203543119999999931e+02	2.203240000000000123e+02	2.083702271834399653e+02
4.231700000000000159e+02	5.066250000000000142e+01	1.934359839999999906e+02	1.934360000000000070e+02	1.649113187990982681e+02
4.731929999999999836e+02	5.066250000000000142e+01	1.724123559999999884e+02	1.723810000000000002e+02	1.214498039228503927e+02
2.030840000000000032e+02	6.079500000000000171e+01	3.746879839999999717e+02	3.755889999999999986e+02	3.963199175508528924e+02
2.232489999999999952e+02	6.079500000000000171e+01	3.565595759999999359e+02	3.571850000000000023e+02	3.787999477873535739e+02
2.481750000000000114e+02	6.079500000000000171e+01	3.346312919999999735e+02	3.350529999999999973e+02	3.571434753685589953e+02
2.731499999999999773e+02	6.079500000000000171e+01	3.139573359999999980e+02	3.138260000000000218e+02	3.354444302486283505e+02
2.981419999999999959e+02	6.079500000000000171e+01	2.936105959999999868e+02	2.938020000000000209e+02	3.137306150078953806e+02
3.231399999999999864e+02	6.079500000000000171e+01	2.749656999999999130e+02	2.751990000000000123e+02	2.920115867833498555e+02
3.731499999999999773e+02	6.079500000000000171e+01	2.427686080000000004e+02	2.426189999999999998e+02	2.485613667053624454e+02
4.231700000000000159e+02	6.079500000000000171e+01	2.159032119999999964e+02	2.159890000000000043e+02	2.051024583210208334e+02
4.731929999999999836e+02	6.079500000000000171e+01	1.944801879999999983e+02	1.944029999999999916e+02	1.616409434447729154e+02
2.030840000000000032e+02	7.092749999999999488e+01	3.843087760000000230e+02	3.850430000000000064e+02	4.365110570727755999e+02
2.232489999999999952e+02	7.092749999999999488e+01	3.675710359999999923e+02	3.679549999999999841e+02	4.189910873092758834e+02
2.481750000000000114e+02	7.092749999999999488e+01	3.471152240000000120e+02	3.474850000000000136e+02	3.973346148904817028e+02
2.030840000000000032e+02	8.106000000000000227e+01	3.922293280000000095e+02	3.933650000000000091e+02	4.767021965946982505e+02
2.232489999999999952e+02	8.106000000000000227e+01	3.764074719999999843e+02	3.773079999999999927e+02	4.591822268311987045e+02
2.481750000000000114e+02	8.106000000000000227e+01	3.576422759999999812e+02	3.581279999999999859e+02	4.375257544124041829e+02
2.731499999999999773e+02	8.106000000000000227e+01	3.396903080000000159e+02	3.397570000000000050e+02	4.158267092924734811e+02
2.981419999999999959e+02	8.106000000000000227e+01	3.223815440000000194e+02	3.223310000000000173e+02	3.941128940517402839e+02
3.231399999999999864e+02	8.106000000000000227e+01	3.055603960000000257e+02	3.059399999999999977e+02	3.723938658271948157e+02
3.731499999999999773e+02	8.106000000000000227e+01	2.766450879999999870e+02	2.764200000000000159e+02	3.289436457492075192e+02
4.231700000000000159e+02	8.106000000000000227e+01	2.513901079999999979e+02	2.511659999999999968e+02	2.854847373648658504e+02
4.731929999999999836e+02	8.106000000000000227e+01	2.300184120000000121e+02	2.297539999999999907e+02	2.420232224886179324e+02
2.030840000000000032e+02	9.119249999999999545e+01	3.996574519999999779e+02	4.008260000000000218e+02	5.168933361166207305e+02
2.232489999999999952e+02	9.119249999999999545e+01	3.843809559999999124e+02	3.856050000000000182e+02	4.993733663531210141e+02
2.481750000000000114e+02	9.119249999999999545e+01	3.666760039999999208e+02	3.674610000000000127e+02	4.777168939343264924e+02
2.030840000000000032e+02	1.013250000000000028e+02	4.062867840000000115e+02	4.076039999999999850e+02	5.570844756385429264e+02
2.232489999999999952e+02	1.013250000000000028e+02	3.922678240000000187e+02	3.930799999999999841e+02	5.395645058750435510e+02
2.461750000000000114e+02	1.013250000000000028e+02	3.753744960000000219e+02	3.771539999999999964e+02	5.196456947271141189e+02
2.731499999999999773e+02	1.013250000000000028e+02	3.586704399999999850e+02	3.592590000000000146e+02	4.962089883363183844e+02
2.981419999999999959e+02	1.013250000000000028e+02	3.433554480000000240e+02	3.435380000000000109e+02	4.744951730955854714e+02
3.231399999999999864e+02	1.013250000000000028e+02	3.283772960000000012e+02	3.286689999999999827e+02	4.527761448710399463e+02
3.731499999999999773e+02	1.013250000000000028e+02	2.987401879999999892e+02	3.015319999999999823e+02	4.093259247930524225e+02
4.231700000000000159e+02	1.013250000000000028e+02	2.780710439999999153e+02	2.777660000000000196e+02	3.658670164087108674e+02
4.731929999999999836e+02	1.013250000000000028e+02	2.574708719999999857e+02	2.570880000000000223e+02	3.224055015324629494e+02
1.928700000000000045e+02	3.339999999999999858e+01	3.538488159999999993e+02	3.525040000000000191e+02	2.965303227010766705e+02
1.928700000000000045e+02	5.289999999999999858e+01	3.779809960000000046e+02	3.772590000000000146e+02	3.738781855856053653e+02
1.928700000000000045e+02	7.140000000000000568e+01	3.952689080000000104e+02	3.942320000000000277e+02	4.346022409337690533e+02
1.928700000000000045e+02	9.790000000000000568e+01	4.138287920000000213e+02	4.130249999999999773e+02	5.318075845840248803e+02
2.120000000000000000e+02	4.010000000000000142e+01	3.406960159999999860e+02	3.405310000000000059e+02	3.034250766395433061e+02
2.120000000000000000e+02	5.860000000000000142e+01	3.652933560000000170e+02	3.650260000000000105e+02	3.712854108859482949e+02
2.120000000000000000e+02	7.459999999999999432e+01	3.808168679999999995e+02	3.807420000000000186e+02	4.299754296936501987e+02
2.120000000000000000e+02	9.503000000000000114e+01	3.969306520000000091e+02	3.968009999999999877e+02	5.049152474587340294e+02
2.250699999999999932e+02	4.279999999999999716e+01	3.337940039999999158e+02	3.304719999999999800e+02	3.021482472102752013e+02
2.250699999999999932e+02	6.250000000000000000e+01	3.569204759999999510e+02	3.574979999999999905e+02	3.744103328672580915e+02
2.250699999999999932e+02	8.229999999999999716e+01	3.766143880000000195e+02	3.769580000000000268e+02	4.470392311417887754e+02
2.250699999999999932e+02	1.087000000000000028e+02	3.965392759999999726e+02	3.968519999999999754e+02	5.438777621744967519e+02
2.375699999999999932e+02	3.019999999999999929e+01	2.878169480000000249e+02	2.874209999999999923e+02	2.452366954796733296e+02
2.375699999999999932e+02	6.060000000000000142e+01	3.442793520000000171e+02	3.441250000000000000e+02	3.567477312143065546e+02
2.375699999999999932e+02	9.420000000000000284e+01	3.782119720000000029e+02	3.775380000000000109e+02	4.799967707104798933e+02
2.494300000000000068e+02	4.110000000000000142e+01	3.016739039999999932e+02	3.006909999999999741e+02	2.750735987631634885e+02
2.494300000000000068e+02	5.810000000000000142e+01	3.304496639999999843e+02	3.302350000000000136e+02	3.374317437463466263e+02
2.494300000000000068e+02	7.440000000000000568e+01	3.506007159999999772e+02	3.503199999999999932e+02	3.972222004066926502e+02
2.494300000000000068e+02	9.420000000000000284e+01	3.693306240000000003e+02	3.691490000000000009e+02	4.698510986812232773e+02
2.615500000000000114e+02	4.070000000000000284e+01	2.873517879999999991e+02	2.867839999999999918e+02	2.632382584957879885e+02
2.615500000000000114e+02	5.329999999999999716e+01	3.122442639999999869e+02	3.119019999999999868e+02	3.094566483068529692e+02
2.615500000000000114e+02	6.800000000000000000e+01	3.328492479999999887e+02	3.332479999999999905e+02	3.633781030864288368e+02
2.615500000000000114e+02	8.259999999999999432e+01	3.490753119999999967e+02	3.497610000000000241e+02	4.169327452484566834e+02
2.615500000000000114e+02	1.000999999999999943e+02	3.650431320000000142e+02	3.658269999999999982e+02	4.811249533193802677e+02
2.787099999999999795e+02	3.479999999999999716e+01	2.530374159999999506e+02	2.517040000000000077e+02	2.269167413773076873e+02
2.787099999999999795e+02	5.000000000000000000e+01	2.915302080000000160e+02	2.902740000000000009e+02	2.826722592446242857e+02
2.787099999999999795e+02	6.239999999999999858e+01	3.130366399999999203e+02	3.117200000000000273e+02	3.281570238205929968e+02
2.787099999999999795e+02	7.740000000000000568e+01	3.323664440000000013e+02	3.316150000000000091e+02	3.831789164528133824e+02
2.787099999999999795e+02	9.590000000000000568e+01	3.549138720000000262e+02	3.508190000000000168e+02	4.510392506992183712e+02
2.934100000000000250e+02	4.650000000000000000e+01	2.694126519999999800e+02	2.694970000000000141e+02	2.572586592130640497e+02
2.934100000000000250e+02	6.400000000000000000e+01	3.022994639999999436e+02	3.026250000000000000e+02	3.214508672839877477e+02
2.934100000000000250e+02	9.470000000000000284e+01	3.401907560000000217e+02	3.401739999999999782e+02	4.340623408712653486e+02
3.032900000000000205e+02	3.689999999999999858e+01	2.281321079999999881e+02	2.337100000000000080e+02	2.135927727472411561e+02
3.032900000000000205e+02	5.160000000000000142e+01	2.673771760000000199e+02	2.723829999999999814e+02	2.675142275268170238e+02
3.092900000000000205e+02	6.670000000000000284e+01	3.120902800000000070e+02	2.950529999999999973e+02	3.177702150552077569e+02
3.092900000000000205e+02	8.470000000000000284e+01	3.196499319999999784e+02	3.192599999999999909e+02	3.837964862138720719e+02
3.032900000000000205e+02	1.057999999999999972e+02	3.412044839999999226e+02	3.445099999999999909e+02	4.663266662379064087e+02
2.403000000000000114e+02	4.621900000000000119e+00	4.759870000000000090e+01	4.504690000000000083e+01	1.490776107873668366e+02
2.500000000000000000e+02	5.120300000000000296e+00	4.752651999999999788e+01	4.749819999999999709e+01	1.426079112236660933e+02
2.600000000000000000e+02	5.416000000000000369e+00	4.745434000000000196e+01	4.742790000000000106e+01	1.351380465981263796e+02
2.700000000000000000e+02	5.708899999999999864e+00	4.738215999999999894e+01	4.735569999999999879e+01	1.276579112192953431e+02
2.800000000000000000e+02	5.999600000000000044e+00	4.730998000000000303e+01	4.728549999999999898e+01	1.201697059628782540e+02
2.900000000000000000e+02	6.287200000000000344e+00	4.723779999999999291e+01	4.720770000000000266e+01	1.126701295153171998e+02
3.000000000000000000e+02	6.574799999999999756e+00	4.716080799999998874e+01	4.714699999999999847e+01	1.051705530677560887e+02
2.080000000000000000e+02	4.634900000000000020e+00	6.356491599999999664e+01	6.350379999999999825e+01	1.767564268277314170e+02
2.120000000000000000e+02	4.812400000000000233e+00	6.352481600000000128e+01	6.346580000000000155e+01	1.739857074096276506e+02
2.160000000000000000e+02	4.988500000000000156e+00	6.348471599999999881e+01	6.342660000000000053e+01	1.712098526148780309e+02
2.200000000000000000e+02	5.163199999999999790e+00	6.344461600000000345e+01	6.338430000000000319e+01	1.684288624434827852e+02
2.250000000000000000e+02	5.379999999999999893e+00	6.339328799999999120e+01	6.333200000000000074e+01	1.649468474305124346e+02
2.300000000000000000e+02	5.594899999999999984e+00	6.334195999999999316e+01	6.327570000000000050e+01	1.614578629778086167e+02
2.400000000000000000e+02	6.020400000000000418e+00	6.324090799999999746e+01	6.316640000000000299e+01	1.544641211298464327e+02
2.500000000000000000e+02	6.440699999999999648e+00	6.313825200000000137e+01	6.305870000000000175e+01	1.474513050257716316e+02
2.600000000000000000e+02	6.856799999999999784e+00	6.303719999999999857e+01	6.295649999999999835e+01	1.404230827917599242e+02
2.700000000000000000e+02	7.268200000000000216e+00	6.293294000000000210e+01	6.284850000000000136e+01	1.333776203647234126e+02
2.800000000000000000e+02	7.675600000000000200e+00	6.282867999999999853e+01	6.273919999999999675e+01	1.263174854329849950e+02
2.900000000000000000e+02	8.080500000000000682e+00	6.272281600000000168e+01	6.263940000000000197e+01	1.192481801858079393e+02
3.000000000000000000e+02	8.481899999999999551e+00	6.261374399999999696e+01	6.253710000000000235e+01	1.121660364970165915e+02
2.000000000000000000e+02	4.764100000000000001e+00	7.892000799999999572e+01	7.855289999999999395e+01	1.840739723581072838e+02
2.043000000000000114e+02	5.003599999999999604e+00	7.886707599999999729e+01	7.805750000000000455e+01	1.812740408768143539e+02
2.080000000000000000e+02	5.240899999999999892e+00	7.881253999999998427e+01	7.864860000000000184e+01	1.789793112900731558e+02
2.120000000000000000e+02	5.474400000000000155e+00	7.875960800000000006e+01	7.863049999999999784e+01	1.764140069377962163e+02
2.160000000000000000e+02	5.705199999999999605e+00	7.870667600000000164e+01	7.858799999999999386e+01	1.738387986448455251e+02
2.200000000000000000e+02	5.932999999999999829e+00	7.865213999999998862e+01	7.851619999999999777e+01	1.712525859733683546e+02
2.250000000000000000e+02	6.217800000000000438e+00	7.858637600000000134e+01	7.847350000000000136e+01	1.680200035403306060e+02
2.303000000000000114e+02	6.499500000000000277e+00	7.851900799999998526e+01	7.810869999999999891e+01	1.645194140300801848e+02
2.400000000000000000e+02	7.056300000000000239e+00	7.838427199999999573e+01	7.827410000000000423e+01	1.582639330350275770e+02
2.500000000000000000e+02	7.605999999999999872e+00	7.824953599999999199e+01	7.813720000000000709e+01	1.517257724580601348e+02
2.600000000000000000e+02	8.149100000000000676e+00	7.811319600000000207e+01	7.799660000000000082e+01	1.451634022483344495e+02
2.700000000000000000e+02	8.686700000000000088e+00	7.797685599999998374e+01	7.785859999999999559e+01	1.385808573446437322e+02
2.600000000000000000e+02	9.218999999999999417e+00	7.783730799999997885e+01	9.113479999999999848e+01	1.490879304434819801e+02
2.900000000000000000e+02	9.746900000000000119e+00	7.769776000000000238e+01	7.758540000000000703e+01	1.253607456446300432e+02
3.000000000000000000e+02	1.026989999999999981e+01	7.755821199999999749e+01	7.744729999999999848e+01	1.187246460987772281e+02
1.960000000000000000e+02	4.849300000000000388e+00	9.533374000000000592e+01	9.494589999999999463e+01	1.878083085225100604e+02
2.000000000000000000e+02	5.156500000000000306e+00	9.526476800000000367e+01	9.498829999999999529e+01	1.855133450693662098e+02
2.040000000000000000e+02	5.458000000000000185e+00	9.519740000000000180e+01	9.494629999999999370e+01	1.831974732970219577e+02
2.080000000000000000e+02	5.757699999999999818e+00	9.512842799999999954e+01	9.495749999999999602e+01	1.808749988975619374e+02
2.120000000000000000e+02	6.353799999999999670e+00	9.505945599999999729e+01	1.047860000000000014e+02	1.818282821335497204e+02
2.160000000000000000e+02	6.347100000000000186e+00	9.499208799999999542e+01	9.487460000000000093e+01	1.784633563190776897e+02
2.200000000000000000e+02	6.637599999999999945e+00	9.492311599999999316e+01	9.480320000000000391e+01	1.760944786935925777e+02
2.300000000000000000e+02	7.356499999999999595e+00	9.475148799999998062e+01	9.464029999999999632e+01	1.701476515404145573e+02
2.400000000000000000e+02	8.064099999999999824e+00	9.137185999999999808e+01	9.445199999999999818e+01	1.641629531068342942e+02
2.530000000000000000e+02	8.763099999999999667e+00	9.440662799999999777e+01	9.135750000000000171e+01	1.556425789117417935e+02
2.600000000000000000e+02	9.454200000000000159e+00	9.423339599999999905e+01	9.408880000000000621e+01	1.521094350770104029e+02
2.700000000000000000e+02	1.013840000000000074e+01	9.405855999999999995e+01	9.391259999999999764e+01	1.460463129300307514e+02
2.600000000000000000e+02	1.081559999999999988e+01	9.388372400000000084e+01	1.114590000000000032e+02	1.566720865052969600e+02
2.900000000000000000e+02	1.146729999999999983e+01	9.370888800000000174e+01	9.337779999999999347e+01	1.337876867267007128e+02
3.000000000000000000e+02	1.215339999999999954e+01	9.353244800000000225e+01	9.339319999999999311e+01	1.277309323171339059e+02
1.920000000000000000e+02	4.684499999999999886e+00	1.119880720000000025e+02	1.119819999999999993e+02	1.929460779077709276e+02
1.960000000000000000e+02	5.066099999999999604e+00	1.119030599999999822e+02	1.116710000000000065e+02	1.908825165340243757e+02
2.000000000000000000e+02	5.440599999999999881e+00	1.118180480000000045e+02	1.115690000000000026e+02	1.887951599309986364e+02
2.040000000000000000e+02	5.810999999999999943e+00	1.117330359999999985e+02	1.115559999999999974e+02	1.866940624209240127e+02
2.080000000000000000e+02	6.177399999999999558e+00	1.116496280000000070e+02	1.115229999999999961e+02	1.845795591478753295e+02
2.120000000000000000e+02	6.541000000000000369e+00	1.115662200000000013e+02	1.114879999999999995e+02	1.824556718407446851e+02
2.160000000000000000e+02	6.901299999999999990e+00	1.114812079999999810e+02	1.114200000000000017e+02	1.803207247791602867e+02
2.230000000000000000e+02	7.259100000000000108e+00	1.113978000000000037e+02	1.044980000000000047e+02	1.756705457445993375e+02
2.250000000000000000e+02	7.703199999999999825e+00	1.112919359999999784e+02	1.112319999999999993e+02	1.754876849980705344e+02
2.300000000000000000e+02	8.143700000000000827e+00	1.111844679999999954e+02	1.111089999999999947e+02	1.727859056937473383e+02
2.400000000000000000e+02	9.315799999999999415e+00	1.109743440000000021e+02	1.161760000000000019e+02	1.683579514855520358e+02
2.500000000000000000e+02	9.878899999999999793e+00	1.107610119999999938e+02	1.106239999999999952e+02	1.618889698645269846e+02
2.600000000000000000e+02	1.073220000000000063e+01	1.105476799999999997e+02	1.103880000000000052e+02	1.563925763472837787e+02
2.700000000000000000e+02	1.157910000000000039e+01	1.070926639999999850e+02	1.101809999999999974e+02	1.508747336092818614e+02
2.800000000000000000e+02	1.241740000000000066e+01	1.101194119999999970e+02	1.099659999999999940e+02	1.453280684808852925e+02
2.900000000000000000e+02	1.324890000000000079e+01	1.066996840000000049e+02	1.097600000000000051e+02	1.397586135554325040e+02
3.000000000000000000e+02	1.407370000000000054e+01	1.096638760000000019e+02	1.095580000000000069e+02	1.341667039769978089e+02
1.920000000000000000e+02	4.752799999999999692e+00	1.279671199999999942e+02	1.279210000000000065e+02	1.931749813105562623e+02
1.960000000000000000e+02	5.201100000000000279e+00	1.278805039999999593e+02	1.275420000000000016e+02	1.913349610344054099e+02
2.300000000000000000e+02	5.641600000000000392e+00	1.277810560000000066e+02	6.400979999999999848e+01	1.644002658092784941e+02
2.040000000000000000e+02	6.078100000000000058e+00	1.276800039999999825e+02	1.273050000000000068e+02	1.875892322435297785e+02
2.080000000000000000e+02	6.511999999999999567e+00	1.275805560000000014e+02	1.272930000000000064e+02	1.857009512206715272e+02
2.120000000000000000e+02	6.944200000000000372e+00	1.274795040000000057e+02	1.273020000000000067e+02	1.838069727485492990e+02
2.180000000000000000e+02	7.373000000000000220e+00	1.273784519999999958e+02	1.203820000000000050e+02	1.802303637971538137e+02
2.230000000000000000e+02	7.799500000000000099e+00	1.272774000000000001e+02	1.184759999999999991e+02	1.774816643224207553e+02
2.250000000000000000e+02	8.329200000000000159e+00	1.271506839999999841e+02	1.270390000000000015e+02	1.775856869035409886e+02
2.300000000000000000e+02	8.856500000000000483e+00	1.270239679999999822e+02	1.269200000000000017e+02	1.751748126557589558e+02
2.400000000000000000e+02	9.901199999999999335e+00	1.267705360000000070e+02	1.266389999999999958e+02	1.703198848968337984e+02
2.500000000000000000e+02	1.093800000000000061e+01	1.261963039999999978e+02	1.263979999999999961e+02	1.654384807560345223e+02
2.600000000000000000e+02	1.196100000000000030e+01	1.262636719999999997e+02	1.261009999999999991e+02	1.605108267329739533e+02
2.700000000000000000e+02	1.297789999999999999e+01	1.260118439999999822e+02	1.258529999999999944e+02	1.555627289213776976e+02
2.800000000000000000e+02	1.398579999999999934e+01	1.257616199999999935e+02	1.256050000000000040e+02	1.505844681430894241e+02
2.900000000000000000e+02	1.496529999999999916e+01	1.255146040000000056e+02	1.251850000000000023e+02	1.455110264476839177e+02
3.000000000000000000e+02	1.597690000000000055e+01	1.252723999999999762e+02	1.251230000000000047e+02	1.405451660001468497e+02
1.920000000000000000e+02	4.789100000000000357e+00	1.457875599999999849e+02	1.457410000000000139e+02	1.932966386095475286e+02
1.960000000000000000e+02	5.308200000000000252e+00	1.456704679999999712e+02	1.455180000000000007e+02	1.916939003380409758e+02
2.000000000000000000e+02	5.823699999999999655e+00	1.455517719999999713e+02	1.452969999999999970e+02	1.900790968798575022e+02
2.040000000000000000e+02	6.336400000000000254e+00	1.454651559999999790e+02	1.450660000000000025e+02	1.884549093875921244e+02
2.080000000000000000e+02	6.650199999999999889e+00	1.453143799999999999e+02	1.344060000000000059e+02	1.861641203314318886e+02
2.120000000000000000e+02	7.361500000000000377e+00	1.451940800000000138e+02	1.449900000000000091e+02	1.852055289708381736e+02
2.160000000000000000e+02	7.871100000000000207e+00	1.450737799999999993e+02	1.448950000000000102e+02	1.835709520122675826e+02
2.200000000000000000e+02	8.359999999999999432e+00	1.449518759999999702e+02	1.442079999999999984e+02	1.818670002303054503e+02
2.250000000000000000e+02	9.012900000000000134e+00	1.448010999999999910e+02	1.446649999999999920e+02	1.798770669399150108e+02
2.300000000000000000e+02	9.643900000000000361e+00	1.446166399999999896e+02	1.445229999999999961e+02	1.778137370972404767e+02
2.400000000000000000e+02	1.069699999999999918e+01	1.443439599999999814e+02	1.407309999999999945e+02	1.729869614405611742e+02
2.500000000000000000e+02	1.213979999999999926e+01	1.440408040000000085e+02	1.438729999999999905e+02	1.694662422416483878e+02
2.600000000000000000e+02	1.337270000000000003e+01	1.116608559999999954e+02	1.435569999999999879e+02	1.652420556306617527e+02
2.700000000000000000e+02	1.459699999999999953e+01	1.434441159999999797e+02	1.432630000000000052e+02	1.609890466292805229e+02
2.600000000000000000e+02	1.581140000000000079e+01	1.431553959999999677e+02	1.706260000000000048e+02	1.734152141719887368e+02
2.900000000000000000e+02	1.701699999999999946e+01	1.428714879999999994e+02	1.426970000000000027e+02	1.523871774212520052e+02
3.000000000000000000e+02	1.821490000000000009e+01	1.425955999999999904e+02	1.424370000000000118e+02	1.480456903842406575e+02
1.920000000000000000e+02	4.810399999999999565e+00	1.642175199999999791e+02	1.647870000000000061e+02	1.933680242973854888e+02
1.960000000000000000e+02	5.402000000000000135e+00	1.640827839999999753e+02	1.638969999999999914e+02	1.920082654797871839e+02
2.000000000000000000e+02	5.998300000000000409e+00	1.639448399999999708e+02	1.636750000000000114e+02	1.906642584336836421e+02
2.040000000000000000e+02	6.597699999999999676e+00	1.638052919999999801e+02	1.635349999999999966e+02	1.893306408538850576e+02
2.080000000000000000e+02	7.198999999999999844e+00	1.636641399999999464e+02	1.634170000000000016e+02	1.880033910114993319e+02
2.120000000000000000e+02	7.801199999999999690e+00	1.635229879999999696e+02	1.633019999999999925e+02	1.866791574657827653e+02
2.160000000000000000e+02	8.403499999999999304e+00	1.630594320000000153e+02	1.631810000000000116e+02	1.853552590641405118e+02
2.200000000000000000e+02	9.006000000000000227e+00	1.632374759999999867e+02	1.630709999999999980e+02	1.840320309506470551e+02
2.250000000000000000e+02	9.756800000000000139e+00	1.630578280000000007e+02	1.628919999999999959e+02	1.823702037090514807e+02
2.300000000000000000e+02	1.050660000000000061e+01	1.628781799999999862e+02	1.627249999999999943e+02	1.807050250267122351e+02
2.400000000000000000e+02	1.199849999999999994e+01	1.625172799999999995e+02	1.623530000000000086e+02	1.773488615683084220e+02
2.500000000000000000e+02	1.348090000000000011e+01	1.621644000000000005e+02	1.619859999999999900e+02	1.661201569941542004e+02
2.600000000000000000e+02	1.495439999999999969e+01	1.618147280000000023e+02	1.616399999999999864e+02	1.633139407088810628e+02
2.700000000000000000e+02	1.641649999999999920e+01	1.614762839999999926e+02	1.612940000000000111e+02	1.604679291373840044e+02
2.800000000000000000e+02	1.767000000000000171e+01	1.611474640000000136e+02	1.593089999999999975e+02	1.568937336442814114e+02
2.900000000000000000e+02	1.931330000000000169e+01	1.608330799999999670e+02	1.606670000000000016e+02	1.546802576748693809e+02
3.000000000000000000e+02	2.074739999999999895e+01	1.604978439999999864e+02	1.603750000000000000e+02	1.517365032951031480e+02
1.920000000000000000e+02	4.832200000000000273e+00	1.782252519999999834e+02	1.814939999999999998e+02	1.820387520356396180e+02
1.960000000000000000e+02	5.485500000000000043e+00	1.780744759999999758e+02	1.784970000000000141e+02	1.811393285732591210e+02
2.000000000000000000e+02	6.151299999999999990e+00	1.779204919999999959e+02	1.780409999999999968e+02	1.802835402931415274e+02
2.040000000000000000e+02	6.324900000000000411e+00	1.777632999999999868e+02	1.442419999999999902e+02	1.777095730762344772e+02
2.080000000000000000e+02	7.501699999999999591e+00	1.776028999999999769e+02	1.776459999999999866e+02	1.786375910470300141e+02
2.120000000000000000e+02	8.177300000000000679e+00	1.774424999999999670e+02	1.773149999999999977e+02	1.778160127498066743e+02
2.160000000000000000e+02	8.860900000000000887e+00	1.772788919999999848e+02	1.772379999999999995e+02	1.770223609692317268e+02
2.200000000000000000e+02	9.541499999999999204e+00	1.771168879999999604e+02	1.770550000000000068e+02	1.762182367449135540e+02
2.250000000000000000e+02	1.039129999999999932e+01	1.769115759999999966e+02	1.768230000000000075e+02	1.752097651906638873e+02
2.300000000000000000e+02	1.124019999999999975e+01	1.767078679999999906e+02	1.766049999999999898e+02	1.741981519032912900e+02
2.400000000000000000e+02	1.293410000000000082e+01	1.763020559999999932e+02	1.762009999999999934e+02	1.721613111516801666e+02
2.500000000000000000e+02	1.461700000000000088e+01	1.759058679999999697e+02	1.757810000000000059e+02	1.700860714396774824e+02
2.600000000000000000e+02	1.629090000000000060e+01	1.755225119999999777e+02	1.753919999999999959e+02	1.679794143964453497e+02
2.700000000000000000e+02	1.795479999999999876e+01	1.751535920000000033e+02	1.750250000000000057e+02	1.658378492074029111e+02
2.800000000000000000e+02	1.960699999999999932e+01	1.748007120000000043e+02	1.746680000000000064e+02	1.636554414877621468e+02
2.900000000000000000e+02	2.124970000000000070e+01	1.744654759999999669e+02	1.743360000000000127e+02	1.614398710296015338e+02
3.300000000000000000e+02	2.288279999999999959e+01	1.741462799999999902e+02	1.481200000000000045e+02	1.353409940401417373e+02
1.920000000000000000e+02	4.868500000000000050e+00	1.935979879999999866e+02	1.949900000000000091e+02	1.821654686049314762e+02
1.960000000000000000e+02	5.603299999999999947e+00	1.934279640000000029e+02	1.936380000000000052e+02	1.815505465309059332e+02
2.000000000000000000e+02	6.357400000000000162e+00	1.932515239999999892e+02	1.932860000000000014e+02	1.810029971782945495e+02
2.040000000000000000e+02	7.121599999999999930e+00	1.930734799999999893e+02	1.930370000000000061e+02	1.804907050529515971e+02
2.080000000000000000e+02	7.891300000000000203e+00	1.928906240000000025e+02	1.927800000000000011e+02	1.799976124078044109e+02
2.120000000000000000e+02	8.665399999999999991e+00	1.927077679999999873e+02	1.925649999999999977e+02	1.795198793468138661e+02
2.160000000000000000e+02	9.442800000000000082e+00	1.925217039999999997e+02	1.923919999999999959e+02	1.790536659739407810e+02
2.200000000000000000e+02	1.022010000000000041e+01	1.923388480000000129e+02	1.921980000000000075e+02	1.785871035196095136e+02
2.250000000000000000e+02	1.119120000000000026e+01	1.921062680000000000e+02	1.919519999999999982e+02	1.780020677740403414e+02
2.300000000000000000e+02	1.216169999999999973e+01	1.918768959999999879e+02	1.917170000000000130e+02	1.774149375397227288e+02
2.400000000000000000e+02	1.409849999999999959e+01	1.914245679999999936e+02	1.912709999999999866e+02	1.762260156498468859e+02
2.500000000000000000e+02	1.602550000000000097e+01	1.909850720000000024e+02	1.908309999999999889e+02	1.750028837770769030e+02
2.600000000000000000e+02	1.794249999999999901e+01	1.905680319999999881e+02	1.904170000000000016e+02	1.737448437584963870e+02
2.700000000000000000e+02	1.984900000000000020e+01	1.901734480000000076e+02	1.900289999999999964e+02	1.724501501868149091e+02
2.800000000000000000e+02	2.174419999999999931e+01	1.898013200000000040e+02	1.896630000000000109e+02	1.711160104103677781e+02
2.900000000000000000e+02	2.362930000000000064e+01	1.894516480000000058e+02	1.893249999999999886e+02	1.697466134066519885e+02
3.000000000000000000e+02	2.550309999999999988e+01	1.891212240000000122e+02	1.890060000000000002e+02	1.683377701981704035e+02
1.920000000000000000e+02	4.945500000000000007e+00	2.082232600000000105e+02	2.084850000000000136e+02	1.824342613276718055e+02
1.960000000000000000e+02	5.778999999999999915e+00	2.080307799999999929e+02	2.080169999999999959e+02	1.821638826527952233e+02
2.000000000000000000e+02	6.632799999999999585e+00	2.078302799999999877e+02	2.077129999999999939e+02	1.819643675139138566e+02
2.040000000000000000e+02	7.499299999999999855e+00	2.076249679999999955e+02	2.074840000000000089e+02	1.818091857202116728e+02
2.080000000000000000e+02	8.372600000000000264e+00	2.074180519999999888e+02	2.072539999999999907e+02	1.816777414656606311e+02
2.120000000000000000e+02	9.249900000000000233e+00	2.072111360000000104e+02	2.070289999999999964e+02	1.815602604694336435e+02
2.160000000000000000e+02	1.013039999999999985e+01	2.070010120000000029e+02	2.068300000000000125e+02	1.814539500798660754e+02
2.200000000000000000e+02	1.101159999999999961e+01	2.067924920000000100e+02	2.066270000000000095e+02	1.813500832605052437e+02
2.250000000000000000e+02	1.211149999999999949e+01	2.065326439999999479e+02	2.063530000000000086e+02	1.812146644329745016e+02
2.300000000000000000e+02	1.321149999999999913e+01	2.062744000000000142e+02	2.061009999999999991e+02	1.810795946869018849e+02
2.400000000000000000e+02	1.540569999999999951e+01	2.057707440000000076e+02	2.056100000000000136e+02	1.807892084701866509e+02
2.500000000000000000e+02	1.758999999999999986e+01	2.052927520000000072e+02	2.051419999999999959e+02	1.804642631891190376e+02
2.600000000000000000e+02	1.976379999999999981e+01	2.048436320000000137e+02	2.047090000000000032e+02	1.801026643549504911e+02
2.700000000000000000e+02	2.192610000000000170e+01	2.044265919999999994e+02	2.043060000000000116e+02	1.797009211530998698e+02
2.800000000000000000e+02	2.407529999999999859e+01	2.040368200000000058e+02	2.039250000000000114e+02	1.792534482802376488e+02
2.900000000000000000e+02	2.621300000000000097e+01	2.036759199999999908e+02	2.035730000000000075e+02	1.787658310396934382e+02
3.000000000000000000e+02	2.833869999999999933e+01	2.033342680000000087e+02	2.032460000000000093e+02	1.782363240241767528e+02
1.920000000000000000e+02	5.205199999999999605e+00	2.283069439999999872e+02	2.276659999999999968e+02	1.833408258743688179e+02
1.960000000000000000e+02	6.220900000000000318e+00	2.280695519999999874e+02	2.278930000000000007e+02	1.837064736161582630e+02
2.000000000000000000e+02	7.245099999999999874e+00	2.278289519999999868e+02	2.276730000000000018e+02	1.841017932818865575e+02
2.040000000000000000e+02	8.278499999999999304e+00	2.275530640000000062e+02	2.274209999999999923e+02	1.845292284417605231e+02
2.080000000000000000e+02	9.317700000000000315e+00	2.273397319999999979e+02	2.271699999999999875e+02	1.849769103262045178e+02
2.120000000000000000e+02	1.036079999999999934e+01	2.270943199999999536e+02	2.269310000000000116e+02	1.854382063875145832e+02
2.160000000000000000e+02	1.140399999999999991e+01	2.268489079999999944e+02	2.266750000000000114e+02	1.858998515302828025e+02
2.200000000000000000e+02	1.244780000000000086e+01	2.266050999999999931e+02	2.264300000000000068e+02	1.863635911617995191e+02
2.250000000000000000e+02	1.375159999999999982e+01	2.263051519999999925e+02	2.261289999999999907e+02	1.869399494273436062e+02
2.330000000000000000e+02	1.505339999999999989e+01	2.260132240000000081e+02	2.185049999999999955e+02	1.851243465925933265e+02
2.400000000000000000e+02	1.755059999999999931e+01	2.254534280000000024e+02	2.245209999999999866e+02	1.882766566650662696e+02
2.500000000000000000e+02	2.023519999999999897e+01	2.249337319999999920e+02	2.247849999999999966e+02	1.896981659188946026e+02
2.600000000000000000e+02	2.280620000000000047e+01	2.244621559999999931e+02	2.243199999999999932e+02	1.907231186363164568e+02
2.700000000000000000e+02	2.536349999999999838e+01	2.240290760000000034e+02	2.238950000000000102e+02	1.917002471939779298e+02
2.800000000000000000e+02	2.790690000000000026e+01	2.236312839999999937e+02	2.235070000000000050e+02	1.926288534289629411e+02
2.900000000000000000e+02	3.043329999999999913e+01	2.232607600000000048e+02	2.231390000000000100e+02	1.934981158160702535e+02
3.000000000000000000e+02	3.294830000000000325e+01	2.229110880000000066e+02	2.228110000000000070e+02	1.915188285524656351e+02
1.940000000000000000e+02	6.378700000000000259e+00	2.464080840000000023e+02	2.460920000000000130e+02	1.760714117024312770e+02
1.980000000000000000e+02	7.586100000000000065e+00	2.461241760000000056e+02	2.459039999999999964e+02	1.773551697949161223e+02
2.020000000000000000e+02	8.801199999999999690e+00	2.458402680000000089e+02	2.456759999999999877e+02	1.786652811038437392e+02
2.060000000000000000e+02	1.002009999999999934e+01	2.455531520000000114e+02	2.454259999999999877e+02	1.799883978962106141e+02
2.100000000000000000e+02	1.123780000000000001e+01	2.452692439999999863e+02	2.451349999999999909e+02	1.813074076938071357e+02
2.150000000000000000e+02	1.275960000000000072e+01	2.449179680000000019e+02	2.447740000000000009e+02	1.829550576297192777e+02
2.200000000000000000e+02	1.427919999999999945e+01	2.445747120000000052e+02	2.444180000000000064e+02	1.845951780752191667e+02
2.300000000000000000e+02	1.731250000000000000e+01	2.439218840000000057e+02	2.437700000000000102e+02	1.878552262419315184e+02
2.400000000000000000e+02	2.032870000000000132e+01	2.433284040000000061e+02	2.431649999999999920e+02	1.910567497331674929e+02
2.500000000000000000e+02	2.333129999999999882e+01	2.427958759999999927e+02	2.426339999999999861e+02	1.942117272836733548e+02
2.600000000000000000e+02	2.631779999999999831e+01	2.423146759999999915e+02	2.421599999999999966e+02	1.973116026543445685e+02
2.700000000000000000e+02	2.928610000000000113e+01	2.418783880000000011e+02	2.417259999999999991e+02	2.003491886043330226e+02
2.800000000000000000e+02	3.223960000000000292e+01	2.414757840000000044e+02	2.413420000000000130e+02	2.033361216188212666e+02
2.900000000000000000e+02	3.516770000000000351e+01	2.411020519999999863e+02	2.409629999999999939e+02	2.062361232440049434e+02
1.940000000000000000e+02	7.266000000000000014e+00	2.604061919999999759e+02	2.601940000000000168e+02	1.791081920854965119e+02
1.980000000000000000e+02	8.636300000000000310e+00	2.600902040000000284e+02	2.599089999999999918e+02	1.809494747180482932e+02
2.020000000000000000e+02	1.000479999999999947e+01	2.597726119999999810e+02	2.595620000000000118e+02	1.827845968584446439e+02
2.060000000000000000e+02	1.137509999999999977e+01	2.594550199999999904e+02	2.592300000000000182e+02	1.846258794909963115e+02
2.100000000000000000e+02	1.274540000000000006e+01	2.591454479999999876e+02	2.589100000000000250e+02	1.864671621235481780e+02
2.150000000000000000e+02	1.444040000000000035e+01	2.587701119999999833e+02	2.584139999999999873e+02	1.887075883046387048e+02
2.200000000000000000e+02	1.616069999999999851e+01	2.584011919999999805e+02	2.581399999999999864e+02	1.910346036254696003e+02
2.300000000000000000e+02	1.956259999999999977e+01	2.577259079999999472e+02	2.574660000000000082e+02	1.955561836857895344e+02
2.400000000000000000e+02	2.294379999999999953e+01	2.571244080000000167e+02	2.568570000000000277e+02	2.000069180863219174e+02
2.500000000000000000e+02	2.631139999999999901e+01	2.565934839999999895e+02	2.563419999999999845e+02	2.044111065461243584e+02
2.600000000000000000e+02	2.965390000000000015e+01	2.561203039999999760e+02	2.558629999999999995e+02	2.087293903653149698e+02
2.700000000000000000e+02	3.297570000000000334e+01	2.556904319999999871e+02	2.554319999999999879e+02	2.129768285247179733e+02
1.940000000000000000e+02	8.634600000000000719e+00	2.761991760000000227e+02	2.743550000000000182e+02	1.837922196210122934e+02
1.980000000000000000e+02	1.040799999999999947e+01	2.758446919999999523e+02	2.756600000000000250e+02	1.870131102468172628e+02
2.020000000000000000e+02	1.197739999999999938e+01	2.754934160000000247e+02	2.752889999999999873e+02	1.895358117616729317e+02
2.060000000000000000e+02	1.354620000000000068e+01	2.751485559999999850e+02	2.749429999999999836e+02	1.920564597791435517e+02
2.100000000000000000e+02	1.510800000000000054e+01	2.748149240000000191e+02	2.745880000000000223e+02	1.945531503271207612e+02
2.150000000000000000e+02	1.706019999999999825e+01	2.744187360000000240e+02	2.741940000000000168e+02	1.976738423873101169e+02
2.200000000000000000e+02	1.903300000000000125e+01	2.740401919999999905e+02	2.739490000000000123e+02	2.008650378577229390e+02
2.300000000000000000e+02	2.267229999999999990e+01	2.733600959999999986e+02	2.722780000000000200e+02	2.061991183834318804e+02
2.400000000000000000e+02	2.671859999999999857e+01	2.727698240000000283e+02	2.725149999999999864e+02	2.129261546353974950e+02
2.500000000000000000e+02	3.054420000000000002e+01	2.722485239999999180e+02	2.720029999999999859e+02	2.188978460991939130e+02
2.600000000000000000e+02	3.433570000000000277e+01	2.717833639999999491e+02	2.715219999999999914e+02	2.247528304616012633e+02
1.920000000000000000e+02	1.050890000000000057e+01	2.932272399999999379e+02	2.929759999999999991e+02	1.916312847754186066e+02
1.960000000000000000e+02	1.232269999999999932e+01	2.928262399999999843e+02	2.925609999999999786e+02	1.949904442251567502e+02
2.000000000000000000e+02	1.413109999999999999e+01	2.924412799999999493e+02	2.921630000000000109e+02	1.983311221984285737e+02
2.050000000000000000e+02	1.638599999999999923e+01	2.919761199999999235e+02	2.917019999999999982e+02	2.024878036894235720e+02
2.100000000000000000e+02	1.863119999999999976e+01	2.915269999999999868e+02	2.912669999999999959e+02	2.066112869726921417e+02
2.150000000000000000e+02	2.086870000000000047e+01	2.911259999999999195e+02	2.908650000000000091e+02	2.107084170395181104e+02
2.200000000000000000e+02	2.310020000000000095e+01	2.907570799999999736e+02	2.904990000000000236e+02	2.147850121324923975e+02
2.250000000000000000e+02	2.532369999999999877e+01	2.904202399999999784e+02	2.901610000000000014e+02	2.188342272603314882e+02
2.300000000000000000e+02	2.753930000000000078e+01	2.900031999999999357e+02	2.898460000000000036e+02	2.228564046725996093e+02
2.350000000000000000e+02	2.974790000000000134e+01	2.898107200000000034e+02	2.895559999999999832e+02	2.268546246153743482e+02
2.400000000000000000e+02	3.194879999999999853e+01	2.895540799999999990e+02	2.892869999999999777e+02	2.308264913417064861e+02
2.450000000000000000e+02	3.414020000000000010e+01	2.892974399999999946e+02	2.890299999999999727e+02	2.347658443594402797e+02
1.940000000000000000e+02	1.529129999999999967e+01	3.100852799999999547e+02	3.095129999999999768e+02	2.065747463605034113e+02
1.980000000000000000e+02	1.736680000000000135e+01	3.096842800000000011e+02	3.090960000000000036e+02	2.108295729197289745e+02
2.020000000000000000e+02	1.943489999999999895e+01	3.092993200000000229e+02	3.087060000000000173e+02	2.150590730112043332e+02
2.050000000000000000e+02	2.098379999999999868e+01	3.090266399999999862e+02	3.084379999999999882e+02	2.182237541517896489e+02
2.100000000000000000e+02	2.355760000000000076e+01	3.086095999999999435e+02	3.080240000000000009e+02	2.234718695029893638e+02
2.150000000000000000e+02	2.612059999999999960e+01	3.081283999999999423e+02	3.076429999999999723e+02	2.286830219012564100e+02
2.200000000000000000e+02	2.867620000000000147e+01	3.078878000000000270e+02	3.073000000000000114e+02	2.338688478317733086e+02
2.250000000000000000e+02	3.122139999999999915e+01	3.075670000000000073e+02	3.069830000000000041e+02	2.390190798076143608e+02
2.300000000000000000e+02	3.375419999999999732e+01	3.072782799999999384e+02	3.066840000000000259e+02	2.441268728374956254e+02
1.920000000000000000e+02	1.867760000000000176e+01	3.241042400000000043e+02	3.237699999999999818e+02	2.195886249254751306e+02
1.960000000000000000e+02	2.100840000000000174e+01	3.236551199999999540e+02	3.233650000000000091e+02	2.247172146220799220e+02
2.000000000000000000e+02	2.333210000000000051e+01	3.232861999999999512e+02	3.229940000000000282e+02	2.298215045996270192e+02
2.040000000000000000e+02	2.564939999999999998e+01	3.229493600000000129e+02	3.226539999999999964e+02	2.349038906050660671e+02
2.080000000000000000e+02	2.795990000000000109e+01	3.226446000000000254e+02	3.223410000000000082e+02	2.399630036401400162e+02
2.120000000000000000e+02	3.026289999999999836e+01	3.223558800000000133e+02	3.220509999999999877e+02	2.449964479578996190e+02
2.160000000000000000e+02	3.255689999999999884e+01	3.220831999999999766e+02	3.217789999999999964e+02	2.499990898148821827e+02
2.200000000000000000e+02	3.484340000000000259e+01	3.218426000000000045e+02	3.215249999999999773e+02	2.549760629545503150e+02
1.940000000000000000e+02	2.600260000000000105e+01	3.381231999999999402e+02	3.378450000000000273e+02	2.432341239296760875e+02
1.980000000000000000e+02	2.861179999999999879e+01	3.377863600000000019e+02	3.374959999999999809e+02	2.493155364129880525e+02
2.060000000000000000e+02	3.121399999999999864e+01	3.374816000000000145e+02	3.319710000000000036e+02	2.525244282812515166e+02
2.060000000000000000e+02	3.380429999999999779e+01	3.371928799999999455e+02	3.368809999999999718e+02	2.613897187424865365e+02
1.920000000000000000e+02	3.070149999999999935e+01	3.495276400000000194e+02	3.492110000000000127e+02	2.607403702742167297e+02
1.960000000000000000e+02	3.355749999999999744e+01	3.492228799999999751e+02	3.488829999999999814e+02	2.676664546819516772e+02
