# Temperature (K)	Pressure (MPa)	Experimental(kJ/mol)	NIST(kJ/mol)	Model(kJ/mol)
1.300000000000000000e+02	5.000000000000000000e+00	5.667999999999999705e-01	1.141750000000000043e+00	1.782707383678133084e+00
1.400000000000000000e+02	5.000000000000000000e+00	1.150500000000000078e+00	1.720809999999999951e+00	2.438515960016840900e+00
1.500000000000000000e+02	5.000000000000000000e+00	1.758099999999999996e+00	2.320629999999999971e+00	3.077693856454950527e+00
1.600000000000000000e+02	5.000000000000000000e+00	2.397699999999999942e+00	2.951430000000000220e+00	3.716871752893061931e+00
1.700000000000000000e+02	5.000000000000000000e+00	3.089799999999999880e+00	3.633010000000000073e+00	4.356049649331171558e+00
1.800000000000000000e+02	5.000000000000000000e+00	3.888399999999999856e+00	4.414220000000000255e+00	4.995227545769282962e+00
1.850000000000000000e+02	5.000000000000000000e+00	4.368999999999999773e+00	4.888440000000000119e+00	5.314816493988337776e+00
1.900000000000000000e+02	5.000000000000000000e+00	5.034799999999999720e+00	5.535330000000000084e+00	5.634405442207392589e+00
1.500000000000000000e+02	3.200000000000000178e+00	6.100999999999999757e-01	2.303119999999999834e+00	3.054095655946041710e+00
1.600000000000000000e+02	3.200000000000000178e+00	1.269400000000000084e+00	2.953440000000000065e+00	3.693273552384153113e+00
1.700000000000000000e+02	3.200000000000000178e+00	1.997500000000000053e+00	3.676349999999999785e+00	4.332451448822262741e+00
1.750000000000000000e+02	3.200000000000000178e+00	2.435400000000000009e+00	4.092810000000000059e+00	4.652040397041317554e+00
9.981999999999999318e+01	3.400000000000000244e-01	0.000000000000000000e+00	-6.481959999999999944e-01	-1.907939469667745414e-01
1.053700000000000045e+02	3.400000000000000244e-01	2.985999999999999766e-01	-3.436589999999999923e-01	1.639497855563769591e-01
1.109300000000000068e+02	3.400000000000000244e-01	6.008999999999999897e-01	-3.555090000000000333e-02	5.193326959759669847e-01
1.164800000000000040e+02	3.400000000000000244e-01	9.069000000000000394e-01	2.755270000000000219e-01	8.636157514883278097e-01
1.220400000000000063e+02	3.400000000000000244e-01	1.216599999999999904e+00	5.913249999999999895e-01	1.208412654494360083e+00
9.981999999999999318e+01	6.899999999999999467e-01	0.000000000000000000e+00	-6.394060000000000299e-01	-1.862054079789317029e-01
1.053700000000000045e+02	6.899999999999999467e-01	2.985999999999999766e-01	-3.351299999999999835e-01	1.685383245442197975e-01
1.109300000000000068e+02	6.899999999999999467e-01	6.008999999999999897e-01	-2.734119999999999953e-02	5.239212349638098232e-01
1.164800000000000040e+02	6.899999999999999467e-01	9.069000000000000394e-01	2.833450000000000135e-01	8.689306746736562559e-01
1.220400000000000063e+02	6.899999999999999467e-01	1.216599999999999904e+00	5.986540000000000195e-01	1.213727577679688530e+00
1.275900000000000034e+02	6.899999999999999467e-01	1.533900000000000041e+00	9.182360000000000522e-01	1.564227301692399763e+00
1.331500000000000057e+02	6.899999999999999467e-01	1.858500000000000041e+00	1.244289999999999896e+00	1.930127080968473408e+00
1.387100000000000080e+02	6.899999999999999467e-01	2.190700000000000092e+00	1.577700000000000102e+00	2.296026860244547052e+00
9.981999999999999318e+01	1.030000000000000027e+00	0.000000000000000000e+00	-6.308580000000000298e-01	-1.817479701050261909e-01
1.053700000000000045e+02	1.030000000000000027e+00	2.985999999999999766e-01	-3.268320000000000114e-01	1.729957624181253095e-01
1.109300000000000068e+02	1.030000000000000027e+00	6.008999999999999897e-01	-1.934810000000000002e-02	5.283786728377153352e-01
1.164800000000000040e+02	1.030000000000000027e+00	9.031000000000000139e-01	2.909630000000000272e-01	8.740937429108335266e-01
1.220400000000000063e+02	1.030000000000000027e+00	1.212900000000000089e+00	6.058069999999999844e-01	1.218890645916865800e+00
1.275900000000000034e+02	1.030000000000000027e+00	1.530100000000000016e+00	9.248039999999999594e-01	1.571608586117083206e+00
1.331500000000000057e+02	1.030000000000000027e+00	1.854800000000000004e+00	1.250110000000000054e+00	1.937508365393156851e+00
1.387100000000000080e+02	1.030000000000000027e+00	2.186999999999999833e+00	1.582529999999999992e+00	2.303408144669230495e+00
1.442599999999999909e+02	1.030000000000000027e+00	2.537799999999999834e+00	1.923359999999999959e+00	2.467644176893188046e+00
9.981999999999999318e+01	1.379999999999999893e+00	0.000000000000000000e+00	-6.220489999999999631e-01	-1.964766371155794999e-01
1.053700000000000045e+02	1.379999999999999893e+00	2.985999999999999766e-01	-3.182760000000000034e-01	1.374464272784390317e-01
1.109300000000000068e+02	1.379999999999999893e+00	5.970999999999999641e-01	-1.110180000000000021e-02	4.719711548515457267e-01
1.164800000000000040e+02	1.379999999999999893e+00	9.031000000000000139e-01	2.988310000000000133e-01	8.058942192455633702e-01
1.220400000000000063e+02	1.379999999999999893e+00	1.212900000000000089e+00	6.132039999999999713e-01	1.140418946818670065e+00
1.275900000000000034e+02	1.379999999999999893e+00	1.530100000000000016e+00	9.316119999999999957e-01	1.474342011212687709e+00
1.331500000000000057e+02	1.379999999999999893e+00	1.854800000000000004e+00	1.256159999999999943e+00	1.808866738785793515e+00
1.387100000000000080e+02	1.379999999999999893e+00	2.186999999999999833e+00	1.587599999999999900e+00	2.143391466358899322e+00
1.442599999999999909e+02	1.379999999999999893e+00	2.533999999999999808e+00	1.927110000000000101e+00	2.477314530752916966e+00
1.498199999999999932e+02	1.379999999999999893e+00	2.884799999999999809e+00	2.278579999999999828e+00	2.811839258326022772e+00
1.553700000000000045e+02	1.379999999999999893e+00	3.250599999999999934e+00	2.644829999999999792e+00	3.145762322720042192e+00
9.981999999999999318e+01	1.719999999999999973e+00	0.000000000000000000e+00	-6.134819999999999718e-01	-1.870825790804149236e-01
1.053700000000000045e+02	1.719999999999999973e+00	2.985999999999999766e-01	-3.099520000000000053e-01	1.468404853136036081e-01
1.109300000000000068e+02	1.719999999999999973e+00	5.970999999999999641e-01	-3.073719999999999838e-03	4.813652128867103031e-01
1.164800000000000040e+02	1.719999999999999973e+00	9.031000000000000139e-01	3.064970000000000194e-01	8.152882772807279466e-01
1.220400000000000063e+02	1.719999999999999973e+00	1.212900000000000089e+00	6.204229999999999468e-01	1.149813004853834641e+00
1.275900000000000034e+02	1.719999999999999973e+00	1.530100000000000016e+00	9.382709999999999662e-01	1.483736069247852285e+00
1.331500000000000057e+02	1.719999999999999973e+00	1.854800000000000004e+00	1.262110000000000065e+00	1.818260796820959868e+00
1.387100000000000080e+02	1.719999999999999973e+00	2.186999999999999833e+00	1.592619999999999925e+00	2.152785524394065675e+00
1.442599999999999909e+02	1.719999999999999973e+00	2.530299999999999994e+00	1.930889999999999995e+00	2.486708588788083318e+00
1.498199999999999932e+02	1.719999999999999973e+00	2.881099999999999994e+00	2.280640000000000001e+00	2.821233316361189125e+00
1.553700000000000045e+02	1.719999999999999973e+00	3.239399999999999835e+00	2.644359999999999822e+00	3.155156380755208545e+00
1.609300000000000068e+02	1.719999999999999973e+00	3.627499999999999947e+00	3.029669999999999863e+00	3.489681108328314352e+00
9.981999999999999318e+01	2.069999999999999840e+00	0.000000000000000000e+00	-6.046529999999999960e-01	-1.774122252206860040e-01
1.053700000000000045e+02	2.069999999999999840e+00	2.985999999999999766e-01	-3.013700000000000268e-01	1.565108391733325277e-01
1.109300000000000068e+02	2.069999999999999840e+00	5.970999999999999641e-01	5.207960000000000193e-03	4.910355667464392226e-01
1.164800000000000040e+02	2.069999999999999840e+00	9.031000000000000139e-01	3.144129999999999980e-01	8.249586311404568661e-01
1.220400000000000063e+02	2.069999999999999840e+00	1.212900000000000089e+00	6.278860000000000552e-01	1.159483358713563561e+00
1.275900000000000034e+02	2.069999999999999840e+00	1.530100000000000016e+00	9.451709999999999834e-01	1.493406423107581205e+00
1.331500000000000057e+02	2.069999999999999840e+00	1.854800000000000004e+00	1.268289999999999917e+00	1.827931150680688788e+00
1.387100000000000080e+02	2.069999999999999840e+00	2.186999999999999833e+00	1.597869999999999902e+00	2.162455878253794594e+00
1.442599999999999909e+02	2.069999999999999840e+00	2.522800000000000153e+00	1.934919999999999973e+00	2.496378942647812238e+00
1.498199999999999932e+02	2.069999999999999840e+00	2.873600000000000154e+00	2.282970000000000166e+00	2.832627301402228071e+00
1.553700000000000045e+02	2.069999999999999840e+00	3.231899999999999995e+00	2.644239999999999924e+00	3.166301017404903106e+00
1.609300000000000068e+02	2.069999999999999840e+00	3.616299999999999848e+00	3.025700000000000056e+00	3.500575947310283098e+00
1.664799999999999898e+02	2.069999999999999840e+00	4.026799999999999713e+00	3.436409999999999965e+00	3.834249663312956358e+00
9.981999999999999318e+01	2.410000000000000142e+00	3.700000000000000164e-03	-5.960680000000000422e-01	-1.642308167737587254e-01
1.053700000000000045e+02	2.410000000000000142e+00	3.023000000000000131e-01	-2.930209999999999759e-01	1.694428992289154223e-01
1.109300000000000068e+02	2.410000000000000142e+00	6.008999999999999897e-01	1.326970000000000059e-02	5.037178291342963021e-01
1.164800000000000040e+02	2.410000000000000142e+00	9.069000000000000394e-01	3.221249999999999947e-01	8.373915451369695617e-01
1.220400000000000063e+02	2.410000000000000142e+00	1.216599999999999904e+00	6.351670000000000371e-01	1.171666475042350442e+00
1.275900000000000034e+02	2.410000000000000142e+00	1.533900000000000041e+00	9.519159999999999844e-01	1.505340191045023701e+00
1.331500000000000057e+02	2.410000000000000142e+00	1.854800000000000004e+00	1.274359999999999937e+00	1.839615120950405469e+00
1.387100000000000080e+02	2.410000000000000142e+00	2.183199999999999807e+00	1.603059999999999929e+00	2.173890050855785461e+00
1.442599999999999909e+02	2.410000000000000142e+00	2.519099999999999895e+00	1.938960000000000017e+00	2.507563766858458720e+00
1.498199999999999932e+02	2.410000000000000142e+00	2.869899999999999896e+00	2.285429999999999851e+00	2.841838696763838712e+00
1.553700000000000045e+02	2.410000000000000142e+00	3.224499999999999922e+00	2.644439999999999902e+00	3.175512412766513748e+00
1.609300000000000068e+02	2.410000000000000142e+00	3.608900000000000219e+00	3.022440000000000015e+00	3.509787342671893740e+00
1.664799999999999898e+02	2.410000000000000142e+00	4.004400000000000404e+00	3.427200000000000024e+00	3.843461058674566999e+00
9.981999999999999318e+01	2.759999999999999787e+00	3.700000000000000164e-03	-5.872209999999999930e-01	-1.547484980191597970e-01
1.053700000000000045e+02	2.759999999999999787e+00	3.023000000000000131e-01	-2.844140000000000001e-01	1.789252179835143508e-01
1.109300000000000068e+02	2.759999999999999787e+00	6.008999999999999897e-01	2.158540000000000111e-02	5.132001478888952306e-01
1.164800000000000040e+02	2.759999999999999787e+00	9.069000000000000394e-01	3.300870000000000193e-01	8.468738638915684902e-01
1.220400000000000063e+02	2.759999999999999787e+00	1.216599999999999904e+00	6.426929999999999588e-01	1.181148793796949370e+00
1.275900000000000034e+02	2.759999999999999787e+00	1.533900000000000041e+00	9.589020000000000321e-01	1.514822509799622630e+00
1.331500000000000057e+02	2.759999999999999787e+00	1.854800000000000004e+00	1.280669999999999975e+00	1.849097439705003509e+00
1.387100000000000080e+02	2.759999999999999787e+00	2.183199999999999807e+00	1.608489999999999975e+00	2.183372369610383501e+00
1.442599999999999909e+02	2.759999999999999787e+00	2.519099999999999895e+00	1.943240000000000078e+00	2.517046085613056761e+00
1.498199999999999932e+02	2.759999999999999787e+00	2.866200000000000081e+00	2.288149999999999906e+00	2.851321015518436752e+00
1.553700000000000045e+02	2.759999999999999787e+00	3.213299999999999823e+00	2.644960000000000200e+00	3.184994731521111788e+00
1.609300000000000068e+02	2.759999999999999787e+00	3.597700000000000120e+00	3.019629999999999814e+00	3.519269661426491780e+00
1.664799999999999898e+02	2.759999999999999787e+00	3.993300000000000072e+00	3.418849999999999945e+00	3.852943377429165039e+00
1.720399999999999920e+02	2.759999999999999787e+00	4.448599999999999888e+00	3.860549999999999926e+00	4.187218307334545031e+00
9.981999999999999318e+01	3.100000000000000089e+00	3.700000000000000164e-03	-5.786179999999999657e-01	-1.455371026575500437e-01
1.053700000000000045e+02	3.100000000000000089e+00	3.023000000000000131e-01	-2.760409999999999808e-01	1.881366133451241041e-01
1.109300000000000068e+02	3.100000000000000089e+00	6.008999999999999897e-01	2.967950000000000102e-02	5.269600254050805788e-01
1.164800000000000040e+02	3.100000000000000089e+00	9.069000000000000394e-01	3.378430000000000044e-01	8.615070274061435995e-01
1.220400000000000063e+02	3.100000000000000089e+00	1.216599999999999904e+00	6.500340000000000007e-01	1.196656816798200573e+00
1.275900000000000034e+02	3.100000000000000089e+00	1.533900000000000041e+00	9.657289999999999486e-01	1.531203818799263594e+00
1.331500000000000057e+02	3.100000000000000089e+00	1.854800000000000004e+00	1.286850000000000049e+00	1.866353608191321456e+00
1.387100000000000080e+02	3.100000000000000089e+00	2.183199999999999807e+00	1.613850000000000007e+00	2.201503397583376653e+00
1.442599999999999909e+02	3.100000000000000089e+00	2.519099999999999895e+00	1.947519999999999918e+00	2.536050399584439674e+00
1.498199999999999932e+02	3.100000000000000089e+00	2.866200000000000081e+00	2.290970000000000173e+00	2.871200188976496648e+00
1.553700000000000045e+02	3.100000000000000089e+00	3.213299999999999823e+00	2.645750000000000046e+00	3.205747190977561445e+00
1.609300000000000068e+02	3.100000000000000089e+00	3.590199999999999836e+00	3.017389999999999795e+00	3.540896980369618419e+00
1.664799999999999898e+02	3.100000000000000089e+00	3.985799999999999788e+00	3.411709999999999798e+00	3.875443982370679663e+00
1.720399999999999920e+02	3.100000000000000089e+00	4.415000000000000036e+00	3.844079999999999941e+00	4.210593771762736637e+00
1.775900000000000034e+02	3.100000000000000089e+00	4.918800000000000061e+00	4.348790000000000155e+00	4.545140773763801434e+00
9.981999999999999318e+01	3.450000000000000178e+00	7.499999999999999722e-03	-5.697529999999999539e-01	-1.339765740373977110e-01
1.053700000000000045e+02	3.450000000000000178e+00	3.059999999999999942e-01	-2.674099999999999810e-01	2.005704279636661980e-01
1.109300000000000068e+02	3.450000000000000178e+00	6.046000000000000263e-01	3.802799999999999930e-02	5.357202173557231717e-01
1.164800000000000040e+02	3.450000000000000178e+00	9.105999999999999650e-01	3.458490000000000175e-01	8.702672193567861925e-01
1.220400000000000063e+02	3.450000000000000178e+00	1.220399999999999929e+00	6.576199999999999823e-01	1.205417008748843166e+00
1.275900000000000034e+02	3.450000000000000178e+00	1.537600000000000078e+00	9.727970000000000228e-01	1.539964010749906187e+00
1.331500000000000057e+02	3.450000000000000178e+00	1.858500000000000041e+00	1.293260000000000076e+00	1.875113800141964049e+00
1.387100000000000080e+02	3.450000000000000178e+00	2.179499999999999993e+00	1.619439999999999991e+00	2.210263589534019246e+00
1.442599999999999909e+02	3.450000000000000178e+00	2.515400000000000080e+00	1.952029999999999932e+00	2.544810591535082267e+00
1.498199999999999932e+02	3.450000000000000178e+00	2.854999999999999982e+00	2.294049999999999923e+00	2.879960380927139241e+00
1.553700000000000045e+02	3.450000000000000178e+00	3.198300000000000143e+00	2.646830000000000016e+00	3.214507382928204038e+00
1.609300000000000068e+02	3.450000000000000178e+00	3.575299999999999923e+00	3.015550000000000175e+00	3.549657172320261012e+00
1.664799999999999898e+02	3.450000000000000178e+00	3.970899999999999874e+00	3.405250000000000110e+00	3.884204174321322256e+00
1.720399999999999920e+02	3.450000000000000178e+00	4.392599999999999838e+00	3.829209999999999781e+00	4.219353963713379230e+00
1.775900000000000034e+02	3.450000000000000178e+00	4.877699999999999925e+00	4.313710000000000377e+00	4.553900965714444027e+00
9.981999999999999318e+01	3.790000000000000036e+00	1.119999999999999989e-02	-5.611329999999999929e-01	-1.254666732853451094e-01
1.053700000000000045e+02	3.790000000000000036e+00	3.098000000000000198e-01	-2.590140000000000220e-01	2.090803287157187995e-01
1.109300000000000068e+02	3.790000000000000036e+00	6.082999999999999519e-01	4.615339999999999721e-02	5.442301181077757732e-01
1.164800000000000040e+02	3.790000000000000036e+00	9.143000000000000016e-01	3.536469999999999891e-01	8.787771201088387940e-01
1.220400000000000063e+02	3.790000000000000036e+00	1.224099999999999966e+00	6.650169999999999693e-01	1.213926909500895768e+00
1.275900000000000034e+02	3.790000000000000036e+00	1.537600000000000078e+00	9.797019999999999618e-01	1.549523027644579720e+00
1.331500000000000057e+02	3.790000000000000036e+00	1.858500000000000041e+00	1.299549999999999983e+00	1.882711145922705498e+00
1.387100000000000080e+02	3.790000000000000036e+00	2.179499999999999993e+00	1.624949999999999894e+00	2.215899264200832164e+00
1.442599999999999909e+02	3.790000000000000036e+00	2.511600000000000055e+00	1.956530000000000102e+00	2.548488123273418893e+00
1.498199999999999932e+02	3.790000000000000036e+00	2.847500000000000142e+00	2.297200000000000131e+00	2.881676241551545559e+00
1.553700000000000045e+02	3.790000000000000036e+00	3.194599999999999884e+00	2.648140000000000160e+00	3.214265100624134064e+00
1.609300000000000068e+02	3.790000000000000036e+00	3.564099999999999824e+00	3.014180000000000081e+00	3.547453218902260730e+00
1.664799999999999898e+02	3.790000000000000036e+00	3.955900000000000194e+00	3.399739999999999984e+00	3.880042077974847459e+00
1.720399999999999920e+02	3.790000000000000036e+00	4.373899999999999899e+00	3.816469999999999807e+00	4.213230196252974125e+00
1.775900000000000034e+02	3.790000000000000036e+00	4.847900000000000098e+00	4.285180000000000433e+00	4.545819055325562630e+00
1.831500000000000057e+02	3.790000000000000036e+00	5.437500000000000000e+00	4.882430000000000270e+00	4.879007173603689296e+00
9.981999999999999318e+01	4.139999999999999680e+00	1.490000000000000005e-02	-5.522510000000000474e-01	-1.055908192814580815e-01
1.053700000000000045e+02	4.139999999999999680e+00	3.135000000000000009e-01	-2.503589999999999982e-01	2.269980397911313119e-01
1.109300000000000068e+02	4.139999999999999680e+00	6.119999999999999885e-01	5.453340000000000271e-02	5.601861580692562015e-01
1.164800000000000040e+02	4.139999999999999680e+00	9.181000000000000272e-01	3.616949999999999887e-01	8.927750171418455949e-01
1.220400000000000063e+02	4.139999999999999680e+00	1.227800000000000002e+00	6.726609999999999534e-01	1.225963135419970484e+00
1.275900000000000034e+02	4.139999999999999680e+00	1.541299999999999892e+00	9.868489999999999762e-01	1.558551994492559878e+00
1.331500000000000057e+02	4.139999999999999680e+00	1.858500000000000041e+00	1.306079999999999908e+00	1.891740112770683879e+00
1.387100000000000080e+02	4.139999999999999680e+00	2.179499999999999993e+00	1.630689999999999973e+00	2.224928231048810545e+00
1.442599999999999909e+02	4.139999999999999680e+00	2.511600000000000055e+00	1.961270000000000069e+00	2.557517090121397274e+00
1.498199999999999932e+02	4.139999999999999680e+00	2.843799999999999883e+00	2.300600000000000200e+00	2.890705208399523940e+00
1.553700000000000045e+02	4.139999999999999680e+00	3.190900000000000070e+00	2.649729999999999919e+00	3.223294067472112445e+00
1.609300000000000068e+02	4.139999999999999680e+00	3.556599999999999984e+00	3.013170000000000126e+00	3.556482185750239111e+00
1.664799999999999898e+02	4.139999999999999680e+00	3.944700000000000095e+00	3.394789999999999974e+00	3.889071044822825840e+00
1.720399999999999920e+02	4.139999999999999680e+00	4.351499999999999702e+00	3.804860000000000131e+00	4.222259163100952506e+00
1.775900000000000034e+02	4.139999999999999680e+00	4.814300000000000246e+00	4.260069999999999801e+00	4.554848022173541011e+00
1.831500000000000057e+02	4.139999999999999680e+00	5.366600000000000037e+00	4.813410000000000188e+00	4.888036140451667677e+00
1.859300000000000068e+02	4.139999999999999680e+00	5.751000000000000334e+00	5.191939999999999777e+00	5.054630199590729234e+00
9.981999999999999318e+01	4.309999999999999609e+00	1.490000000000000005e-02	-5.479330000000000034e-01	-1.012053210981536111e-01
1.053700000000000045e+02	4.309999999999999609e+00	3.135000000000000009e-01	-2.461520000000000097e-01	2.313835379744357823e-01
1.109300000000000068e+02	4.309999999999999609e+00	6.119999999999999885e-01	5.860939999999999900e-02	5.645716562525606719e-01
1.164800000000000040e+02	4.309999999999999609e+00	9.181000000000000272e-01	3.656119999999999925e-01	8.971605153251500653e-01
1.220400000000000063e+02	4.309999999999999609e+00	1.227800000000000002e+00	6.763839999999999852e-01	1.230348633603274955e+00
1.275900000000000034e+02	4.309999999999999609e+00	1.541299999999999892e+00	9.903340000000000476e-01	1.564868702574123027e+00
1.331500000000000057e+02	4.309999999999999609e+00	1.858500000000000041e+00	1.309269999999999934e+00	1.896142865911667030e+00
1.387100000000000080e+02	4.309999999999999609e+00	2.179499999999999993e+00	1.633510000000000018e+00	2.227417029249210145e+00
1.442599999999999909e+02	4.309999999999999609e+00	2.511600000000000055e+00	1.963600000000000012e+00	2.558095375746216149e+00
1.498199999999999932e+02	4.309999999999999609e+00	2.843799999999999883e+00	2.302309999999999857e+00	2.889369539083759264e+00
1.553700000000000045e+02	4.309999999999999609e+00	3.190900000000000070e+00	2.650580000000000158e+00	3.220047885580768821e+00
1.609300000000000068e+02	4.309999999999999609e+00	3.552900000000000169e+00	3.012820000000000054e+00	3.551322048918311935e+00
1.664799999999999898e+02	4.309999999999999609e+00	3.937300000000000022e+00	3.392619999999999969e+00	3.882000395415317939e+00
1.720399999999999920e+02	4.309999999999999609e+00	4.340300000000000047e+00	3.799710000000000143e+00	4.213274558752861054e+00
1.775900000000000034e+02	4.309999999999999609e+00	4.803099999999999703e+00	4.249139999999999695e+00	4.543952905249870611e+00
1.831500000000000057e+02	4.309999999999999609e+00	5.340499999999999581e+00	4.786380000000000301e+00	4.875227068587413726e+00
1.859300000000000068e+02	4.309999999999999609e+00	5.695000000000000284e+00	5.135530000000000150e+00	5.040864150256185283e+00
9.981999999999999318e+01	4.690000000000000391e+00	2.239999999999999977e-02	-5.382749999999999480e-01	-7.975015534553886454e-02
1.053700000000000045e+02	4.690000000000000391e+00	3.210000000000000075e-01	-2.367360000000000020e-01	2.509281911514698038e-01
1.109300000000000068e+02	4.690000000000000391e+00	6.195000000000000506e-01	6.773350000000000204e-02	5.822023544890129187e-01
1.164800000000000040e+02	4.690000000000000391e+00	9.254999999999999893e-01	3.743839999999999946e-01	9.128807009860206989e-01
1.220400000000000063e+02	4.690000000000000391e+00	1.235300000000000065e+00	6.847290000000000321e-01	1.244154864323563814e+00
1.275900000000000034e+02	4.690000000000000391e+00	1.545099999999999918e+00	9.981550000000000145e-01	1.574833210820571594e+00
1.331500000000000057e+02	4.690000000000000391e+00	1.858500000000000041e+00	1.316440000000000055e+00	1.906107374158114709e+00
1.387100000000000080e+02	4.690000000000000391e+00	2.179499999999999993e+00	1.639860000000000095e+00	2.237381537495657824e+00
1.442599999999999909e+02	4.690000000000000391e+00	2.511600000000000055e+00	1.968920000000000003e+00	2.568059883992663828e+00
1.498199999999999932e+02	4.690000000000000391e+00	2.843799999999999883e+00	2.306259999999999977e+00	2.899334047330206943e+00
1.553700000000000045e+02	4.690000000000000391e+00	3.187100000000000044e+00	2.652680000000000149e+00	3.230012393827216499e+00
1.609300000000000068e+02	4.690000000000000391e+00	3.541700000000000070e+00	3.012340000000000018e+00	3.561286557164759614e+00
1.664799999999999898e+02	4.690000000000000391e+00	3.918600000000000083e+00	3.388320000000000221e+00	3.891964903661765618e+00
1.720399999999999920e+02	4.690000000000000391e+00	4.321699999999999875e+00	3.789219999999999811e+00	4.223239066999308733e+00
1.775900000000000034e+02	4.690000000000000391e+00	4.773200000000000109e+00	4.227199999999999847e+00	4.553917413496318289e+00
1.831500000000000057e+02	4.690000000000000391e+00	5.280800000000000161e+00	4.735850000000000115e+00	4.885191576833861404e+00
1.859300000000000068e+02	4.690000000000000391e+00	5.575599999999999667e+00	5.044200000000000017e+00	5.050828658502632962e+00
1.887100000000000080e+02	4.690000000000000391e+00	5.978699999999999903e+00	5.445579999999999643e+00	5.216465740171404519e+00
1.905900000000000034e+02	4.690000000000000391e+00	6.441399999999999793e+00	5.926099999999999923e+00	5.328479306192011933e+00
9.981999999999999318e+01	4.830000000000000071e+00	2.610000000000000167e-02	-5.347150000000000514e-01	-7.607902072842609442e-02
1.053700000000000045e+02	4.830000000000000071e+00	3.246999999999999886e-01	-2.332639999999999991e-01	2.545993257685825739e-01
1.109300000000000068e+02	4.830000000000000071e+00	6.231999999999999762e-01	7.109949999999999604e-02	5.952188230545596426e-01
1.164800000000000040e+02	4.830000000000000071e+00	9.293000000000000149e-01	3.776229999999999865e-01	9.233505915203776837e-01
1.220400000000000063e+02	4.830000000000000071e+00	1.239000000000000101e+00	6.878109999999999502e-01	1.252073588397846216e+00
1.275900000000000034e+02	4.830000000000000071e+00	1.548799999999999955e+00	1.001049999999999995e+00	1.580205356863664257e+00
1.331500000000000057e+02	4.830000000000000071e+00	1.862300000000000066e+00	1.319099999999999939e+00	1.908928353741131900e+00
1.387100000000000080e+02	4.830000000000000071e+00	2.183199999999999807e+00	1.642220000000000013e+00	2.237651350618602208e+00
1.442599999999999909e+02	4.830000000000000071e+00	2.511600000000000055e+00	1.970900000000000096e+00	2.565783119084418473e+00
1.498199999999999932e+02	4.830000000000000071e+00	2.843799999999999883e+00	2.307749999999999968e+00	2.894506115961887005e+00
1.553700000000000045e+02	4.830000000000000071e+00	3.187100000000000044e+00	2.653519999999999879e+00	3.222637884427706823e+00
1.609300000000000068e+02	4.830000000000000071e+00	3.541700000000000070e+00	3.012270000000000003e+00	3.551360881305175354e+00
1.664799999999999898e+02	4.830000000000000071e+00	3.918600000000000083e+00	3.386909999999999865e+00	3.879492649770993395e+00
1.720399999999999920e+02	4.830000000000000071e+00	4.314199999999999591e+00	3.785690000000000222e+00	4.208215646648461927e+00
1.775900000000000034e+02	4.830000000000000071e+00	4.754599999999999937e+00	4.219879999999999853e+00	4.536347415114279968e+00
1.831500000000000057e+02	4.830000000000000071e+00	5.258399999999999963e+00	4.719859999999999722e+00	4.865070411991748500e+00
1.859300000000000068e+02	4.830000000000000071e+00	5.549500000000000099e+00	5.017780000000000129e+00	5.029431910430483654e+00
1.887100000000000080e+02	4.830000000000000071e+00	5.915199999999999569e+00	5.389619999999999855e+00	5.193793408869217032e+00
1.905900000000000034e+02	4.830000000000000071e+00	6.254800000000000360e+00	5.757310000000000372e+00	5.304944350259440000e+00
9.981999999999999318e+01	5.519999999999999574e+00	4.109999999999999765e-02	-5.171459999999999946e-01	-4.311210802366272077e-02
1.053700000000000045e+02	5.519999999999999574e+00	3.396000000000000130e-01	-2.161240000000000105e-01	2.850196604421570967e-01
1.109300000000000068e+02	5.519999999999999574e+00	6.381999999999999895e-01	8.772399999999999642e-02	6.137426573196256285e-01
1.164800000000000040e+02	5.519999999999999574e+00	9.405000000000000027e-01	3.936279999999999779e-01	9.418744257854436697e-01
1.220400000000000063e+02	5.519999999999999574e+00	1.246499999999999941e+00	7.030669999999999975e-01	1.270597422662912201e+00
1.275900000000000034e+02	5.519999999999999574e+00	1.556200000000000028e+00	1.015390000000000015e+00	1.598729191128730243e+00
1.331500000000000057e+02	5.519999999999999574e+00	1.866000000000000103e+00	1.332310000000000105e+00	1.927452188006197886e+00
1.387100000000000080e+02	5.519999999999999574e+00	2.186999999999999833e+00	1.654020000000000046e+00	2.256175184883668194e+00
1.442599999999999909e+02	5.519999999999999574e+00	2.511600000000000055e+00	1.980909999999999949e+00	2.584306953349484459e+00
1.498199999999999932e+02	5.519999999999999574e+00	2.843799999999999883e+00	2.315440000000000165e+00	2.913029950226952991e+00
1.553700000000000045e+02	5.519999999999999574e+00	3.187100000000000044e+00	2.658139999999999947e+00	3.241161718692772808e+00
1.609300000000000068e+02	5.519999999999999574e+00	3.541700000000000070e+00	3.012640000000000207e+00	3.569884715570241340e+00
1.664799999999999898e+02	5.519999999999999574e+00	3.911099999999999799e+00	3.381180000000000074e+00	3.898016484036059381e+00
1.720399999999999920e+02	5.519999999999999574e+00	4.299299999999999677e+00	3.770550000000000068e+00	4.226739480913527913e+00
1.775900000000000034e+02	5.519999999999999574e+00	4.721000000000000085e+00	4.188640000000000363e+00	4.554871249379345954e+00
1.831500000000000057e+02	5.519999999999999574e+00	5.183799999999999741e+00	4.655269999999999797e+00	4.883594246256814486e+00
1.859300000000000068e+02	5.519999999999999574e+00	5.437500000000000000e+00	4.918520000000000003e+00	5.059298134563931626e+00
1.887100000000000080e+02	5.519999999999999574e+00	5.736100000000000421e+00	5.216269999999999740e+00	5.224318492666778724e+00
1.905900000000000034e+02	5.519999999999999574e+00	5.974899999999999878e+00	5.449939999999999785e+00	5.335914993829854680e+00
9.981999999999999318e+01	6.209999999999999964e+00	6.339999999999999802e-02	-4.995470000000000188e-01	-3.436100000952713174e-02
1.053700000000000045e+02	6.209999999999999964e+00	3.619999999999999885e-01	-1.989420000000000077e-01	2.950861177857255768e-01
1.109300000000000068e+02	6.209999999999999964e+00	6.605999999999999650e-01	1.044049999999999978e-01	6.251268339914197725e-01
1.164800000000000040e+02	6.209999999999999964e+00	9.628999999999999782e-01	4.097089999999999899e-01	9.545739517866707047e-01
1.220400000000000063e+02	6.209999999999999964e+00	1.268899999999999917e+00	7.184220000000000050e-01	1.284614667992364900e+00
1.275900000000000034e+02	6.209999999999999964e+00	1.578600000000000003e+00	1.029859999999999998e+00	1.614061785787615833e+00
1.331500000000000057e+02	6.209999999999999964e+00	1.888400000000000079e+00	1.345699999999999896e+00	1.944102501993310028e+00
1.387100000000000080e+02	6.209999999999999964e+00	2.209299999999999820e+00	1.666069999999999940e+00	2.274143218199002447e+00
1.442599999999999909e+02	6.209999999999999964e+00	2.533999999999999808e+00	1.991279999999999939e+00	2.603590335994253380e+00
1.498199999999999932e+02	6.209999999999999964e+00	2.866200000000000081e+00	2.323640000000000150e+00	2.933631052199947575e+00
1.553700000000000045e+02	6.209999999999999964e+00	3.205799999999999983e+00	2.663489999999999913e+00	3.263078169995198508e+00
1.609300000000000068e+02	6.209999999999999964e+00	3.556599999999999984e+00	3.014139999999999819e+00	3.593118886200892703e+00
1.664799999999999898e+02	6.209999999999999964e+00	3.911099999999999799e+00	3.377289999999999903e+00	3.922566003996143635e+00
1.720399999999999920e+02	6.209999999999999964e+00	4.288100000000000023e+00	3.758640000000000203e+00	4.252606720201837831e+00
1.775900000000000034e+02	6.209999999999999964e+00	4.698599999999999888e+00	4.163870000000000182e+00	4.582053837997088763e+00
1.831500000000000057e+02	6.209999999999999964e+00	5.146399999999999864e+00	4.606969999999999565e+00	4.912094554202782959e+00
1.859300000000000068e+02	6.209999999999999964e+00	5.385299999999999976e+00	4.849599999999999689e+00	5.077114912305630057e+00
1.887100000000000080e+02	6.209999999999999964e+00	5.657700000000000173e+00	5.113389999999999880e+00	5.242135270408477155e+00
1.905900000000000034e+02	6.209999999999999964e+00	5.851799999999999891e+00	5.308639999999999581e+00	5.353731771571553111e+00
9.981999999999999318e+01	6.889999999999999680e+00	8.959999999999999909e-02	-4.821719999999999895e-01	-1.680243643799794739e-02
1.053700000000000045e+02	6.889999999999999680e+00	3.881000000000000005e-01	-1.819689999999999919e-01	3.126446813572538730e-01
1.109300000000000068e+02	6.889999999999999680e+00	6.866999999999999771e-01	1.208980000000000055e-01	6.426853975629480686e-01
1.164800000000000040e+02	6.889999999999999680e+00	9.889999999999999902e-01	4.256280000000000063e-01	9.721325153581990008e-01
1.220400000000000063e+02	6.889999999999999680e+00	1.294999999999999929e+00	7.336500000000000243e-01	1.302173231563893196e+00
1.275900000000000034e+02	6.889999999999999680e+00	1.600999999999999979e+00	1.044259999999999966e+00	1.631620349359144129e+00
1.331500000000000057e+02	6.889999999999999680e+00	1.910800000000000054e+00	1.359070000000000000e+00	1.961661065564838324e+00
1.387100000000000080e+02	6.889999999999999680e+00	2.228000000000000203e+00	1.678180000000000005e+00	2.291701781770530744e+00
1.442599999999999909e+02	6.889999999999999680e+00	2.552700000000000191e+00	2.001809999999999867e+00	2.621148899565781676e+00
1.498199999999999932e+02	6.889999999999999680e+00	2.881099999999999994e+00	2.332160000000000011e+00	2.951189615771475871e+00
1.553700000000000045e+02	6.889999999999999680e+00	3.220699999999999896e+00	2.669420000000000126e+00	3.280636733566726804e+00
1.609300000000000068e+02	6.889999999999999680e+00	3.567800000000000082e+00	3.016610000000000014e+00	3.625516455177505648e+00
1.664799999999999898e+02	6.889999999999999680e+00	3.922299999999999898e+00	3.375010000000000066e+00	3.958519000667589438e+00
1.720399999999999920e+02	6.889999999999999680e+00	4.288100000000000023e+00	3.749519999999999964e+00	4.292121550744141700e+00
1.775900000000000034e+02	6.889999999999999680e+00	4.687400000000000233e+00	4.144300000000000317e+00	4.625124096234225490e+00
1.831500000000000057e+02	6.889999999999999680e+00	5.120300000000000296e+00	4.569829999999999615e+00	4.958726646310779529e+00
1.859300000000000068e+02	6.889999999999999680e+00	5.351700000000000124e+00	4.798549999999999649e+00	5.125527921349055660e+00
1.887100000000000080e+02	6.889999999999999680e+00	5.601700000000000124e+00	5.042040000000000077e+00	5.292329196387331791e+00
1.905900000000000034e+02	6.889999999999999680e+00	5.780899999999999928e+00	5.217520000000000380e+00	5.405130058643431212e+00
9.981999999999999318e+01	8.269999999999999574e+00	1.605000000000000038e-01	-4.468239999999999990e-01	-7.946320868626344236e-03
1.053700000000000045e+02	8.269999999999999574e+00	4.590000000000000191e-01	-1.474070000000000102e-01	3.250562246214583340e-01
1.109300000000000068e+02	8.269999999999999574e+00	7.576000000000000512e-01	1.545239999999999947e-01	6.586587746980114844e-01
1.164800000000000040e+02	8.269999999999999574e+00	1.056200000000000028e+00	4.581399999999999917e-01	9.916613201880952744e-01
1.220400000000000063e+02	8.269999999999999574e+00	1.358500000000000041e+00	7.648249999999999771e-01	1.325263870264647537e+00
1.275900000000000034e+02	8.269999999999999574e+00	1.664500000000000091e+00	1.073819999999999997e+00	1.658266415754731327e+00
1.331500000000000057e+02	8.269999999999999574e+00	1.974199999999999955e+00	1.386689999999999978e+00	1.991868965831283589e+00
1.387100000000000080e+02	8.269999999999999574e+00	2.291500000000000092e+00	1.703410000000000091e+00	2.325471515907835851e+00
1.442599999999999909e+02	8.269999999999999574e+00	2.612400000000000055e+00	2.024080000000000101e+00	2.658474061397919641e+00
1.498199999999999932e+02	8.269999999999999574e+00	2.937100000000000044e+00	2.350709999999999855e+00	2.992076611474471903e+00
1.553700000000000045e+02	8.269999999999999574e+00	3.269200000000000106e+00	2.683230000000000004e+00	3.325079156964557470e+00
1.609300000000000068e+02	8.269999999999999574e+00	3.608900000000000219e+00	3.024230000000000196e+00	3.658681707041109732e+00
1.664799999999999898e+02	8.269999999999999574e+00	3.959700000000000220e+00	3.374350000000000183e+00	3.991684252531193522e+00
1.720399999999999920e+02	8.269999999999999574e+00	4.317899999999999849e+00	3.737369999999999859e+00	4.325286802607745784e+00
1.775900000000000034e+02	8.269999999999999574e+00	4.691099999999999604e+00	4.115529999999999688e+00	4.658289348097829574e+00
1.831500000000000057e+02	8.269999999999999574e+00	5.097900000000000098e+00	4.515399999999999636e+00	4.991891898174383613e+00
1.859300000000000068e+02	8.269999999999999574e+00	5.306899999999999729e+00	4.725570000000000270e+00	5.158693173212659744e+00
1.887100000000000080e+02	8.269999999999999574e+00	5.527099999999999902e+00	4.944340000000000401e+00	5.325494448250935875e+00
1.905900000000000034e+02	8.269999999999999574e+00	5.680100000000000371e+00	5.098069999999999879e+00	5.438295310507035296e+00
9.981999999999999318e+01	1.033999999999999986e+01	2.575000000000000067e-01	-3.935960000000000014e-01	4.180155692678155788e-02
1.053700000000000045e+02	1.033999999999999986e+01	5.561000000000000387e-01	-9.528749999999999720e-02	3.748041024168662361e-01
1.109300000000000068e+02	1.033999999999999986e+01	8.546000000000000263e-01	2.053280000000000105e-01	7.084066524934193865e-01
1.164800000000000040e+02	1.033999999999999986e+01	1.153200000000000003e+00	5.073889999999999789e-01	1.041409197983503176e+00
1.220400000000000063e+02	1.033999999999999986e+01	1.455500000000000016e+00	8.122209999999999708e-01	1.375011748060055439e+00
1.275900000000000034e+02	1.033999999999999986e+01	1.757800000000000029e+00	1.119010000000000060e+00	1.708014293550139229e+00
1.331500000000000057e+02	1.033999999999999986e+01	2.067499999999999893e+00	1.429219999999999935e+00	2.084069835234354073e+00
1.387100000000000080e+02	1.033999999999999986e+01	2.380999999999999783e+00	1.742720000000000047e+00	2.422921415009540169e+00
1.442599999999999909e+02	1.033999999999999986e+01	2.698199999999999932e+00	2.059470000000000134e+00	2.761163549497357650e+00
1.498199999999999932e+02	1.033999999999999986e+01	3.019200000000000106e+00	2.381270000000000220e+00	3.100015129272543746e+00
1.553700000000000045e+02	1.033999999999999986e+01	3.347599999999999909e+00	2.707739999999999814e+00	3.438257263760364779e+00
1.609300000000000068e+02	1.033999999999999986e+01	3.679800000000000182e+00	3.041059999999999874e+00	3.777108843535549099e+00
1.664799999999999898e+02	1.033999999999999986e+01	4.019400000000000084e+00	3.381279999999999841e+00	4.115350978023368356e+00
1.720399999999999920e+02	1.033999999999999986e+01	4.366500000000000270e+00	3.731189999999999785e+00	4.454202557798554452e+00
1.775900000000000034e+02	1.033999999999999986e+01	4.724700000000000344e+00	4.091569999999999929e+00	4.792444692286373709e+00
1.831500000000000057e+02	1.033999999999999986e+01	5.097900000000000098e+00	4.466389999999999638e+00	5.131296272061559804e+00
1.859300000000000068e+02	1.033999999999999986e+01	5.284500000000000419e+00	4.660040000000000404e+00	5.300722061949151964e+00
1.887100000000000080e+02	1.033999999999999986e+01	5.489799999999999791e+00	4.858559999999999768e+00	5.470147851836745900e+00
1.905900000000000034e+02	1.033999999999999986e+01	5.620400000000000063e+00	4.995890000000000164e+00	5.584723565861448691e+00
9.981999999999999318e+01	1.378999999999999915e+01	3.544999999999999818e-01	-3.043810000000000127e-01	1.529349282968137658e-01
1.053700000000000045e+02	1.378999999999999915e+01	6.531000000000000139e-01	-7.755609999999999588e-03	4.911770627846339110e-01
1.109300000000000068e+02	1.378999999999999915e+01	9.516999999999999904e-01	2.908789999999999987e-01	8.300286425598200069e-01
1.164800000000000040e+02	1.378999999999999915e+01	1.250199999999999978e+00	5.906150000000000011e-01	1.168270777047639264e+00
1.220400000000000063e+02	1.378999999999999915e+01	1.552499999999999991e+00	8.927070000000000283e-01	1.507122356822824472e+00
1.275900000000000034e+02	1.378999999999999915e+01	1.854800000000000004e+00	1.196269999999999945e+00	1.845364491310645505e+00
1.331500000000000057e+02	1.378999999999999915e+01	2.160800000000000054e+00	1.502639999999999976e+00	2.184216071085829824e+00
1.387100000000000080e+02	1.378999999999999915e+01	2.466899999999999871e+00	1.811579999999999968e+00	2.523067650861015920e+00
1.442599999999999909e+02	1.378999999999999915e+01	2.776600000000000179e+00	2.122869999999999813e+00	2.861309785348833401e+00
1.498199999999999932e+02	1.378999999999999915e+01	3.090100000000000069e+00	2.438070000000000181e+00	3.200161365124019497e+00
1.553700000000000045e+02	1.378999999999999915e+01	3.407300000000000217e+00	2.756530000000000147e+00	3.538403499611840530e+00
1.609300000000000068e+02	1.378999999999999915e+01	3.728299999999999947e+00	3.080010000000000137e+00	3.877255079387024850e+00
1.664799999999999898e+02	1.378999999999999915e+01	4.056700000000000195e+00	3.408030000000000115e+00	4.215497213874844107e+00
1.720399999999999920e+02	1.378999999999999915e+01	4.392599999999999838e+00	3.742589999999999861e+00	4.554348793650030203e+00
1.775900000000000034e+02	1.378999999999999915e+01	4.732199999999999740e+00	4.083459999999999646e+00	4.892590928137849460e+00
1.831500000000000057e+02	1.378999999999999915e+01	5.079299999999999926e+00	4.432979999999999698e+00	5.231442507913035556e+00
1.859300000000000068e+02	1.378999999999999915e+01	5.258399999999999963e+00	4.611159999999999926e+00	5.400868297800627715e+00
1.887100000000000080e+02	1.378999999999999915e+01	5.437500000000000000e+00	4.791850000000000165e+00	5.570294087688221651e+00
1.905900000000000034e+02	1.378999999999999915e+01	5.560699999999999754e+00	4.915569999999999773e+00	5.684869801712924442e+00
