# Temperature (K)	Pressure (MPa)	Experimental(kJ/mol)	NIST(kJ/mol)	Model(kJ/mol)
1.300000000000000000e+02	5.000000000000000000e+00	5.667999999999999705e-01	1.141750000000000043e+00	1.548431500000000405e+00
1.400000000000000000e+02	5.000000000000000000e+00	1.150500000000000078e+00	1.720809999999999951e+00	2.182174477972759874e+00
1.500000000000000000e+02	5.000000000000000000e+00	1.758099999999999996e+00	2.320629999999999971e+00	1.414349769642852195e+00
1.600000000000000000e+02	5.000000000000000000e+00	2.397699999999999942e+00	2.951430000000000220e+00	2.236902028084417626e+00
1.700000000000000000e+02	5.000000000000000000e+00	3.089799999999999880e+00	3.633010000000000073e+00	3.050169716666665476e+00
1.800000000000000000e+02	5.000000000000000000e+00	3.888399999999999856e+00	4.414220000000000255e+00	4.757392999999987993e+00
1.850000000000000000e+02	5.000000000000000000e+00	4.368999999999999773e+00	4.888440000000000119e+00	5.455406749999997196e+00
1.900000000000000000e+02	5.000000000000000000e+00	5.034799999999999720e+00	5.535330000000000084e+00	6.212258500000001682e+00
1.500000000000000000e+02	3.200000000000000178e+00	6.100999999999999757e-01	2.303119999999999834e+00	2.150772077380957992e+00
1.600000000000000000e+02	3.200000000000000178e+00	1.269400000000000084e+00	2.953440000000000065e+00	2.843016262637354963e+00
1.700000000000000000e+02	3.200000000000000178e+00	1.997500000000000053e+00	3.676349999999999785e+00	3.500195499999999349e+00
1.750000000000000000e+02	3.200000000000000178e+00	2.435400000000000009e+00	4.092810000000000059e+00	4.897104500000004634e+00
9.981999999999999318e+01	3.400000000000000244e-01	0.000000000000000000e+00	-6.481959999999999944e-01	1.850000000000000245e-05
1.053700000000000045e+02	3.400000000000000244e-01	2.985999999999999766e-01	-3.436589999999999923e-01	2.986185000000003975e-01
1.109300000000000068e+02	3.400000000000000244e-01	6.008999999999999897e-01	-3.555090000000000333e-02	6.001391555555545265e-01
1.164800000000000040e+02	3.400000000000000244e-01	9.069000000000000394e-01	2.755270000000000219e-01	9.055654761904751160e-01
1.220400000000000063e+02	3.400000000000000244e-01	1.216599999999999904e+00	5.913249999999999895e-01	1.215070320666831849e+00
9.981999999999999318e+01	6.899999999999999467e-01	0.000000000000000000e+00	-6.394060000000000299e-01	0.000000000000000000e+00
1.053700000000000045e+02	6.899999999999999467e-01	2.985999999999999766e-01	-3.351299999999999835e-01	2.986185000000003420e-01
1.109300000000000068e+02	6.899999999999999467e-01	6.008999999999999897e-01	-2.734119999999999953e-02	6.001037190476180561e-01
1.164800000000000040e+02	6.899999999999999467e-01	9.069000000000000394e-01	2.833450000000000135e-01	9.041443591269821001e-01
1.220400000000000063e+02	6.899999999999999467e-01	1.216599999999999904e+00	5.986540000000000195e-01	1.213929146536794512e+00
1.275900000000000034e+02	6.899999999999999467e-01	1.533900000000000041e+00	9.182360000000000522e-01	1.530315227777780951e+00
1.331500000000000057e+02	6.899999999999999467e-01	1.858500000000000041e+00	1.244289999999999896e+00	1.854886643078455855e+00
1.387100000000000080e+02	6.899999999999999467e-01	2.190700000000000092e+00	1.577700000000000102e+00	2.186750322727279983e+00
9.981999999999999318e+01	1.030000000000000027e+00	0.000000000000000000e+00	-6.308580000000000298e-01	2.466666666666666880e-05
1.053700000000000045e+02	1.030000000000000027e+00	2.985999999999999766e-01	-3.268320000000000114e-01	2.986185000000003975e-01
1.109300000000000068e+02	1.030000000000000027e+00	6.008999999999999897e-01	-1.934810000000000002e-02	5.997731341269829652e-01
1.164800000000000040e+02	1.030000000000000027e+00	9.031000000000000139e-01	2.909630000000000272e-01	9.057297583333324686e-01
1.220400000000000063e+02	1.030000000000000027e+00	1.212900000000000089e+00	6.058069999999999844e-01	1.215342870382394747e+00
1.275900000000000034e+02	1.030000000000000027e+00	1.530100000000000016e+00	9.248039999999999594e-01	1.532162023809523488e+00
1.331500000000000057e+02	1.030000000000000027e+00	1.854800000000000004e+00	1.250110000000000054e+00	1.856744609408647717e+00
1.387100000000000080e+02	1.030000000000000027e+00	2.186999999999999833e+00	1.582529999999999992e+00	2.189192870346319708e+00
1.442599999999999909e+02	1.030000000000000027e+00	2.537799999999999834e+00	1.923359999999999959e+00	2.530705833799532734e+00
9.981999999999999318e+01	1.379999999999999893e+00	0.000000000000000000e+00	-6.220489999999999631e-01	9.725000000000000571e-05
1.053700000000000045e+02	1.379999999999999893e+00	2.985999999999999766e-01	-3.182760000000000034e-01	2.986555000000004068e-01
1.109300000000000068e+02	1.379999999999999893e+00	5.970999999999999641e-01	-1.110180000000000021e-02	5.984555506132741565e-01
1.164800000000000040e+02	1.379999999999999893e+00	9.031000000000000139e-01	2.988310000000000133e-01	9.034751873015847146e-01
1.220400000000000063e+02	1.379999999999999893e+00	1.212900000000000089e+00	6.132039999999999713e-01	1.213737573340545994e+00
1.275900000000000034e+02	1.379999999999999893e+00	1.530100000000000016e+00	9.316119999999999957e-01	1.530846373015875228e+00
1.331500000000000057e+02	1.379999999999999893e+00	1.854800000000000004e+00	1.256159999999999943e+00	1.855055352980359062e+00
1.387100000000000080e+02	1.379999999999999893e+00	2.186999999999999833e+00	1.587599999999999900e+00	2.187025426388895077e+00
1.442599999999999909e+02	1.379999999999999893e+00	2.533999999999999808e+00	1.927110000000000101e+00	2.530632456521955564e+00
1.498199999999999932e+02	1.379999999999999893e+00	2.884799999999999809e+00	2.278579999999999828e+00	2.876712572222219766e+00
1.553700000000000045e+02	1.379999999999999893e+00	3.250599999999999934e+00	2.644829999999999792e+00	3.225259625000001407e+00
9.981999999999999318e+01	1.719999999999999973e+00	0.000000000000000000e+00	-6.134819999999999718e-01	1.850000000000000516e-04
1.053700000000000045e+02	1.719999999999999973e+00	2.985999999999999766e-01	-3.099520000000000053e-01	2.986740000000003836e-01
1.109300000000000068e+02	1.719999999999999973e+00	5.970999999999999641e-01	-3.073719999999999838e-03	5.980561373015860216e-01
1.164800000000000040e+02	1.719999999999999973e+00	9.031000000000000139e-01	3.064970000000000194e-01	9.035401039682513513e-01
1.220400000000000063e+02	1.719999999999999973e+00	1.212900000000000089e+00	6.204229999999999468e-01	1.213656416999664645e+00
1.275900000000000034e+02	1.719999999999999973e+00	1.530100000000000016e+00	9.382709999999999662e-01	1.530884882864359531e+00
1.331500000000000057e+02	1.719999999999999973e+00	1.854800000000000004e+00	1.262110000000000065e+00	1.854988954531585632e+00
1.387100000000000080e+02	1.719999999999999973e+00	2.186999999999999833e+00	1.592619999999999925e+00	2.186899936399717692e+00
1.442599999999999909e+02	1.719999999999999973e+00	2.530299999999999994e+00	1.930889999999999995e+00	2.530368254335205958e+00
1.498199999999999932e+02	1.719999999999999973e+00	2.881099999999999994e+00	2.280640000000000001e+00	2.878794537500001471e+00
1.553700000000000045e+02	1.719999999999999973e+00	3.239399999999999835e+00	2.644359999999999822e+00	3.240965999999998015e+00
1.609300000000000068e+02	1.719999999999999973e+00	3.627499999999999947e+00	3.029669999999999863e+00	3.610716691666669309e+00
9.981999999999999318e+01	2.069999999999999840e+00	0.000000000000000000e+00	-6.046529999999999960e-01	2.303499999999995655e-03
1.053700000000000045e+02	2.069999999999999840e+00	2.985999999999999766e-01	-3.013700000000000268e-01	3.011982809523816584e-01
1.109300000000000068e+02	2.069999999999999840e+00	5.970999999999999641e-01	5.207960000000000193e-03	5.998292265151501379e-01
1.164800000000000040e+02	2.069999999999999840e+00	9.031000000000000139e-01	3.144129999999999980e-01	9.057413523809515477e-01
1.220400000000000063e+02	2.069999999999999840e+00	1.212900000000000089e+00	6.278860000000000552e-01	1.215624274858474019e+00
1.275900000000000034e+02	2.069999999999999840e+00	1.530100000000000016e+00	9.451709999999999834e-01	1.532636334737484951e+00
1.331500000000000057e+02	2.069999999999999840e+00	1.854800000000000004e+00	1.268289999999999917e+00	1.854988828865365535e+00
1.387100000000000080e+02	2.069999999999999840e+00	2.186999999999999833e+00	1.597869999999999902e+00	2.184104595577708086e+00
1.442599999999999909e+02	2.069999999999999840e+00	2.522800000000000153e+00	1.934919999999999973e+00	2.521778919910601324e+00
1.498199999999999932e+02	2.069999999999999840e+00	2.873600000000000154e+00	2.282970000000000166e+00	2.873235225595234255e+00
1.553700000000000045e+02	2.069999999999999840e+00	3.231899999999999995e+00	2.644239999999999924e+00	3.229087833333334157e+00
1.609300000000000068e+02	2.069999999999999840e+00	3.616299999999999848e+00	3.025700000000000056e+00	3.610337183333325761e+00
1.664799999999999898e+02	2.069999999999999840e+00	4.026799999999999713e+00	3.436409999999999965e+00	3.997277600000001208e+00
9.981999999999999318e+01	2.410000000000000142e+00	3.700000000000000164e-03	-5.960680000000000422e-01	1.224166666666667890e-03
1.053700000000000045e+02	2.410000000000000142e+00	3.023000000000000131e-01	-2.930209999999999759e-01	2.997100000000005871e-01
1.109300000000000068e+02	2.410000000000000142e+00	6.008999999999999897e-01	1.326970000000000059e-02	5.984404642857129586e-01
1.164800000000000040e+02	2.410000000000000142e+00	9.069000000000000394e-01	3.221249999999999947e-01	9.044189928571406689e-01
1.220400000000000063e+02	2.410000000000000142e+00	1.216599999999999904e+00	6.351670000000000371e-01	1.214272010271671087e+00
1.275900000000000034e+02	2.410000000000000142e+00	1.533900000000000041e+00	9.519159999999999844e-01	1.531373237554113587e+00
1.331500000000000057e+02	2.410000000000000142e+00	1.854800000000000004e+00	1.274359999999999937e+00	1.855021693771512270e+00
1.387100000000000080e+02	2.410000000000000142e+00	2.183199999999999807e+00	1.603059999999999929e+00	2.185428826695531512e+00
1.442599999999999909e+02	2.410000000000000142e+00	2.519099999999999895e+00	1.938960000000000017e+00	2.521211429029305506e+00
1.498199999999999932e+02	2.410000000000000142e+00	2.869899999999999896e+00	2.285429999999999851e+00	2.870793365903545169e+00
1.553700000000000045e+02	2.410000000000000142e+00	3.224499999999999922e+00	2.644439999999999902e+00	3.225539749999999373e+00
1.609300000000000068e+02	2.410000000000000142e+00	3.608900000000000219e+00	3.022440000000000015e+00	3.609583483333341114e+00
1.664799999999999898e+02	2.410000000000000142e+00	4.004400000000000404e+00	3.427200000000000024e+00	4.010173374999991047e+00
9.981999999999999318e+01	2.759999999999999787e+00	3.700000000000000164e-03	-5.872209999999999930e-01	3.727300000000005002e-03
1.053700000000000045e+02	2.759999999999999787e+00	3.023000000000000131e-01	-2.844140000000000001e-01	3.021864416666674713e-01
1.109300000000000068e+02	2.759999999999999787e+00	6.008999999999999897e-01	2.158540000000000111e-02	6.004233261183251624e-01
1.164800000000000040e+02	2.759999999999999787e+00	9.069000000000000394e-01	3.300870000000000193e-01	9.064636480158724252e-01
1.220400000000000063e+02	2.759999999999999787e+00	1.216599999999999904e+00	6.426929999999999588e-01	1.216331532413419847e+00
1.275900000000000034e+02	2.759999999999999787e+00	1.533900000000000041e+00	9.589020000000000321e-01	1.533438540331889310e+00
1.331500000000000057e+02	2.759999999999999787e+00	1.854800000000000004e+00	1.280669999999999975e+00	1.855139638407431457e+00
1.387100000000000080e+02	2.759999999999999787e+00	2.183199999999999807e+00	1.608489999999999975e+00	2.182601849349833589e+00
1.442599999999999909e+02	2.759999999999999787e+00	2.519099999999999895e+00	1.943240000000000078e+00	2.518860189749355882e+00
1.498199999999999932e+02	2.759999999999999787e+00	2.866200000000000081e+00	2.288149999999999906e+00	2.867481403373015603e+00
1.553700000000000045e+02	2.759999999999999787e+00	3.213299999999999823e+00	2.644960000000000200e+00	3.215727922222224588e+00
1.609300000000000068e+02	2.759999999999999787e+00	3.597700000000000120e+00	3.019629999999999814e+00	3.596776241666657548e+00
1.664799999999999898e+02	2.759999999999999787e+00	3.993300000000000072e+00	3.418849999999999945e+00	3.992087041666672942e+00
1.720399999999999920e+02	2.759999999999999787e+00	4.448599999999999888e+00	3.860549999999999926e+00	4.327077499999996135e+00
9.981999999999999318e+01	3.100000000000000089e+00	3.700000000000000164e-03	-5.786179999999999657e-01	4.687500000000004163e-03
1.053700000000000045e+02	3.100000000000000089e+00	3.023000000000000131e-01	-2.760409999999999808e-01	3.033652083333336358e-01
1.109300000000000068e+02	3.100000000000000089e+00	6.008999999999999897e-01	2.967950000000000102e-02	6.019678178571423732e-01
1.164800000000000040e+02	3.100000000000000089e+00	9.069000000000000394e-01	3.378430000000000044e-01	9.079461148989885766e-01
1.220400000000000063e+02	3.100000000000000089e+00	1.216599999999999904e+00	6.500340000000000007e-01	1.217816470598846568e+00
1.275900000000000034e+02	3.100000000000000089e+00	1.533900000000000041e+00	9.657289999999999486e-01	1.534600108080806491e+00
1.331500000000000057e+02	3.100000000000000089e+00	1.854800000000000004e+00	1.286850000000000049e+00	1.855950982272469574e+00
1.387100000000000080e+02	3.100000000000000089e+00	2.183199999999999807e+00	1.613850000000000007e+00	2.181877321681097381e+00
1.442599999999999909e+02	3.100000000000000089e+00	2.519099999999999895e+00	1.947519999999999918e+00	2.517197181892410818e+00
1.498199999999999932e+02	3.100000000000000089e+00	2.866200000000000081e+00	2.290970000000000173e+00	2.863618921933622108e+00
1.553700000000000045e+02	3.100000000000000089e+00	3.213299999999999823e+00	2.645750000000000046e+00	3.210775011111114186e+00
1.609300000000000068e+02	3.100000000000000089e+00	3.590199999999999836e+00	3.017389999999999795e+00	3.591386575000000025e+00
1.664799999999999898e+02	3.100000000000000089e+00	3.985799999999999788e+00	3.411709999999999798e+00	3.964623104166662415e+00
1.720399999999999920e+02	3.100000000000000089e+00	4.415000000000000036e+00	3.844079999999999941e+00	4.288931000000015814e+00
1.775900000000000034e+02	3.100000000000000089e+00	4.918800000000000061e+00	4.348790000000000155e+00	4.767695999999997269e+00
9.981999999999999318e+01	3.450000000000000178e+00	7.499999999999999722e-03	-5.697529999999999539e-01	9.555750000000034702e-03
1.053700000000000045e+02	3.450000000000000178e+00	3.059999999999999942e-01	-2.674099999999999810e-01	3.082074750000008967e-01
1.109300000000000068e+02	3.450000000000000178e+00	6.046000000000000263e-01	3.802799999999999930e-02	6.061616833333325349e-01
1.164800000000000040e+02	3.450000000000000178e+00	9.105999999999999650e-01	3.458490000000000175e-01	9.127179999999986970e-01
1.220400000000000063e+02	3.450000000000000178e+00	1.220399999999999929e+00	6.576199999999999823e-01	1.222381116937226508e+00
1.275900000000000034e+02	3.450000000000000178e+00	1.537600000000000078e+00	9.727970000000000228e-01	1.536705942673991299e+00
1.331500000000000057e+02	3.450000000000000178e+00	1.858500000000000041e+00	1.293260000000000076e+00	1.857750262284241893e+00
1.387100000000000080e+02	3.450000000000000178e+00	2.179499999999999993e+00	1.619439999999999991e+00	2.181021447723110906e+00
1.442599999999999909e+02	3.450000000000000178e+00	2.515400000000000080e+00	1.952029999999999932e+00	2.514302736379585568e+00
1.498199999999999932e+02	3.450000000000000178e+00	2.854999999999999982e+00	2.294049999999999923e+00	2.841510073820626925e+00
1.553700000000000045e+02	3.450000000000000178e+00	3.198300000000000143e+00	2.646830000000000016e+00	3.178003910533913512e+00
1.609300000000000068e+02	3.450000000000000178e+00	3.575299999999999923e+00	3.015550000000000175e+00	3.556936244083696685e+00
1.664799999999999898e+02	3.450000000000000178e+00	3.970899999999999874e+00	3.405250000000000110e+00	3.960368451190482197e+00
1.720399999999999920e+02	3.450000000000000178e+00	4.392599999999999838e+00	3.829209999999999781e+00	4.352840000000011145e+00
1.775900000000000034e+02	3.450000000000000178e+00	4.877699999999999925e+00	4.313710000000000377e+00	4.814834999999993315e+00
9.981999999999999318e+01	3.790000000000000036e+00	1.119999999999999989e-02	-5.611329999999999929e-01	9.738800000000005785e-03
1.053700000000000045e+02	3.790000000000000036e+00	3.098000000000000198e-01	-2.590140000000000220e-01	3.081936369047610369e-01
1.109300000000000068e+02	3.790000000000000036e+00	6.082999999999999519e-01	4.615339999999999721e-02	6.067213333333342229e-01
1.164800000000000040e+02	3.790000000000000036e+00	9.143000000000000016e-01	3.536469999999999891e-01	9.129565999999985637e-01
1.220400000000000063e+02	3.790000000000000036e+00	1.224099999999999966e+00	6.650169999999999693e-01	1.222546219047622840e+00
1.275900000000000034e+02	3.790000000000000036e+00	1.537600000000000078e+00	9.797019999999999618e-01	1.538908619642856301e+00
1.331500000000000057e+02	3.790000000000000036e+00	1.858500000000000041e+00	1.299549999999999983e+00	1.858333093693108617e+00
1.387100000000000080e+02	3.790000000000000036e+00	2.179499999999999993e+00	1.624949999999999894e+00	2.180478190363804636e+00
1.442599999999999909e+02	3.790000000000000036e+00	2.511600000000000055e+00	1.956530000000000102e+00	2.514793759980002985e+00
1.498199999999999932e+02	3.790000000000000036e+00	2.847500000000000142e+00	2.297200000000000131e+00	2.850769544624819130e+00
1.553700000000000045e+02	3.790000000000000036e+00	3.194599999999999884e+00	2.648140000000000160e+00	3.195271145093801834e+00
1.609300000000000068e+02	3.790000000000000036e+00	3.564099999999999824e+00	3.014180000000000081e+00	3.557786528800366277e+00
1.664799999999999898e+02	3.790000000000000036e+00	3.955900000000000194e+00	3.399739999999999984e+00	3.956337061471866257e+00
1.720399999999999920e+02	3.790000000000000036e+00	4.373899999999999899e+00	3.816469999999999807e+00	4.383146000000003539e+00
1.775900000000000034e+02	3.790000000000000036e+00	4.847900000000000098e+00	4.285180000000000433e+00	4.859818500000002039e+00
1.831500000000000057e+02	3.790000000000000036e+00	5.437500000000000000e+00	4.882430000000000270e+00	5.342818999999992435e+00
9.981999999999999318e+01	4.139999999999999680e+00	1.490000000000000005e-02	-5.522510000000000474e-01	1.471624999999998629e-02
1.053700000000000045e+02	4.139999999999999680e+00	3.135000000000000009e-01	-2.503589999999999982e-01	3.132762499999995343e-01
1.109300000000000068e+02	4.139999999999999680e+00	6.119999999999999885e-01	5.453340000000000271e-02	6.117367904761894515e-01
1.164800000000000040e+02	4.139999999999999680e+00	9.181000000000000272e-01	3.616949999999999887e-01	9.171620000000004769e-01
1.220400000000000063e+02	4.139999999999999680e+00	1.227800000000000002e+00	6.726609999999999534e-01	1.227023354761904939e+00
1.275900000000000034e+02	4.139999999999999680e+00	1.541299999999999892e+00	9.868489999999999762e-01	1.540410409523808921e+00
1.331500000000000057e+02	4.139999999999999680e+00	1.858500000000000041e+00	1.306079999999999908e+00	1.858472051809298087e+00
1.387100000000000080e+02	4.139999999999999680e+00	2.179499999999999993e+00	1.630689999999999973e+00	2.180451189424467362e+00
1.442599999999999909e+02	4.139999999999999680e+00	2.511600000000000055e+00	1.961270000000000069e+00	2.512864027284310797e+00
1.498199999999999932e+02	4.139999999999999680e+00	2.843799999999999883e+00	2.300600000000000200e+00	2.846065126307022464e+00
1.553700000000000045e+02	4.139999999999999680e+00	3.190900000000000070e+00	2.649729999999999919e+00	3.191786508531747391e+00
1.609300000000000068e+02	4.139999999999999680e+00	3.556599999999999984e+00	3.013170000000000126e+00	3.553647850516520101e+00
1.664799999999999898e+02	4.139999999999999680e+00	3.944700000000000095e+00	3.394789999999999974e+00	3.941375405357152140e+00
1.720399999999999920e+02	4.139999999999999680e+00	4.351499999999999702e+00	3.804860000000000131e+00	4.350649000000000655e+00
1.775900000000000034e+02	4.139999999999999680e+00	4.814300000000000246e+00	4.260069999999999801e+00	4.819928499999983629e+00
1.831500000000000057e+02	4.139999999999999680e+00	5.366600000000000037e+00	4.813410000000000188e+00	5.356443500000009017e+00
1.859300000000000068e+02	4.139999999999999680e+00	5.751000000000000334e+00	5.191939999999999777e+00	5.646664500000007081e+00
9.981999999999999318e+01	4.309999999999999609e+00	1.490000000000000005e-02	-5.479330000000000034e-01	1.655904999999998489e-02
1.053700000000000045e+02	4.309999999999999609e+00	3.135000000000000009e-01	-2.461520000000000097e-01	3.152377916666659896e-01
1.109300000000000068e+02	4.309999999999999609e+00	6.119999999999999885e-01	5.860939999999999900e-02	6.140128166666654064e-01
1.164800000000000040e+02	4.309999999999999609e+00	9.181000000000000272e-01	3.656119999999999925e-01	9.193458333333341947e-01
1.220400000000000063e+02	4.309999999999999609e+00	1.227800000000000002e+00	6.763839999999999852e-01	1.229438504761904971e+00
1.275900000000000034e+02	4.309999999999999609e+00	1.541299999999999892e+00	9.903340000000000476e-01	1.542177641666665933e+00
1.331500000000000057e+02	4.309999999999999609e+00	1.858500000000000041e+00	1.309269999999999934e+00	1.858348424688380129e+00
1.387100000000000080e+02	4.309999999999999609e+00	2.179499999999999993e+00	1.633510000000000018e+00	2.180488146113610970e+00
1.442599999999999909e+02	4.309999999999999609e+00	2.511600000000000055e+00	1.963600000000000012e+00	2.512816306339895611e+00
1.498199999999999932e+02	4.309999999999999609e+00	2.843799999999999883e+00	2.302309999999999857e+00	2.845795575795033283e+00
1.553700000000000045e+02	4.309999999999999609e+00	3.190900000000000070e+00	2.650580000000000158e+00	3.190743659271285448e+00
1.609300000000000068e+02	4.309999999999999609e+00	3.552900000000000169e+00	3.012820000000000054e+00	3.553922058929886774e+00
1.664799999999999898e+02	4.309999999999999609e+00	3.937300000000000022e+00	3.392619999999999969e+00	3.938624244047622014e+00
1.720399999999999920e+02	4.309999999999999609e+00	4.340300000000000047e+00	3.799710000000000143e+00	4.345766499999993648e+00
1.775900000000000034e+02	4.309999999999999609e+00	4.803099999999999703e+00	4.249139999999999695e+00	4.806918499999995653e+00
1.831500000000000057e+02	4.309999999999999609e+00	5.340499999999999581e+00	4.786380000000000301e+00	5.341263499999987729e+00
1.859300000000000068e+02	4.309999999999999609e+00	5.695000000000000284e+00	5.135530000000000150e+00	5.691160999999989478e+00
9.981999999999999318e+01	4.690000000000000391e+00	2.239999999999999977e-02	-5.382749999999999480e-01	2.303949999999994197e-02
1.053700000000000045e+02	4.690000000000000391e+00	3.210000000000000075e-01	-2.367360000000000020e-01	3.225519999999997833e-01
1.109300000000000068e+02	4.690000000000000391e+00	6.195000000000000506e-01	6.773350000000000204e-02	6.197582499999980676e-01
1.164800000000000040e+02	4.690000000000000391e+00	9.254999999999999893e-01	3.743839999999999946e-01	9.259580000000020572e-01
1.220400000000000063e+02	4.690000000000000391e+00	1.235300000000000065e+00	6.847290000000000321e-01	1.236126375000002220e+00
1.275900000000000034e+02	4.690000000000000391e+00	1.545099999999999918e+00	9.981550000000000145e-01	1.546803258333335984e+00
1.331500000000000057e+02	4.690000000000000391e+00	1.858500000000000041e+00	1.316440000000000055e+00	1.861124211056999433e+00
1.387100000000000080e+02	4.690000000000000391e+00	2.179499999999999993e+00	1.639860000000000095e+00	2.181690219257133023e+00
1.442599999999999909e+02	4.690000000000000391e+00	2.511600000000000055e+00	1.968920000000000003e+00	2.512839591364622205e+00
1.498199999999999932e+02	4.690000000000000391e+00	2.843799999999999883e+00	2.306259999999999977e+00	2.845897365372122234e+00
1.553700000000000045e+02	4.690000000000000391e+00	3.187100000000000044e+00	2.652680000000000149e+00	3.189934656403319302e+00
1.609300000000000068e+02	4.690000000000000391e+00	3.541700000000000070e+00	3.012340000000000018e+00	3.549266123950975071e+00
1.664799999999999898e+02	4.690000000000000391e+00	3.918600000000000083e+00	3.388320000000000221e+00	3.924750706944445611e+00
1.720399999999999920e+02	4.690000000000000391e+00	4.321699999999999875e+00	3.789219999999999811e+00	4.325010666666673664e+00
1.775900000000000034e+02	4.690000000000000391e+00	4.773200000000000109e+00	4.227199999999999847e+00	4.770284499999987382e+00
1.831500000000000057e+02	4.690000000000000391e+00	5.280800000000000161e+00	4.735850000000000115e+00	5.281610000000013017e+00
1.859300000000000068e+02	4.690000000000000391e+00	5.575599999999999667e+00	5.044200000000000017e+00	5.688542500000000501e+00
1.887100000000000080e+02	4.690000000000000391e+00	5.978699999999999903e+00	5.445579999999999643e+00	5.909350500000003059e+00
1.905900000000000034e+02	4.690000000000000391e+00	6.441399999999999793e+00	5.926099999999999923e+00	6.105042999999997555e+00
9.981999999999999318e+01	4.830000000000000071e+00	2.610000000000000167e-02	-5.347150000000000514e-01	1.979400000000003032e-02
1.053700000000000045e+02	4.830000000000000071e+00	3.246999999999999886e-01	-2.332639999999999991e-01	3.196522499999993050e-01
1.109300000000000068e+02	4.830000000000000071e+00	6.231999999999999762e-01	7.109949999999999604e-02	6.169284166666666458e-01
1.164800000000000040e+02	4.830000000000000071e+00	9.293000000000000149e-01	3.776229999999999865e-01	9.226539999999999742e-01
1.220400000000000063e+02	4.830000000000000071e+00	1.239000000000000101e+00	6.878109999999999502e-01	1.233123812499998362e+00
1.275900000000000034e+02	4.830000000000000071e+00	1.548799999999999955e+00	1.001049999999999995e+00	1.543755196428569176e+00
1.331500000000000057e+02	4.830000000000000071e+00	1.862300000000000066e+00	1.319099999999999939e+00	1.858423720148026259e+00
1.387100000000000080e+02	4.830000000000000071e+00	2.183199999999999807e+00	1.642220000000000013e+00	2.180554399345102645e+00
1.442599999999999909e+02	4.830000000000000071e+00	2.511600000000000055e+00	1.970900000000000096e+00	2.512901823810758550e+00
1.498199999999999932e+02	4.830000000000000071e+00	2.843799999999999883e+00	2.307749999999999968e+00	2.845886971789316711e+00
1.553700000000000045e+02	4.830000000000000071e+00	3.187100000000000044e+00	2.653519999999999879e+00	3.189956556204904814e+00
1.609300000000000068e+02	4.830000000000000071e+00	3.541700000000000070e+00	3.012270000000000003e+00	3.550092706097996320e+00
1.664799999999999898e+02	4.830000000000000071e+00	3.918600000000000083e+00	3.386909999999999865e+00	3.926872050000001835e+00
1.720399999999999920e+02	4.830000000000000071e+00	4.314199999999999591e+00	3.785690000000000222e+00	4.329769833333324769e+00
1.775900000000000034e+02	4.830000000000000071e+00	4.754599999999999937e+00	4.219879999999999853e+00	4.785270499999985105e+00
1.831500000000000057e+02	4.830000000000000071e+00	5.258399999999999963e+00	4.719859999999999722e+00	5.270986999999999867e+00
1.859300000000000068e+02	4.830000000000000071e+00	5.549500000000000099e+00	5.017780000000000129e+00	5.650276500000002144e+00
1.887100000000000080e+02	4.830000000000000071e+00	5.915199999999999569e+00	5.389619999999999855e+00	5.836186791666659879e+00
1.905900000000000034e+02	4.830000000000000071e+00	6.254800000000000360e+00	5.757310000000000372e+00	6.175663000000001013e+00
9.981999999999999318e+01	5.519999999999999574e+00	4.109999999999999765e-02	-5.171459999999999946e-01	3.292899999999988198e-02
1.053700000000000045e+02	5.519999999999999574e+00	3.396000000000000130e-01	-2.161240000000000105e-01	3.331135000000001734e-01
1.109300000000000068e+02	5.519999999999999574e+00	6.381999999999999895e-01	8.772399999999999642e-02	6.321738749999989970e-01
1.164800000000000040e+02	5.519999999999999574e+00	9.405000000000000027e-01	3.936279999999999779e-01	9.367445000000018673e-01
1.220400000000000063e+02	5.519999999999999574e+00	1.246499999999999941e+00	7.030669999999999975e-01	1.244259083333335347e+00
1.275900000000000034e+02	5.519999999999999574e+00	1.556200000000000028e+00	1.015390000000000015e+00	1.554687333333333754e+00
1.331500000000000057e+02	5.519999999999999574e+00	1.866000000000000103e+00	1.332310000000000105e+00	1.868359558333333448e+00
1.387100000000000080e+02	5.519999999999999574e+00	2.186999999999999833e+00	1.654020000000000046e+00	2.189374860266121825e+00
1.442599999999999909e+02	5.519999999999999574e+00	2.511600000000000055e+00	1.980909999999999949e+00	2.518063444991603728e+00
1.498199999999999932e+02	5.519999999999999574e+00	2.843799999999999883e+00	2.315440000000000165e+00	2.850593432846315611e+00
1.553700000000000045e+02	5.519999999999999574e+00	3.187100000000000044e+00	2.658139999999999947e+00	3.192521474873734277e+00
1.609300000000000068e+02	5.519999999999999574e+00	3.541700000000000070e+00	3.012640000000000207e+00	3.549266965800863538e+00
1.664799999999999898e+02	5.519999999999999574e+00	3.911099999999999799e+00	3.381180000000000074e+00	3.919109342442281818e+00
1.720399999999999920e+02	5.519999999999999574e+00	4.299299999999999677e+00	3.770550000000000068e+00	4.309712833333336768e+00
1.775900000000000034e+02	5.519999999999999574e+00	4.721000000000000085e+00	4.188640000000000363e+00	4.737025999999996628e+00
1.831500000000000057e+02	5.519999999999999574e+00	5.183799999999999741e+00	4.655269999999999797e+00	5.215085500000011365e+00
1.859300000000000068e+02	5.519999999999999574e+00	5.437500000000000000e+00	4.918520000000000003e+00	5.477174999999997240e+00
1.887100000000000080e+02	5.519999999999999574e+00	5.736100000000000421e+00	5.216269999999999740e+00	5.614563999999998778e+00
1.905900000000000034e+02	5.519999999999999574e+00	5.974899999999999878e+00	5.449939999999999785e+00	5.873825500000005029e+00
9.981999999999999318e+01	6.209999999999999964e+00	6.339999999999999802e-02	-4.995470000000000188e-01	6.810000000000013265e-02
1.053700000000000045e+02	6.209999999999999964e+00	3.619999999999999885e-01	-1.989420000000000077e-01	3.687230000000000785e-01
1.109300000000000068e+02	6.209999999999999964e+00	6.605999999999999650e-01	1.044049999999999978e-01	6.626790000000001291e-01
1.164800000000000040e+02	6.209999999999999964e+00	9.628999999999999782e-01	4.097089999999999899e-01	9.703420000000005929e-01
1.220400000000000063e+02	6.209999999999999964e+00	1.268899999999999917e+00	7.184220000000000050e-01	1.275403333333329892e+00
1.275900000000000034e+02	6.209999999999999964e+00	1.578600000000000003e+00	1.029859999999999998e+00	1.580794499999997882e+00
1.331500000000000057e+02	6.209999999999999964e+00	1.888400000000000079e+00	1.345699999999999896e+00	1.892358999999997682e+00
1.387100000000000080e+02	6.209999999999999964e+00	2.209299999999999820e+00	1.666069999999999940e+00	2.206606132756137928e+00
1.442599999999999909e+02	6.209999999999999964e+00	2.533999999999999808e+00	1.991279999999999939e+00	2.535502950865800020e+00
1.498199999999999932e+02	6.209999999999999964e+00	2.866200000000000081e+00	2.323640000000000150e+00	2.865673501352809627e+00
1.553700000000000045e+02	6.209999999999999964e+00	3.205799999999999983e+00	2.663489999999999913e+00	3.211207245833332280e+00
1.609300000000000068e+02	6.209999999999999964e+00	3.556599999999999984e+00	3.014139999999999819e+00	3.555703231150792565e+00
1.664799999999999898e+02	6.209999999999999964e+00	3.911099999999999799e+00	3.377289999999999903e+00	3.920357850824174761e+00
1.720399999999999920e+02	6.209999999999999964e+00	4.288100000000000023e+00	3.758640000000000203e+00	4.294730716666663284e+00
1.775900000000000034e+02	6.209999999999999964e+00	4.698599999999999888e+00	4.163870000000000182e+00	4.699179666666675637e+00
1.831500000000000057e+02	6.209999999999999964e+00	5.146399999999999864e+00	4.606969999999999565e+00	5.148877500000015317e+00
1.859300000000000068e+02	6.209999999999999964e+00	5.385299999999999976e+00	4.849599999999999689e+00	5.410355000000007131e+00
1.887100000000000080e+02	6.209999999999999964e+00	5.657700000000000173e+00	5.113389999999999880e+00	5.624399916666676269e+00
1.905900000000000034e+02	6.209999999999999964e+00	5.851799999999999891e+00	5.308639999999999581e+00	5.788339099999991078e+00
9.981999999999999318e+01	6.889999999999999680e+00	8.959999999999999909e-02	-4.821719999999999895e-01	6.628799999999991643e-02
1.053700000000000045e+02	6.889999999999999680e+00	3.881000000000000005e-01	-1.819689999999999919e-01	3.614749999999998797e-01
1.109300000000000068e+02	6.889999999999999680e+00	6.866999999999999771e-01	1.208980000000000055e-01	6.626075000000001269e-01
1.164800000000000040e+02	6.889999999999999680e+00	9.889999999999999902e-01	4.256280000000000063e-01	9.618499999999976513e-01
1.220400000000000063e+02	6.889999999999999680e+00	1.294999999999999929e+00	7.336500000000000243e-01	1.268991500000000716e+00
1.275900000000000034e+02	6.889999999999999680e+00	1.600999999999999979e+00	1.044259999999999966e+00	1.581201999999996222e+00
1.331500000000000057e+02	6.889999999999999680e+00	1.910800000000000054e+00	1.359070000000000000e+00	1.888964749999996195e+00
1.387100000000000080e+02	6.889999999999999680e+00	2.228000000000000203e+00	1.678180000000000005e+00	2.211192976190475612e+00
1.442599999999999909e+02	6.889999999999999680e+00	2.552700000000000191e+00	2.001809999999999867e+00	2.534159678571421992e+00
1.498199999999999932e+02	6.889999999999999680e+00	2.881099999999999994e+00	2.332160000000000011e+00	2.866005594444441140e+00
1.553700000000000045e+02	6.889999999999999680e+00	3.220699999999999896e+00	2.669420000000000126e+00	3.206093702777772947e+00
1.609300000000000068e+02	6.889999999999999680e+00	3.567800000000000082e+00	3.016610000000000014e+00	3.555132479148628732e+00
1.664799999999999898e+02	6.889999999999999680e+00	3.922299999999999898e+00	3.375010000000000066e+00	3.917925432219171444e+00
1.720399999999999920e+02	6.889999999999999680e+00	4.288100000000000023e+00	3.749519999999999964e+00	4.295265616666661401e+00
1.775900000000000034e+02	6.889999999999999680e+00	4.687400000000000233e+00	4.144300000000000317e+00	4.702502550000016157e+00
1.831500000000000057e+02	6.889999999999999680e+00	5.120300000000000296e+00	4.569829999999999615e+00	5.153895599999990473e+00
1.859300000000000068e+02	6.889999999999999680e+00	5.351700000000000124e+00	4.798549999999999649e+00	5.414223250000003596e+00
1.887100000000000080e+02	6.889999999999999680e+00	5.601700000000000124e+00	5.042040000000000077e+00	5.622761249999989275e+00
1.905900000000000034e+02	6.889999999999999680e+00	5.780899999999999928e+00	5.217520000000000380e+00	5.794893000000009842e+00
9.981999999999999318e+01	8.269999999999999574e+00	1.605000000000000038e-01	-4.468239999999999990e-01	9.836900000000031730e-02
1.053700000000000045e+02	8.269999999999999574e+00	4.590000000000000191e-01	-1.474070000000000102e-01	3.925919999999997745e-01
1.109300000000000068e+02	8.269999999999999574e+00	7.576000000000000512e-01	1.545239999999999947e-01	6.925605000000009115e-01
1.164800000000000040e+02	8.269999999999999574e+00	1.056200000000000028e+00	4.581399999999999917e-01	9.970100000000006180e-01
1.220400000000000063e+02	8.269999999999999574e+00	1.358500000000000041e+00	7.648249999999999771e-01	1.300756499999997207e+00
1.275900000000000034e+02	8.269999999999999574e+00	1.664500000000000091e+00	1.073819999999999997e+00	1.607869999999997690e+00
1.331500000000000057e+02	8.269999999999999574e+00	1.974199999999999955e+00	1.386689999999999978e+00	1.915719999999995871e+00
1.387100000000000080e+02	8.269999999999999574e+00	2.291500000000000092e+00	1.703410000000000091e+00	2.239277500000001808e+00
1.442599999999999909e+02	8.269999999999999574e+00	2.612400000000000055e+00	2.024080000000000101e+00	2.557730750000001940e+00
1.498199999999999932e+02	8.269999999999999574e+00	2.937100000000000044e+00	2.350709999999999855e+00	2.884037249999997776e+00
1.553700000000000045e+02	8.269999999999999574e+00	3.269200000000000106e+00	2.683230000000000004e+00	3.224253499999999661e+00
1.609300000000000068e+02	8.269999999999999574e+00	3.608900000000000219e+00	3.024230000000000196e+00	3.574706467857144521e+00
1.664799999999999898e+02	8.269999999999999574e+00	3.959700000000000220e+00	3.374350000000000183e+00	3.921446761111103463e+00
1.720399999999999920e+02	8.269999999999999574e+00	4.317899999999999849e+00	3.737369999999999859e+00	4.294268999999989234e+00
1.775900000000000034e+02	8.269999999999999574e+00	4.691099999999999604e+00	4.115529999999999688e+00	4.695270833333348826e+00
1.831500000000000057e+02	8.269999999999999574e+00	5.097900000000000098e+00	4.515399999999999636e+00	5.122173916666675986e+00
1.859300000000000068e+02	8.269999999999999574e+00	5.306899999999999729e+00	4.725570000000000270e+00	5.371465600000012941e+00
1.887100000000000080e+02	8.269999999999999574e+00	5.527099999999999902e+00	4.944340000000000401e+00	5.579019500000002019e+00
1.905900000000000034e+02	8.269999999999999574e+00	5.680100000000000371e+00	5.098069999999999879e+00	5.729628999999997419e+00
9.981999999999999318e+01	1.033999999999999986e+01	2.575000000000000067e-01	-3.935960000000000014e-01	1.973715000000000053e-01
1.053700000000000045e+02	1.033999999999999986e+01	5.561000000000000387e-01	-9.528749999999999720e-02	4.885700000000006149e-01
1.109300000000000068e+02	1.033999999999999986e+01	8.546000000000000263e-01	2.053280000000000105e-01	7.863644999999976903e-01
1.164800000000000040e+02	1.033999999999999986e+01	1.153200000000000003e+00	5.073889999999999789e-01	1.094099999999999184e+00
1.220400000000000063e+02	1.033999999999999986e+01	1.455500000000000016e+00	8.122209999999999708e-01	1.385030499999998499e+00
1.275900000000000034e+02	1.033999999999999986e+01	1.757800000000000029e+00	1.119010000000000060e+00	1.684281499999999099e+00
1.331500000000000057e+02	1.033999999999999986e+01	2.067499999999999893e+00	1.429219999999999935e+00	2.011225999999996628e+00
1.387100000000000080e+02	1.033999999999999986e+01	2.380999999999999783e+00	1.742720000000000047e+00	2.328027000000000513e+00
1.442599999999999909e+02	1.033999999999999986e+01	2.698199999999999932e+00	2.059470000000000134e+00	2.642122999999990451e+00
1.498199999999999932e+02	1.033999999999999986e+01	3.019200000000000106e+00	2.381270000000000220e+00	2.975609499999995577e+00
1.553700000000000045e+02	1.033999999999999986e+01	3.347599999999999909e+00	2.707739999999999814e+00	3.294377999999997364e+00
1.609300000000000068e+02	1.033999999999999986e+01	3.679800000000000182e+00	3.041059999999999874e+00	3.635794999999992783e+00
1.664799999999999898e+02	1.033999999999999986e+01	4.019400000000000084e+00	3.381279999999999841e+00	3.972432631944439407e+00
1.720399999999999920e+02	1.033999999999999986e+01	4.366500000000000270e+00	3.731189999999999785e+00	4.330517500000006237e+00
1.775900000000000034e+02	1.033999999999999986e+01	4.724700000000000344e+00	4.091569999999999929e+00	4.704354725000008841e+00
1.831500000000000057e+02	1.033999999999999986e+01	5.097900000000000098e+00	4.466389999999999638e+00	5.094531499999991553e+00
1.859300000000000068e+02	1.033999999999999986e+01	5.284500000000000419e+00	4.660040000000000404e+00	5.310356083333350519e+00
1.887100000000000080e+02	1.033999999999999986e+01	5.489799999999999791e+00	4.858559999999999768e+00	5.525349750000008164e+00
1.905900000000000034e+02	1.033999999999999986e+01	5.620400000000000063e+00	4.995890000000000164e+00	5.647382000000006563e+00
9.981999999999999318e+01	1.378999999999999915e+01	3.544999999999999818e-01	-3.043810000000000127e-01	2.144410000000000205e-01
1.053700000000000045e+02	1.378999999999999915e+01	6.531000000000000139e-01	-7.755609999999999588e-03	5.047440000000005256e-01
1.109300000000000068e+02	1.378999999999999915e+01	9.516999999999999904e-01	2.908789999999999987e-01	8.085230000000013240e-01
1.164800000000000040e+02	1.378999999999999915e+01	1.250199999999999978e+00	5.906150000000000011e-01	1.110999499999998141e+00
1.220400000000000063e+02	1.378999999999999915e+01	1.552499999999999991e+00	8.927070000000000283e-01	1.405832499999998042e+00
1.275900000000000034e+02	1.378999999999999915e+01	1.854800000000000004e+00	1.196269999999999945e+00	1.716293999999995989e+00
1.331500000000000057e+02	1.378999999999999915e+01	2.160800000000000054e+00	1.502639999999999976e+00	2.025258999999996590e+00
1.387100000000000080e+02	1.378999999999999915e+01	2.466899999999999871e+00	1.811579999999999968e+00	2.341452999999991569e+00
1.442599999999999909e+02	1.378999999999999915e+01	2.776600000000000179e+00	2.122869999999999813e+00	2.656433499999994119e+00
1.498199999999999932e+02	1.378999999999999915e+01	3.090100000000000069e+00	2.438070000000000181e+00	2.977904999999998026e+00
1.553700000000000045e+02	1.378999999999999915e+01	3.407300000000000217e+00	2.756530000000000147e+00	3.313146000000007252e+00
1.609300000000000068e+02	1.378999999999999915e+01	3.728299999999999947e+00	3.080010000000000137e+00	3.646898799999998442e+00
1.664799999999999898e+02	1.378999999999999915e+01	4.056700000000000195e+00	3.408030000000000115e+00	3.995604000000006373e+00
1.720399999999999920e+02	1.378999999999999915e+01	4.392599999999999838e+00	3.742589999999999861e+00	4.344158999999988779e+00
1.775900000000000034e+02	1.378999999999999915e+01	4.732199999999999740e+00	4.083459999999999646e+00	4.714016749999997202e+00
1.831500000000000057e+02	1.378999999999999915e+01	5.079299999999999926e+00	4.432979999999999698e+00	5.098771999999991422e+00
1.859300000000000068e+02	1.378999999999999915e+01	5.258399999999999963e+00	4.611159999999999926e+00	5.299580666666662054e+00
1.887100000000000080e+02	1.378999999999999915e+01	5.437500000000000000e+00	4.791850000000000165e+00	5.501414191666656350e+00
1.905900000000000034e+02	1.378999999999999915e+01	5.560699999999999754e+00	4.915569999999999773e+00	5.647903000000010110e+00
