# Temperature (K)	Pressure (MPa)	Experimental(m/s)	NIST(m/s)	Model(m/s)
1.908499999999999943e+02	4.589999999999999858e+00	2.485999999999999943e+02	2.492189999999999941e+02	2.157419505855090449e+02
1.908499999999999943e+02	4.620000000000000107e+00	2.397899999999999920e+02	2.410289999999999964e+02	2.146447569363039918e+02
1.908499999999999943e+02	4.629999999999999893e+00	2.288700000000000045e+02	2.346479999999999961e+02	2.156653614450261500e+02
1.908499999999999943e+02	4.639999999999999680e+00	2.157700000000000102e+02	2.133870000000000005e+02	2.170462855196772409e+02
1.908499999999999943e+02	4.639999999999999680e+00	2.050600000000000023e+02	2.133870000000000005e+02	2.175982433055314402e+02
1.908499999999999943e+02	4.639999999999999680e+00	2.044399999999999977e+02	2.133870000000000005e+02	2.170775197428941397e+02
1.908499999999999943e+02	4.639999999999999680e+00	2.050900000000000034e+02	2.133870000000000005e+02	2.174524210301947278e+02
1.908499999999999943e+02	4.650000000000000355e+00	2.128799999999999955e+02	2.324900000000000091e+02	2.178010231796186247e+02
1.908499999999999943e+02	4.650000000000000355e+00	2.258700000000000045e+02	2.324900000000000091e+02	2.157347348131074796e+02
1.906299999999999955e+02	4.559999999999999609e+00	2.473499999999999943e+02	2.496289999999999907e+02	2.109697463367720616e+02
1.906299999999999955e+02	4.610000000000000320e+00	2.040900000000000034e+02	2.134199999999999875e+02	2.171204367535310098e+02
1.906299999999999955e+02	4.610000000000000320e+00	1.912599999999999909e+02	2.134199999999999875e+02	2.180902489920185587e+02
1.906299999999999955e+02	4.610000000000000320e+00	1.951599999999999966e+02	2.134199999999999875e+02	2.172622602316727409e+02
1.906299999999999955e+02	4.610000000000000320e+00	1.955399999999999920e+02	2.134199999999999875e+02	2.162488723180310330e+02
1.906299999999999955e+02	4.610000000000000320e+00	2.058700000000000045e+02	2.134199999999999875e+02	2.175040378834379453e+02
1.906299999999999955e+02	4.610000000000000320e+00	2.190500000000000114e+02	2.134199999999999875e+02	2.166894639896158878e+02
1.905600000000000023e+02	4.559999999999999609e+00	2.469300000000000068e+02	2.479869999999999948e+02	2.247470075069745405e+02
1.905600000000000023e+02	4.580000000000000071e+00	2.369600000000000080e+02	2.424559999999999889e+02	2.281404408279963434e+02
1.905000000000000000e+02	4.549999999999999822e+00	2.465699999999999932e+02	2.484960000000000093e+02	2.238664366997761306e+02
1.905000000000000000e+02	4.580000000000000071e+00	2.362899999999999920e+02	2.387239999999999895e+02	2.284699980688893959e+02
1.904300000000000068e+02	4.570000000000000284e+00	2.355200000000000102e+02	2.394970000000000141e+02	2.227876224308835731e+02
1.904300000000000068e+02	4.580000000000000071e+00	2.183000000000000114e+02	2.207160000000000082e+02	2.229955554010785193e+02
1.902500000000000000e+02	4.549999999999999822e+00	2.332299999999999898e+02	2.379230000000000018e+02	2.229397259229607187e+02
1.904300000000000068e+02	4.580000000000000071e+00	2.068300000000000125e+02	2.207160000000000082e+02	2.239658255431076270e+02
1.903700000000000045e+02	4.570000000000000284e+00	2.157700000000000102e+02	2.322050000000000125e+02	2.229283570059521651e+02
1.903499999999999943e+02	4.570000000000000284e+00	2.155900000000000034e+02	2.328830000000000098e+02	2.229344170514472694e+02
1.902500000000000000e+02	4.559999999999999609e+00	2.208300000000000125e+02	2.478549999999999898e+02	2.234732617791242717e+02
1.895000000000000000e+02	4.450000000000000178e+00	2.392899999999999920e+02	2.755649999999999977e+02	2.976566556618194568e+02
1.894000000000000057e+02	4.440000000000000391e+00	2.391100000000000136e+02	2.824959999999999809e+02	2.976686891375448454e+02
1.881500000000000057e+02	4.269999999999999574e+00	2.482299999999999898e+02	3.222629999999999768e+02	3.143611218995359877e+02
1.859000000000000057e+02	3.970000000000000195e+00	2.560000000000000000e+02	2.565160000000000196e+02	3.540322738128750188e+02
1.815500000000000114e+02	3.450000000000000178e+00	2.647400000000000091e+02	2.642629999999999768e+02	4.562650307514842893e+02
1.813000000000000114e+02	3.430000000000000160e+00	2.647799999999999727e+02	4.733910000000000196e+02	4.548849295465547584e+02
1.782500000000000000e+02	3.100000000000000089e+00	2.690199999999999818e+02	5.276849999999999454e+02	5.117109580979205248e+02
1.780500000000000114e+02	3.080000000000000071e+00	2.691299999999999955e+02	5.311530000000000200e+02	5.275992405627526978e+02
1.685500000000000114e+02	2.209999999999999964e+00	2.783199999999999932e+02	6.786000000000000227e+02	6.768181347671181811e+02
1.631500000000000057e+02	1.800000000000000044e+00	2.818899999999999864e+02	2.815210000000000150e+02	7.399086536013192017e+02
1.626500000000000057e+02	1.729999999999999982e+00	2.838100000000000023e+02	2.834010000000000105e+02	7.412396289008762551e+02
1.614499999999999886e+02	1.689999999999999947e+00	2.827699999999999818e+02	7.764539999999999509e+02	7.403164464410995151e+02
1.531500000000000057e+02	1.199999999999999956e+00	2.857900000000000205e+02	8.825000000000000000e+02	8.626997963374183200e+02
1.506500000000000057e+02	1.070000000000000062e+00	2.862599999999999909e+02	2.859110000000000014e+02	9.194422220903278458e+02
1.481500000000000057e+02	9.599999999999999645e-01	2.865699999999999932e+02	9.431219999999999573e+02	1.032560944063299075e+03
1.904300000000000068e+02	4.580000000000000071e+00	2.090600000000000023e+02	2.207160000000000082e+02	2.236440168315183996e+02
1.904300000000000068e+02	4.580000000000000071e+00	2.177299999999999898e+02	2.207160000000000082e+02	2.230205249057929109e+02
1.902500000000000000e+02	4.559999999999999609e+00	2.244499999999999886e+02	2.478549999999999898e+02	2.234925279887058878e+02
1.902500000000000000e+02	4.559999999999999609e+00	2.271299999999999955e+02	2.478549999999999898e+02	2.231646968600145442e+02
1.881500000000000057e+02	4.269999999999999574e+00	3.141200000000000045e+02	3.222629999999999768e+02	2.783416698351081209e+02
1.881500000000000057e+02	4.269999999999999574e+00	3.141800000000000068e+02	3.222629999999999768e+02	2.802096255901464588e+02
1.859099999999999966e+02	3.979999999999999982e+00	3.742400000000000091e+02	3.790960000000000036e+02	2.713137394873266999e+02
1.781500000000000057e+02	3.089999999999999858e+00	5.283700000000000045e+02	5.294220000000000255e+02	4.559178824250673188e+02
1.707500000000000000e+02	2.390000000000000124e+00	6.464700000000000273e+02	2.761299999999999955e+02	6.649469836747095997e+02
1.631500000000000057e+02	1.800000000000000044e+00	7.541000000000000227e+02	2.815210000000000150e+02	7.101119833568781132e+02
1.531500000000000057e+02	1.199999999999999956e+00	8.827799999999999727e+02	8.825000000000000000e+02	5.286424480990699521e+02
1.250900000000000034e+02	2.700000000000000178e-01	1.200309999999999945e+03	2.808220000000000027e+02	1.206033218363234937e+03
1.500000000000000000e+02	4.000000000000000000e+00	9.807000000000000455e+02	9.806230000000000473e+02	9.736530412074073411e+02
1.500000000000000000e+02	3.810000000000000053e+00	9.772000000000000455e+02	9.770900000000000318e+02	9.617904441261894135e+02
1.500000000000000000e+02	3.620000000000000107e+00	9.735000000000000000e+02	9.735209999999999582e+02	9.609979579151470261e+02
1.500000000000000000e+02	3.419999999999999929e+00	9.700000000000000000e+02	9.697240000000000464e+02	9.572000494369738135e+02
1.500000000000000000e+02	3.220000000000000195e+00	9.657000000000000455e+02	9.658840000000000146e+02	9.567280980036466644e+02
1.500000000000000000e+02	3.020000000000000018e+00	9.622999999999999545e+02	9.620000000000000000e+02	9.558244181636461008e+02
1.500000000000000000e+02	2.830000000000000071e+00	9.581000000000000227e+02	9.582680000000000291e+02	9.455658598681123976e+02
1.500000000000000000e+02	2.629999999999999893e+00	9.545000000000000000e+02	9.542939999999999827e+02	9.414323544488563584e+02
1.500000000000000000e+02	2.439999999999999947e+00	9.505000000000000000e+02	9.504740000000000464e+02	9.365018577574147685e+02
1.500000000000000000e+02	2.240000000000000213e+00	9.462999999999999545e+02	9.464039999999999964e+02	9.297542040860216730e+02
1.500000000000000000e+02	2.040000000000000036e+00	9.421000000000000227e+02	9.422839999999999918e+02	9.302193954711839297e+02
1.500000000000000000e+02	1.850000000000000089e+00	9.382999999999999545e+02	9.383200000000000500e+02	9.168002228062655377e+02
1.500000000000000000e+02	1.659999999999999920e+00	9.342000000000000455e+02	9.343070000000000164e+02	9.107292190790107043e+02
1.550000000000000000e+02	4.000000000000000000e+00	9.225000000000000000e+02	9.222400000000000091e+02	9.220190475789923994e+02
1.550000000000000000e+02	3.810000000000000053e+00	9.182999999999999545e+02	9.182140000000000555e+02	9.218794907922684843e+02
1.550000000000000000e+02	3.609999999999999876e+00	9.143999999999999773e+02	9.139220000000000255e+02	9.099973340665845853e+02
1.550000000000000000e+02	3.419999999999999929e+00	9.098999999999999773e+02	9.097910000000000537e+02	9.051653395587820796e+02
1.550000000000000000e+02	3.220000000000000195e+00	9.057999999999999545e+02	9.053840000000000146e+02	9.082914914771233725e+02
1.550000000000000000e+02	3.020000000000000018e+00	9.012999999999999545e+02	9.009139999999999873e+02	9.012585423505696554e+02
1.550000000000000000e+02	2.830000000000000071e+00	8.967999999999999545e+02	8.966090000000000373e+02	8.914183546066932422e+02
1.550000000000000000e+02	2.629999999999999893e+00	8.922000000000000455e+02	8.920109999999999673e+02	8.890778079865973496e+02
1.550000000000000000e+02	2.439999999999999947e+00	8.877000000000000455e+02	8.875789999999999509e+02	8.830000850950555105e+02
1.550000000000000000e+02	2.240000000000000213e+00	8.830000000000000000e+02	8.828429999999999609e+02	8.740239948072289735e+02
1.550000000000000000e+02	2.049999999999999822e+00	8.782999999999999545e+02	8.782749999999999773e+02	8.737176424398137442e+02
1.600000000000000000e+02	4.000000000000000000e+00	8.612000000000000455e+02	8.609080000000000155e+02	8.614100769253973340e+02
1.600000000000000000e+02	3.979999999999999982e+00	8.611000000000000227e+02	8.604210000000000491e+02	8.614127595273811266e+02
1.600000000000000000e+02	3.810000000000000053e+00	8.565000000000000000e+02	8.562450000000000045e+02	8.624260319576796974e+02
1.600000000000000000e+02	3.790000000000000036e+00	8.563999999999999773e+02	8.557500000000000000e+02	8.624756834780521331e+02
1.600000000000000000e+02	3.620000000000000107e+00	8.522000000000000455e+02	8.515090000000000146e+02	8.612346262375361903e+02
1.600000000000000000e+02	3.609999999999999876e+00	8.518999999999999773e+02	8.512580000000000382e+02	8.596607571125316554e+02
1.600000000000000000e+02	3.589999999999999858e+00	8.512999999999999545e+02	8.507540000000000191e+02	8.596738531531618719e+02
1.600000000000000000e+02	3.419999999999999929e+00	8.472999999999999545e+02	8.464410000000000309e+02	8.512636254859903602e+02
1.600000000000000000e+02	3.229999999999999982e+00	8.422999999999999545e+02	8.415449999999999591e+02	8.511657064114433524e+02
1.600000000000000000e+02	3.029999999999999805e+00	8.370000000000000000e+02	8.363010000000000446e+02	8.474256376557168551e+02
1.600000000000000000e+02	2.830000000000000071e+00	8.312999999999999545e+02	8.309610000000000127e+02	8.377566146878871223e+02
1.600000000000000000e+02	2.609999999999999876e+00	8.253999999999999773e+02	8.249690000000000509e+02	8.287881050405251244e+02
1.600000000000000000e+02	2.430000000000000160e+00	8.203999999999999773e+02	8.199710000000000036e+02	8.222655833273746566e+02
1.600000000000000000e+02	2.240000000000000213e+00	8.147999999999999545e+02	8.145960000000000036e+02	8.227006614408774112e+02
1.600000000000000000e+02	2.040000000000000036e+00	8.090000000000000000e+02	8.088239999999999554e+02	8.193979408391782044e+02
1.600000000000000000e+02	1.850000000000000089e+00	8.033999999999999773e+02	8.032250000000000227e+02	8.185258949245791200e+02
1.600000000000000000e+02	1.739999999999999991e+00	7.997999999999999545e+02	7.999299999999999500e+02	8.019583283957530284e+02
1.600000000000000000e+02	1.659999999999999920e+00	7.972999999999999545e+02	7.975080000000000382e+02	7.576617443891435641e+02
1.500000000000000000e+02	1.459999999999999964e+00	9.300000000000000000e+02	9.300270000000000437e+02	9.117226145993643058e+02
1.500000000000000000e+02	1.260000000000000009e+00	9.257999999999999545e+02	9.256889999999999645e+02	8.525829570921064260e+02
1.500000000000000000e+02	1.070000000000000062e+00	9.215000000000000000e+02	9.215119999999999436e+02	6.891225755400483877e+02
1.550000000000000000e+02	1.850000000000000089e+00	8.733999999999999773e+02	8.733890000000000100e+02	8.667650253207943933e+02
1.550000000000000000e+02	1.659999999999999920e+00	8.685000000000000000e+02	8.686730000000000018e+02	8.536277587063470946e+02
1.550000000000000000e+02	1.459999999999999964e+00	8.637000000000000455e+02	8.636250000000000000e+02	8.569862125456480726e+02
1.550000000000000000e+02	1.260000000000000009e+00	8.585000000000000000e+02	2.864470000000000027e+02	8.565344815194720240e+02
1.630000000000000000e+02	4.000000000000000000e+00	8.232999999999999545e+02	8.223269999999999982e+02	7.820023556060076544e+02
1.630000000000000000e+02	3.810000000000000053e+00	8.180000000000000000e+02	8.171810000000000400e+02	7.819508243814771049e+02
1.630000000000000000e+02	3.609999999999999876e+00	8.127000000000000455e+02	8.116630000000000109e+02	7.789722452017374508e+02
1.630000000000000000e+02	3.419999999999999929e+00	8.072999999999999545e+02	8.063189999999999600e+02	7.788873265835643451e+02
1.630000000000000000e+02	3.220000000000000195e+00	8.015000000000000000e+02	8.005819999999999936e+02	7.736908590483698163e+02
1.630000000000000000e+02	3.020000000000000018e+00	7.955000000000000000e+02	7.947229999999999563e+02	7.757871950398447325e+02
1.630000000000000000e+02	2.830000000000000071e+00	7.896000000000000227e+02	7.890389999999999873e+02	7.772893890556732686e+02
1.630000000000000000e+02	7.629999999999999893e+00	7.837000000000000455e+02	9.069560000000000173e+02	8.249280146161157745e+02
1.630000000000000000e+02	2.439999999999999947e+00	7.772999999999999545e+02	7.769829999999999472e+02	7.625097922110116997e+02
1.630000000000000000e+02	7.240000000000000213e+00	7.712000000000000455e+02	8.988590000000000373e+02	7.877857660395444555e+02
1.630000000000000000e+02	2.049999999999999822e+00	7.647000000000000455e+02	7.643479999999999563e+02	7.482189432060222316e+02
1.630000000000000000e+02	1.850000000000000089e+00	7.578999999999999773e+02	7.576200000000000045e+02	7.449568239942468608e+02
1.630000000000000000e+02	1.790000000000000036e+00	7.557000000000000455e+02	2.815849999999999795e+02	7.310844059240266688e+02
1.670000000000000000e+02	4.000000000000000000e+00	7.695000000000000000e+02	7.682229999999999563e+02	7.360230582972563980e+02
1.670000000000000000e+02	3.799999999999999822e+00	7.631000000000000227e+02	7.619379999999999882e+02	7.400739784494628566e+02
1.670000000000000000e+02	3.620000000000000107e+00	7.572000000000000455e+02	7.561509999999999536e+02	7.350651565503031861e+02
1.670000000000000000e+02	3.490000000000000213e+00	7.528999999999999773e+02	7.518920000000000528e+02	7.303321713406013487e+02
1.670000000000000000e+02	3.419999999999999929e+00	7.506000000000000227e+02	7.495689999999999600e+02	7.280876245360365147e+02
1.670000000000000000e+02	3.220000000000000195e+00	7.437999999999999545e+02	7.428139999999999645e+02	7.211735568481418568e+02
1.670000000000000000e+02	3.040000000000000036e+00	7.371000000000000227e+02	7.365779999999999745e+02	7.172455975074182106e+02
1.670000000000000000e+02	2.819999999999999840e+00	7.297000000000000455e+02	7.287400000000000091e+02	7.169335989910258604e+02
1.670000000000000000e+02	2.629999999999999893e+00	7.222000000000000455e+02	7.217630000000000337e+02	7.167307193582076934e+02
1.670000000000000000e+02	7.459999999999999964e+00	7.157999999999999545e+02	8.595280000000000200e+02	7.691588716507984600e+02
1.670000000000000000e+02	7.330000000000000071e+00	7.102999999999999545e+02	8.565489999999999782e+02	7.764085497485871201e+02
1.670000000000000000e+02	7.269999999999999574e+00	7.082000000000000455e+02	8.551639999999999873e+02	7.746472420606023661e+02
1.670000000000000000e+02	2.240000000000000213e+00	7.071000000000000227e+02	7.067780000000000200e+02	7.130926319958208524e+02
1.670000000000000000e+02	2.120000000000000107e+00	7.022000000000000455e+02	7.019679999999999609e+02	7.144339800521443067e+02
1.670000000000000000e+02	2.100000000000000089e+00	7.015000000000000000e+02	7.011570000000000391e+02	7.119340838813546952e+02
1.670000000000000000e+02	2.069999999999999840e+00	7.002000000000000455e+02	2.797200000000000273e+02	7.113970957407721016e+02
1.700000000000000000e+02	4.000000000000000000e+00	7.263999999999999773e+02	7.250960000000000036e+02	7.347120691184308043e+02
1.700000000000000000e+02	3.810000000000000053e+00	7.192999999999999545e+02	7.183139999999999645e+02	7.269953176930210930e+02
1.700000000000000000e+02	3.609999999999999876e+00	7.115000000000000000e+02	7.109690000000000509e+02	7.331948271402661703e+02
1.700000000000000000e+02	3.410000000000000142e+00	7.042000000000000455e+02	7.033959999999999582e+02	7.112407754011848056e+02
1.700000000000000000e+02	3.220000000000000195e+00	6.967000000000000455e+02	6.959740000000000464e+02	7.056458978749365087e+02
1.700000000000000000e+02	3.029999999999999805e+00	6.887999999999999545e+02	6.883089999999999691e+02	6.919359920516761804e+02
1.700000000000000000e+02	2.830000000000000071e+00	6.803999999999999773e+02	6.799569999999999936e+02	6.893560729148590553e+02
1.700000000000000000e+02	2.629999999999999893e+00	6.713999999999999773e+02	6.712830000000000155e+02	6.846251186895881347e+02
1.700000000000000000e+02	2.430000000000000160e+00	6.623999999999999773e+02	6.622549999999999955e+02	6.790948946698991904e+02
1.730000000000000000e+02	4.000000000000000000e+00	6.802000000000000455e+02	6.790639999999999645e+02	6.961084486513301499e+02
1.730000000000000000e+02	3.810000000000000053e+00	6.718999999999999773e+02	6.711929999999999836e+02	6.908639886996786572e+02
1.730000000000000000e+02	3.609999999999999876e+00	6.632000000000000455e+02	6.626040000000000418e+02	6.835660851129234743e+02
1.730000000000000000e+02	3.419999999999999929e+00	5.547000000000000455e+02	6.541280000000000427e+02	6.677458350830150948e+02
1.730000000000000000e+02	3.220000000000000195e+00	6.452000000000000455e+02	6.448350000000000364e+02	6.673646567642879290e+02
1.730000000000000000e+02	3.020000000000000018e+00	6.353999999999999773e+02	6.351190000000000282e+02	6.559144089167531320e+02
1.730000000000000000e+02	2.819999999999999840e+00	6.248999999999999773e+02	6.249249999999999545e+02	6.486582911725752183e+02
1.730000000000000000e+02	2.629999999999999893e+00	6.140000000000000000e+02	6.147380000000000564e+02	6.513607992247018501e+02
1.770000000000000000e+02	4.000000000000000000e+00	6.122000000000000455e+02	6.112269999999999754e+02	5.685939244083148196e+02
1.770000000000000000e+02	3.810000000000000053e+00	6.013999999999999773e+02	6.011219999999999573e+02	5.734634872701111590e+02
1.770000000000000000e+02	3.620000000000000107e+00	5.903999999999999773e+02	5.904729999999999563e+02	5.717290240735189855e+02
1.770000000000000000e+02	3.609999999999999876e+00	5.900000000000000000e+02	5.898959999999999582e+02	5.652854462020798110e+02
1.770000000000000000e+02	3.410000000000000142e+00	5.780000000000000000e+02	5.779700000000000273e+02	5.415266131322731553e+02
1.770000000000000000e+02	3.220000000000000195e+00	5.650000000000000000e+02	5.658759999999999764e+02	5.496081411811550197e+02
1.770000000000000000e+02	3.020000000000000018e+00	5.510000000000000000e+02	5.521810000000000400e+02	5.328884063790666232e+02
1.770000000000000000e+02	2.979999999999999982e+00	5.478999999999999773e+02	5.493049999999999500e+02	5.364532531025173512e+02
1.800000000000000000e+02	4.000000000000000000e+00	5.532999999999999545e+02	5.527440000000000282e+02	5.191140600478847773e+02
1.800000000000000000e+02	3.910000000000000142e+00	5.470000000000000000e+02	5.466810000000000400e+02	5.229629712790875828e+02
1.800000000000000000e+02	3.810000000000000053e+00	5.400000000000000000e+02	5.396860000000000355e+02	5.213836406044829346e+02
1.800000000000000000e+02	3.720000000000000195e+00	5.328999999999999773e+02	5.331330000000000382e+02	5.204815830693404450e+02
1.800000000000000000e+02	3.609999999999999876e+00	5.242999999999999545e+02	5.247549999999999955e+02	5.232505801297641028e+02
1.800000000000000000e+02	3.520000000000000018e+00	5.167999999999999545e+02	5.175579999999999927e+02	5.205704139855776020e+02
1.800000000000000000e+02	3.419999999999999929e+00	5.073999999999999773e+02	5.091510000000000105e+02	5.082529079621587016e+02
1.800000000000000000e+02	3.350000000000000089e+00	5.008999999999999773e+02	5.029739999999999895e+02	5.078026740545649318e+02
1.800000000000000000e+02	3.339999999999999858e+00	5.000000000000000000e+02	5.020699999999999932e+02	5.060917130605558327e+02
1.800000000000000000e+02	3.279999999999999805e+00	4.946999999999999886e+02	2.663620000000000232e+02	5.089891110782282908e+02
1.800000000000000000e+02	3.259999999999999787e+00	4.921000000000000227e+02	2.675710000000000264e+02	5.118485572699451609e+02
1.830000000000000000e+02	4.000000000000000000e+00	4.823999999999999773e+02	4.821480000000000246e+02	4.622310393018023547e+02
1.830000000000000000e+02	3.979999999999999982e+00	4.811999999999999886e+02	4.802350000000000136e+02	4.624878008000089267e+02
1.830000000000000000e+02	3.910000000000000142e+00	4.743999999999999773e+02	4.733260000000000218e+02	4.574997059894485005e+02
1.830000000000000000e+02	3.810000000000000053e+00	4.621000000000000227e+02	4.628090000000000259e+02	4.615144836604776515e+02
1.830000000000000000e+02	3.729999999999999982e+00	4.528000000000000114e+02	4.537409999999999854e+02	4.641732315522236263e+02
1.830000000000000000e+02	3.689999999999999947e+00	4.471000000000000227e+02	4.489510000000000218e+02	4.433938310222356449e+02
1.830000000000000000e+02	3.649999999999999911e+00	4.416999999999999886e+02	4.439639999999999986e+02	4.593384875110965595e+02
1.731500000000000057e+02	1.000000000000000000e+02	1.639660000000000082e+03	1.639890000000000100e+03	1.876585310863272525e+03
1.731500000000000057e+02	1.500000000000000000e+02	1.858039999999999964e+03	1.858190000000000055e+03	1.690585466266558797e+03
1.731500000000000057e+02	2.000000000000000000e+02	2.032480000000000018e+03	2.032380000000000109e+03	1.933820644049499833e+03
1.731500000000000057e+02	2.500000000000000000e+02	2.180369999999999891e+03	2.179599999999999909e+03	2.089490327943954981e+03
1.731500000000000057e+02	3.000000000000000000e+02	2.309960000000000036e+03	2.308320000000000164e+03	2.195639355179509494e+03
1.731500000000000057e+02	3.500000000000000000e+02	2.425960000000000036e+03	2.423440000000000055e+03	2.326043225166701177e+03
1.731500000000000057e+02	4.000000000000000000e+02	2.531369999999999891e+03	2.528050000000000182e+03	2.325980495671169592e+03
1.481500000000000057e+02	1.000000000000000000e+02	1.739990000000000009e+03	1.742660000000000082e+03	1.635442051385544573e+03
1.481500000000000057e+02	1.500000000000000000e+02	1.941039999999999964e+03	1.944980000000000018e+03	1.716827550116027624e+03
1.481500000000000057e+02	2.000000000000000000e+02	2.105030000000000200e+03	2.108989999999999782e+03	1.966604032060158715e+03
1.481500000000000057e+02	2.500000000000000000e+02	2.245539999999999964e+03	2.248900000000000091e+03	1.961676995634588820e+03
1.113299999999999983e+02	1.100000000000000006e-01	1.340900000000000091e+03	1.341579999999999927e+03	1.366276040057255841e+03
1.113299999999999983e+02	5.000000000000000000e-01	1.345000000000000000e+03	1.345299999999999955e+03	1.354054859396755091e+03
1.113299999999999983e+02	9.799999999999999822e-01	1.349599999999999909e+03	1.349829999999999927e+03	1.356948750596556465e+03
1.113299999999999983e+02	1.969999999999999973e+00	1.358700000000000045e+03	1.359059999999999945e+03	1.357123694977803780e+03
1.113299999999999983e+02	2.939999999999999947e+00	1.367000000000000000e+03	1.367930000000000064e+03	1.361460618881154915e+03
1.113299999999999983e+02	3.930000000000000160e+00	1.376599999999999909e+03	1.376819999999999936e+03	1.372334302741312285e+03
1.113299999999999983e+02	4.910000000000000142e+00	1.384799999999999955e+03	1.385470000000000027e+03	1.378902165769843805e+03
1.113299999999999983e+02	5.879999999999999893e+00	1.393099999999999909e+03	1.393890000000000100e+03	1.379434567619542122e+03
1.113299999999999983e+02	6.820000000000000284e+00	1.402099999999999909e+03	1.401920000000000073e+03	1.394752781124054991e+03
1.113299999999999983e+02	7.570000000000000284e+00	1.408500000000000000e+03	1.408240000000000009e+03	1.397593696113608303e+03
1.250999999999999943e+02	2.800000000000000266e-01	1.200599999999999909e+03	1.200400000000000091e+03	1.205991394358295793e+03
1.250999999999999943e+02	5.300000000000000266e-01	1.202900000000000091e+03	1.203470000000000027e+03	1.209228075352609949e+03
1.250999999999999943e+02	1.010000000000000009e+00	1.209000000000000000e+03	1.209309999999999945e+03	1.211790907489332767e+03
1.250999999999999943e+02	1.989999999999999991e+00	1.220799999999999955e+03	1.220970000000000027e+03	1.212864573421930800e+03
1.250999999999999943e+02	2.959999999999999964e+00	1.232099999999999909e+03	1.232220000000000027e+03	1.229577645489165434e+03
1.250999999999999943e+02	3.919999999999999929e+00	1.242700000000000045e+03	1.243069999999999936e+03	1.241920390366494757e+03
1.250999999999999943e+02	4.860000000000000320e+00	1.253799999999999955e+03	1.253450000000000045e+03	1.243201919220643504e+03
1.250999999999999943e+02	5.919999999999999929e+00	1.265099999999999909e+03	1.264880000000000109e+03	1.255249365394669439e+03
1.250999999999999943e+02	6.849999999999999645e+00	1.275000000000000000e+03	1.274670000000000073e+03	1.266266735165640284e+03
1.250999999999999943e+02	7.799999999999999822e+00	1.285000000000000000e+03	1.284470000000000027e+03	1.268081649751569785e+03
1.250999999999999943e+02	8.769999999999999574e+00	1.295000000000000000e+03	1.294279999999999973e+03	1.277825771185222038e+03
1.250999999999999943e+02	9.789999999999999147e+00	1.305200000000000045e+03	1.304369999999999891e+03	1.285274597279554200e+03
1.400300000000000011e+02	1.110000000000000098e+00	1.045000000000000000e+03	1.045220000000000027e+03	1.026765159123341618e+03
1.400300000000000011e+02	1.989999999999999991e+00	1.059500000000000000e+03	1.059609999999999900e+03	1.047714589369790247e+03
1.400300000000000011e+02	2.979999999999999982e+00	1.075000000000000000e+03	1.075150000000000091e+03	1.072351450823941150e+03
1.400300000000000011e+02	3.930000000000000160e+00	1.089099999999999909e+03	1.089490000000000009e+03	1.087068728606444893e+03
1.400300000000000011e+02	4.929999999999999716e+00	1.104000000000000000e+03	1.104039999999999964e+03	1.095427325644726579e+03
1.400300000000000011e+02	5.900000000000000355e+00	1.117900000000000091e+03	1.117650000000000091e+03	1.115774526611561441e+03
1.400300000000000011e+02	6.839999999999999858e+00	1.130599999999999909e+03	1.130430000000000064e+03	1.144021280826231987e+03
1.400300000000000011e+02	7.889999999999999680e+00	1.145299999999999955e+03	1.144240000000000009e+03	1.144403327014371598e+03
1.400300000000000011e+02	8.839999999999999858e+00	1.157000000000000000e+03	1.156369999999999891e+03	1.156565289929217442e+03
1.400300000000000011e+02	9.789999999999999147e+00	1.169500000000000000e+03	1.168170000000000073e+03	1.171200191901820517e+03
1.400300000000000011e+02	1.060999999999999943e+01	1.178700000000000045e+03	1.178099999999999909e+03	1.170792730831139352e+03
1.400300000000000011e+02	1.102999999999999936e+01	1.183900000000000091e+03	1.183099999999999909e+03	1.170293734640196590e+03
1.554300000000000068e+02	1.370000000000000107e+00	8.540000000000000000e+02	8.553350000000000364e+02	8.546904554582725950e+02
1.554300000000000068e+02	2.149999999999999911e+00	8.728999999999999773e+02	8.749940000000000282e+02	8.741955362888162426e+02
1.554300000000000068e+02	2.919999999999999929e+00	8.912999999999999545e+02	8.932110000000000127e+02	8.946570615947539409e+02
1.554300000000000068e+02	3.979999999999999982e+00	9.151000000000000227e+02	9.166649999999999636e+02	9.241846750946156135e+02
1.554300000000000068e+02	4.950000000000000178e+00	9.355000000000000000e+02	9.367350000000000136e+02	9.555656293841740307e+02
1.554300000000000068e+02	5.929999999999999716e+00	9.545000000000000000e+02	9.558650000000000091e+02	9.610754179889088391e+02
1.554300000000000068e+02	6.740000000000000213e+00	9.705000000000000000e+02	9.709189999999999827e+02	9.717214419633892248e+02
1.554300000000000068e+02	7.839999999999999858e+00	9.905000000000000000e+02	9.904030000000000200e+02	1.000669759997945789e+03
1.554300000000000068e+02	8.880000000000000782e+00	1.007700000000000045e+03	1.007919999999999959e+03	1.011994906941917975e+03
1.554300000000000068e+02	9.779999999999999361e+00	1.022500000000000000e+03	1.022460000000000036e+03	1.029809773313576216e+03
1.554300000000000068e+02	1.083999999999999986e+01	1.038599999999999909e+03	1.038920000000000073e+03	1.051319706432952898e+03
1.554300000000000068e+02	1.181000000000000050e+01	1.053599999999999909e+03	1.053410000000000082e+03	1.057036197660869902e+03
1.554300000000000068e+02	1.277999999999999936e+01	1.068599999999999909e+03	1.067400000000000091e+03	1.063427843668075184e+03
1.554300000000000068e+02	1.376999999999999957e+01	1.080900000000000091e+03	1.081220000000000027e+03	1.048843752348051339e+03
1.554300000000000068e+02	1.476999999999999957e+01	1.094900000000000091e+03	1.094740000000000009e+03	1.099967179594336812e+03
1.554300000000000068e+02	1.558999999999999986e+01	1.105500000000000000e+03	1.105519999999999982e+03	1.102293307182582794e+03
1.707299999999999898e+02	2.399999999999999911e+00	6.467999999999999545e+02	6.472419999999999618e+02	6.759416133322773703e+02
1.707299999999999898e+02	3.000000000000000000e+00	6.722000000000000455e+02	6.747119999999999891e+02	6.933334506029372051e+02
1.707299999999999898e+02	3.959999999999999964e+00	7.102000000000000455e+02	7.127340000000000373e+02	7.335229313732090759e+02
1.707299999999999898e+02	4.919999999999999929e+00	7.437000000000000455e+02	7.456620000000000346e+02	7.372769598609331752e+02
1.707299999999999898e+02	6.200000000000000178e+00	7.827000000000000455e+02	7.840819999999999936e+02	7.493006756259516123e+02
1.707299999999999898e+02	7.839999999999999858e+00	8.260000000000000000e+02	8.268790000000000191e+02	8.177157621726964862e+02
1.707299999999999898e+02	8.880000000000000782e+00	8.498999999999999773e+02	8.512580000000000382e+02	8.331926805114617309e+02
1.707299999999999898e+02	9.830000000000000071e+00	8.711000000000000227e+02	8.720520000000000209e+02	8.522727562205815275e+02
1.707299999999999898e+02	1.068999999999999950e+01	8.902999999999999545e+02	8.898440000000000509e+02	8.923894560530637818e+02
1.707299999999999898e+02	1.166999999999999993e+01	9.090000000000000000e+02	9.090829999999999700e+02	9.098512449396016564e+02
1.707299999999999898e+02	1.269999999999999929e+01	9.270000000000000000e+02	9.282670000000000528e+02	9.139101038053262300e+02
1.707299999999999898e+02	1.358000000000000007e+01	9.441000000000000227e+02	9.439149999999999636e+02	9.095451988741183413e+02
1.707299999999999898e+02	1.460999999999999943e+01	2.613999999999999773e+02	9.614600000000000364e+02	9.727879677902798221e+02
1.707299999999999898e+02	1.560999999999999943e+01	9.778999999999999773e+02	9.777809999999999491e+02	9.587983786973329643e+02
1.707299999999999898e+02	1.687000000000000099e+01	9.952999999999999545e+02	9.974560000000000173e+02	9.914603279737842740e+02
1.707299999999999898e+02	1.828999999999999915e+01	1.015600000000000023e+03	1.018570000000000050e+03	1.037401127067428888e+03
1.858799999999999955e+02	3.970000000000000195e+00	3.736000000000000227e+02	2.563190000000000168e+02	4.633283936824134912e+02
1.858799999999999955e+02	4.519999999999999574e+00	4.500000000000000000e+02	4.560720000000000027e+02	4.399959820666368842e+02
1.858799999999999955e+02	5.000000000000000000e+00	4.948000000000000114e+02	4.990059999999999718e+02	4.616445008583676213e+02
1.858799999999999955e+02	5.929999999999999716e+00	5.562000000000000455e+02	5.598980000000000246e+02	5.416130897511163766e+02
1.858799999999999955e+02	6.889999999999999680e+00	6.030000000000000000e+02	6.078220000000000027e+02	5.760637501359153703e+02
1.858799999999999955e+02	7.889999999999999680e+00	6.466000000000000227e+02	6.489679999999999609e+02	6.510380502478800508e+02
1.858799999999999955e+02	8.929999999999999716e+00	6.856000000000000227e+02	6.857010000000000218e+02	7.255821304626788333e+02
1.858799999999999955e+02	9.810000000000000497e+00	7.073999999999999773e+02	7.133630000000000564e+02	7.232560593242404821e+02
1.858799999999999955e+02	1.081000000000000050e+01	7.387000000000000455e+02	7.419289999999999736e+02	7.463272382726285059e+02
1.858799999999999955e+02	1.182000000000000028e+01	7.667999999999999545e+02	7.683339999999999463e+02	7.608394362263788935e+02
1.858799999999999955e+02	1.325000000000000000e+01	8.006000000000000227e+02	8.024170000000000300e+02	8.045328842874263273e+02
1.858799999999999955e+02	1.481000000000000050e+01	8.362999999999999545e+02	8.361299999999999955e+02	8.206977081709752611e+02
1.858799999999999955e+02	1.589000000000000057e+01	8.561000000000000227e+02	8.577649999999999864e+02	8.429772156775449048e+02
1.858799999999999955e+02	1.735999999999999943e+01	8.842000000000000455e+02	8.853630000000000564e+02	8.653947254542885048e+02
1.858799999999999955e+02	1.833999999999999986e+01	9.017999999999999545e+02	9.027409999999999854e+02	8.819235034942995526e+02
1.900000000000000000e+02	4.549999999999999822e+00	2.641999999999999886e+02	2.815779999999999745e+02	3.052716137484932233e+02
1.900000000000000000e+02	4.780000000000000249e+00	3.401999999999999886e+02	3.560539999999999736e+02	3.025265860390911143e+02
1.900000000000000000e+02	5.299999999999999822e+00	4.156000000000000227e+02	4.304100000000000250e+02	4.592861784463581216e+02
1.900000000000000000e+02	5.950000000000000178e+00	4.823000000000000114e+02	4.877590000000000146e+02	4.631002574989162213e+02
1.900000000000000000e+02	6.839999999999999858e+00	5.397999999999999545e+02	5.443949999999999818e+02	5.348959307480645293e+02
1.900000000000000000e+02	7.790000000000000036e+00	5.908999999999999773e+02	5.915149999999999864e+02	6.403661533608545824e+02
1.900000000000000000e+02	8.859999999999999432e+00	6.345000000000000000e+02	6.353120000000000118e+02	6.617321942891394428e+02
1.900000000000000000e+02	1.009999999999999964e+01	6.777000000000000455e+02	6.783210000000000264e+02	7.287768830769804254e+02
1.900000000000000000e+02	1.134999999999999964e+01	7.157000000000000455e+02	7.159819999999999709e+02	7.522273288784136867e+02
1.900000000000000000e+02	1.257000000000000028e+01	7.487999999999999545e+02	7.487690000000000055e+02	7.966081415823103953e+02
1.900000000000000000e+02	1.378999999999999915e+01	7.782000000000000455e+02	7.785679999999999836e+02	8.252260925948005479e+02
1.900000000000000000e+02	1.503999999999999915e+01	8.072000000000000455e+02	8.066440000000000055e+02	8.270316311885010236e+02
1.900000000000000000e+02	1.632999999999999829e+01	8.332999999999999545e+02	8.334980000000000473e+02	8.482009895173621317e+02
1.900000000000000000e+02	1.751000000000000156e+01	8.551000000000000227e+02	8.564900000000000091e+02	8.746165525131694949e+02
1.900000000000000000e+02	1.873000000000000043e+01	8.785000000000000000e+02	8.789180000000000064e+02	8.791172582263465074e+02
1.900000000000000000e+02	1.996999999999999886e+01	9.005000000000000000e+02	9.005019999999999527e+02	8.669082073729911144e+02
1.150000000000000000e+02	9.799999999999999822e-01	1.311000000000000000e+03	1.313160000000000082e+03	1.322246531562088194e+03
1.150000000000000000e+02	1.959999999999999964e+00	1.323000000000000000e+03	1.322880000000000109e+03	1.324852010627315849e+03
1.150000000000000000e+02	2.939999999999999947e+00	1.331000000000000000e+03	1.332400000000000091e+03	1.333970385246215073e+03
1.150000000000000000e+02	3.919999999999999929e+00	1.341000000000000000e+03	1.341740000000000009e+03	1.340219182799449982e+03
1.150000000000000000e+02	4.900000000000000355e+00	1.345000000000000000e+03	1.350910000000000082e+03	1.348080666258033943e+03
1.150000000000000000e+02	5.879999999999999893e+00	1.359000000000000000e+03	1.359900000000000091e+03	1.350682998197736651e+03
1.150000000000000000e+02	6.860000000000000320e+00	1.367000000000000000e+03	1.368740000000000009e+03	1.368902153669258269e+03
1.150000000000000000e+02	7.839999999999999858e+00	1.377000000000000000e+03	1.377420000000000073e+03	1.372187921948231860e+03
1.250000000000000000e+02	9.799999999999999822e-01	1.209000000000000000e+03	1.210000000000000000e+03	1.221633089432917131e+03
1.250000000000000000e+02	1.959999999999999964e+00	1.221000000000000000e+03	1.221660000000000082e+03	1.229405616247337548e+03
1.250000000000000000e+02	2.939999999999999947e+00	1.232000000000000000e+03	1.233000000000000000e+03	1.236460853514995506e+03
1.250000000000000000e+02	3.919999999999999929e+00	1.243000000000000000e+03	1.244069999999999936e+03	1.247268091920169581e+03
1.250000000000000000e+02	4.900000000000000355e+00	1.255000000000000000e+03	1.254859999999999900e+03	1.249664294103719612e+03
1.250000000000000000e+02	5.879999999999999893e+00	1.266000000000000000e+03	1.265410000000000082e+03	1.256751678040899151e+03
1.250000000000000000e+02	6.860000000000000320e+00	1.275000000000000000e+03	1.275720000000000027e+03	1.271291217035969794e+03
1.250000000000000000e+02	7.839999999999999858e+00	1.286000000000000000e+03	1.285809999999999945e+03	1.275271244122011694e+03
1.250000000000000000e+02	8.820000000000000284e+00	1.296000000000000000e+03	1.295690000000000055e+03	1.282645914603581105e+03
1.250000000000000000e+02	9.800000000000000711e+00	1.306000000000000000e+03	1.305369999999999891e+03	1.294909860268640386e+03
1.250000000000000000e+02	1.077999999999999936e+01	1.315000000000000000e+03	1.314859999999999900e+03	1.296283902564585560e+03
1.400000000000000000e+02	9.799999999999999822e-01	1.043000000000000000e+03	1.043400000000000091e+03	9.549091113372197697e+02
1.400000000000000000e+02	1.959999999999999964e+00	1.059000000000000000e+03	1.059470000000000027e+03	1.040809545365990289e+03
1.400000000000000000e+02	2.939999999999999947e+00	1.074000000000000000e+03	1.074869999999999891e+03	1.066391960115572374e+03
1.400000000000000000e+02	3.919999999999999929e+00	1.089000000000000000e+03	1.089670000000000073e+03	1.087072212078371194e+03
1.400000000000000000e+02	4.900000000000000355e+00	1.103000000000000000e+03	1.103920000000000073e+03	1.091499343306292303e+03
1.400000000000000000e+02	5.879999999999999893e+00	1.118000000000000000e+03	1.117680000000000064e+03	1.114061136482015854e+03
1.400000000000000000e+02	6.860000000000000320e+00	1.131000000000000000e+03	1.130990000000000009e+03	1.143812735251272898e+03
1.400000000000000000e+02	7.839999999999999858e+00	1.144000000000000000e+03	1.143890000000000100e+03	1.147756168163020448e+03
1.400000000000000000e+02	8.820000000000000284e+00	1.156000000000000000e+03	1.156400000000000091e+03	1.156332182271249394e+03
1.400000000000000000e+02	9.800000000000000711e+00	1.169000000000000000e+03	1.168569999999999936e+03	1.173210472835481596e+03
1.400000000000000000e+02	1.077999999999999936e+01	1.180000000000000000e+03	1.180400000000000091e+03	1.170364172792638783e+03
1.550000000000000000e+02	1.959999999999999964e+00	8.730000000000000000e+02	8.760860000000000127e+02	8.742800057275293284e+02
1.550000000000000000e+02	2.939999999999999947e+00	8.950000000000000000e+02	8.991090000000000373e+02	8.996677727617856135e+02
1.550000000000000000e+02	3.919999999999999929e+00	9.180000000000000000e+02	9.205510000000000446e+02	9.214413577967801530e+02
1.550000000000000000e+02	4.900000000000000355e+00	9.390000000000000000e+02	9.406670000000000300e+02	9.538407292123041543e+02
1.550000000000000000e+02	5.879999999999999893e+00	9.580000000000000000e+02	9.596530000000000200e+02	9.593955212371838570e+02
1.550000000000000000e+02	6.860000000000000320e+00	9.770000000000000000e+02	9.776609999999999445e+02	9.697268090815570076e+02
1.550000000000000000e+02	7.839999999999999858e+00	9.940000000000000000e+02	9.948120000000000118e+02	1.000010402605733361e+03
1.550000000000000000e+02	8.820000000000000284e+00	1.011000000000000000e+03	1.011210000000000036e+03	1.005819662864828388e+03
1.550000000000000000e+02	9.800000000000000711e+00	1.026000000000000000e+03	1.026930000000000064e+03	1.029467376309502470e+03
1.550000000000000000e+02	1.077999999999999936e+01	1.041000000000000000e+03	1.042039999999999964e+03	1.050419702730743438e+03
1.550000000000000000e+02	1.175999999999999979e+01	1.056000000000000000e+03	1.056609999999999900e+03	1.056733265039488060e+03
1.550000000000000000e+02	1.274000000000000021e+01	1.070000000000000000e+03	1.070670000000000073e+03	1.063590218957938077e+03
1.550000000000000000e+02	1.372000000000000064e+01	1.084000000000000000e+03	1.084279999999999973e+03	1.065882630345875214e+03
1.550000000000000000e+02	1.469999999999999929e+01	1.096000000000000000e+03	1.097470000000000027e+03	1.098554680605500835e+03
1.455999999999999943e+02	8.599999999999999867e-01	9.700000000000000000e+02	9.734039999999999964e+02	9.879831773011271707e+02
1.455999999999999943e+02	1.820000000000000062e+00	9.800000000000000000e+02	9.917300000000000182e+02	1.027338401133442858e+03
1.455999999999999943e+02	3.060000000000000053e+00	1.020000000000000000e+03	1.014039999999999964e+03	1.052911000592004257e+03
1.455999999999999943e+02	5.019999999999999574e+00	1.050000000000000000e+03	1.046690000000000055e+03	1.099417452311871557e+03
1.455999999999999943e+02	7.200000000000000178e+00	1.080000000000000000e+03	1.079960000000000036e+03	1.131474341230394202e+03
1.455999999999999943e+02	8.580000000000000071e+00	1.100000000000000000e+03	1.099660000000000082e+03	1.135772076605575421e+03
1.250000000000000000e+02	3.400000000000000244e-01	1.200000000000000000e+03	1.202210000000000036e+03	1.224448715116439189e+03
1.250999999999999943e+02	1.020000000000000018e+00	1.210000000000000000e+03	1.209430000000000064e+03	1.212007340305070784e+03
1.250000000000000000e+02	3.540000000000000036e+00	1.240000000000000000e+03	1.239809999999999945e+03	1.247132885066695735e+03
1.249000000000000057e+02	5.879999999999999893e+00	1.260000000000000000e+03	1.266369999999999891e+03	1.257910235994741242e+03
1.250000000000000000e+02	7.940000000000000391e+00	1.282000000000000000e+03	1.286829999999999927e+03	1.275557604030696893e+03
1.250999999999999943e+02	8.730000000000000426e+00	1.295000000000000000e+03	1.293880000000000109e+03	1.277825771185222038e+03
1.130000000000000000e+02	2.399999999999999911e-01	1.330000000000000000e+03	1.326000000000000000e+03	1.327709574753243714e+03
1.135999999999999943e+02	7.700000000000000178e-01	1.332000000000000000e+03	1.325160000000000082e+03	1.326106593832177850e+03
1.140000000000000000e+02	1.379999999999999893e+00	1.335000000000000000e+03	1.327130000000000109e+03	1.327059013006209625e+03
1.150000000000000000e+02	2.649999999999999911e+00	1.340000000000000000e+03	1.329599999999999909e+03	1.326779589604065450e+03
1.170000000000000000e+02	5.099999999999999645e+00	1.345000000000000000e+03	1.333849999999999909e+03	1.354883935427830238e+03
1.120000000000000000e+02	1.600000000000000033e-01	1.350000000000000000e+03	1.335319999999999936e+03	1.354492350010902328e+03
1.119000000000000057e+02	3.020000000000000018e+00	1.380000000000000000e+03	1.363170000000000073e+03	1.359335395834895735e+03
1.120999999999999943e+02	6.120000000000000107e+00	1.400000000000000000e+03	1.388869999999999891e+03	1.391675086551737650e+03
1.120000000000000000e+02	8.720000000000000639e+00	1.430000000000000000e+03	1.411829999999999927e+03	1.399724178069433947e+03
1.050000000000000000e+02	1.600000000000000033e-01	1.485000000000000000e+03	1.404759999999999991e+03	1.461589727360573761e+03
9.400000000000000000e+01	1.600000000000000033e-01	1.520000000000000000e+03	1.509390000000000100e+03	1.456912537343342592e+03
1.000000000000000000e+02	3.338000000000000256e+01	1.672599999999999909e+03	1.669119999999999891e+03	1.648434189448862526e+03
1.000000000000000000e+02	2.607999999999999829e+01	1.630700000000000045e+03	1.627740000000000009e+03	1.611583067447706981e+03
1.000000000000000000e+02	1.912000000000000099e+01	1.588099999999999909e+03	1.585640000000000100e+03	1.565084231171417969e+03
1.000000000000000000e+02	1.308999999999999986e+01	1.548500000000000000e+03	1.546680000000000064e+03	1.565978723830331774e+03
1.000000000000000000e+02	7.240000000000000213e+00	1.507400000000000091e+03	1.506240000000000009e+03	1.496127545087399312e+03
1.000000000000000000e+02	1.659999999999999920e+00	1.465099999999999909e+03	1.464750000000000000e+03	1.476285463130492644e+03
1.200000000000000000e+02	3.116000000000000014e+01	1.517200000000000045e+03	1.516349999999999909e+03	1.514745479735508070e+03
1.200000000000000000e+02	2.623000000000000043e+01	1.482799999999999955e+03	1.482069999999999936e+03	1.477171710007279898e+03
1.200000000000000000e+02	1.998000000000000043e+01	1.436000000000000000e+03	1.435500000000000000e+03	1.442020625184020446e+03
1.200000000000000000e+02	1.515000000000000036e+01	1.397000000000000000e+03	1.396670000000000073e+03	1.422587355494074473e+03
1.200000000000000000e+02	9.259999999999999787e+00	1.345200000000000045e+03	1.345130000000000109e+03	1.386428519050543400e+03
1.200000000000000000e+02	4.370000000000000107e+00	1.290500000000000000e+03	1.297940000000000055e+03	1.340786152352065301e+03
1.500000000000000000e+02	3.453000000000000114e+01	1.339599999999999909e+03	1.339039999999999964e+03	1.501140000747294380e+03
1.500000000000000000e+02	2.883999999999999986e+01	1.290000000000000000e+03	1.289289999999999964e+03	1.309980453963075206e+03
1.500000000000000000e+02	2.367000000000000171e+01	1.240299999999999955e+03	1.239730000000000018e+03	1.287209891909441922e+03
1.500000000000000000e+02	1.842999999999999972e+01	1.184599999999999909e+03	1.184049999999999955e+03	1.132760834585423254e+03
1.500000000000000000e+02	1.266999999999999993e+01	1.114500000000000000e+03	1.114200000000000045e+03	1.057423632326078177e+03
1.500000000000000000e+02	7.259999999999999787e+00	1.036599999999999909e+03	1.036380000000000109e+03	1.025005087253859529e+03
1.500000000000000000e+02	3.020000000000000018e+00	9.621000000000000227e+02	9.620000000000000000e+02	9.559901477649392518e+02
1.700000000000000000e+02	3.146000000000000085e+01	1.183799999999999955e+03	1.183089999999999918e+03	1.346491312185917195e+03
1.700000000000000000e+02	2.698999999999999844e+01	1.135500000000000000e+03	1.134799999999999955e+03	1.234621987277125299e+03
1.700000000000000000e+02	2.076999999999999957e+01	1.059200000000000045e+03	1.058579999999999927e+03	9.191479051086942036e+02
1.700000000000000000e+02	1.753999999999999915e+01	1.013899999999999977e+03	1.013360000000000014e+03	9.859137410689992294e+02
1.700000000000000000e+02	1.300999999999999979e+01	9.407000000000000455e+02	9.404279999999999973e+02	9.099462410124285725e+02
1.700000000000000000e+02	7.769999999999999574e+00	8.335000000000000000e+02	8.333440000000000509e+02	7.881144235319616200e+02
1.700000000000000000e+02	4.530000000000000249e+00	7.428999999999999773e+02	7.431119999999999663e+02	7.278635309456368532e+02
1.840000000000000000e+02	3.425000000000000000e+01	1.129000000000000000e+03	1.128329999999999927e+03	9.737226690734898966e+02
1.840000000000000000e+02	2.787999999999999901e+01	1.055099999999999909e+03	1.054609999999999900e+03	9.648536645581499442e+02
1.840000000000000000e+02	2.251000000000000156e+01	2.828000000000000114e+02	9.823949999999999818e+02	9.229840416061800852e+02
1.840000000000000000e+02	1.785999999999999943e+01	9.090000000000000000e+02	9.087340000000000373e+02	8.767132926969151185e+02
1.840000000000000000e+02	1.383999999999999986e+01	8.318999999999999773e+02	8.319669999999999845e+02	8.212878536172505619e+02
1.840000000000000000e+02	1.043999999999999950e+01	7.512000000000000455e+02	7.510069999999999482e+02	7.342061839567135166e+02
1.840000000000000000e+02	7.719999999999999751e+00	6.666000000000000227e+02	6.663590000000000373e+02	6.531792297395074911e+02
1.840000000000000000e+02	5.769999999999999574e+00	5.798999999999999773e+02	5.823640000000000327e+02	5.473708479875291459e+02
1.840000000000000000e+02	5.299999999999999822e+00	5.527999999999999545e+02	5.562430000000000518e+02	5.160291283935213187e+02
