# Temperature (K)	Pressure (MPa)	Experimental(m/s)	NIST(m/s)	Model(m/s)
3.231499999999999773e+02	2.460000000000000142e+01	5.742699999999999818e+02	5.741330000000000382e+02	7.033135132215263638e+02
2.981499999999999773e+02	5.629999999999999893e+00	4.371399999999999864e+02	4.371159999999999854e+02	3.947032127421729228e+02
2.981499999999999773e+02	1.049000000000000021e+01	4.446100000000000136e+02	4.445070000000000050e+02	4.702298314920759026e+02
2.981499999999999773e+02	1.519999999999999929e+01	4.745000000000000000e+02	4.742269999999999754e+02	5.369048215787410072e+02
2.981499999999999773e+02	1.942000000000000171e+01	5.182500000000000000e+02	5.180850000000000364e+02	5.706892667863106681e+02
2.981499999999999773e+02	2.069999999999999929e+01	5.338799999999999955e+02	5.335399999999999636e+02	6.166337572496723851e+02
2.731499999999999773e+02	1.617999999999999972e+01	4.783600000000000136e+02	4.780289999999999964e+02	5.281592136948661391e+02
2.481500000000000057e+02	1.282000000000000028e+01	4.309100000000000250e+02	4.306730000000000018e+02	4.365301440263345398e+02
2.231500000000000057e+02	9.320000000000000284e+00	3.715600000000000023e+02	3.718240000000000123e+02	3.862031572891426094e+02
1.981500000000000057e+02	5.700000000000000178e+00	2.825899999999999750e+02	2.823570000000000277e+02	2.796089507873035132e+02
1.930500000000000114e+02	4.629999999999999893e+00	2.695199999999999818e+02	2.693589999999999804e+02	2.691372113714064653e+02
1.930500000000000114e+02	4.730000000000000426e+00	2.641700000000000159e+02	2.641019999999999754e+02	2.604540106595643465e+02
1.930500000000000114e+02	4.809999999999999609e+00	2.589399999999999977e+02	2.586120000000000232e+02	2.746579483994906923e+02
1.930500000000000114e+02	4.860000000000000320e+00	2.540800000000000125e+02	2.539159999999999968e+02	2.827980495070892744e+02
1.930500000000000114e+02	4.900000000000000355e+00	2.498499999999999943e+02	2.487849999999999966e+02	2.616100963320419055e+02
1.930500000000000114e+02	4.919999999999999929e+00	2.467400000000000091e+02	2.458379999999999939e+02	2.582716512241804026e+02
1.930500000000000114e+02	4.950000000000000178e+00	2.456699999999999875e+02	2.434519999999999982e+02	2.385437225886792021e+02
1.930500000000000114e+02	4.959999999999999964e+00	2.468199999999999932e+02	2.443110000000000070e+02	3.003573479111012148e+02
1.930500000000000114e+02	4.969999999999999751e+00	2.475099999999999909e+02	2.463069999999999879e+02	3.089101514919173610e+02
1.930500000000000114e+02	4.990000000000000213e+00	2.530999999999999943e+02	2.528350000000000080e+02	2.640423699050061259e+02
1.930500000000000114e+02	5.019999999999999574e+00	2.630699999999999932e+02	2.646630000000000109e+02	2.368736633934622375e+02
1.914499999999999886e+02	4.589999999999999858e+00	2.584399999999999977e+02	2.584010000000000105e+02	2.610199031456475041e+02
1.914499999999999886e+02	4.650000000000000355e+00	2.517500000000000000e+02	2.519879999999999995e+02	3.094958468425718365e+02
1.914499999999999886e+02	4.679999999999999716e+00	2.445300000000000011e+02	2.466740000000000066e+02	2.809828505066576554e+02
1.914499999999999886e+02	4.700000000000000178e+00	2.368300000000000125e+02	2.404639999999999986e+02	2.746241777843736145e+02
1.914499999999999886e+02	4.719999999999999751e+00	2.294699999999999989e+02	2.271430000000000007e+02	2.630679950630450890e+02
1.914499999999999886e+02	4.719999999999999751e+00	2.245000000000000000e+02	2.271430000000000007e+02	2.668831501617524964e+02
1.914499999999999886e+02	4.730000000000000426e+00	2.237199999999999989e+02	2.215519999999999925e+02	2.865805244365270710e+02
1.914499999999999886e+02	4.730000000000000426e+00	2.241100000000000136e+02	2.215519999999999925e+02	2.756530265921746263e+02
1.914499999999999886e+02	4.740000000000000213e+00	2.292100000000000080e+02	2.313689999999999998e+02	2.523725245299340827e+02
1.914499999999999886e+02	4.750000000000000000e+00	2.402199999999999989e+02	2.429159999999999968e+02	2.658283135884203148e+02
2.981499999999999773e+02	1.000000000000000000e+02	1.272950000000000045e+03	1.271359999999999900e+03	1.563835344856524443e+03
2.981499999999999773e+02	1.500000000000000000e+02	1.534000000000000000e+03	1.532670000000000073e+03	1.800339801978285095e+03
2.981499999999999773e+02	2.000000000000000000e+02	1.737349999999999909e+03	1.735930000000000064e+03	1.929133473152404576e+03
2.981499999999999773e+02	2.500000000000000000e+02	1.906529999999999973e+03	1.904910000000000082e+03	2.206730442519780354e+03
2.981499999999999773e+02	3.000000000000000000e+02	2.052750000000000000e+03	2.050949999999999818e+03	2.296552309049583982e+03
2.981499999999999773e+02	3.500000000000000000e+02	2.182309999999999945e+03	2.180420000000000073e+03	2.500502874663484363e+03
2.981499999999999773e+02	4.000000000000000000e+02	2.299139999999999873e+03	2.297250000000000000e+03	2.686697691453552125e+03
2.981499999999999773e+02	4.500000000000000000e+02	2.405880000000000109e+03	2.404099999999999909e+03	2.742860466591481782e+03
2.981499999999999773e+02	5.000000000000000000e+02	2.504380000000000109e+03	2.502809999999999945e+03	2.913828956153573927e+03
2.981499999999999773e+02	5.500000000000000000e+02	2.596039999999999964e+03	2.594750000000000000e+03	2.905456941578735496e+03
2.981499999999999773e+02	6.000000000000000000e+02	2.681880000000000109e+03	2.680949999999999818e+03	3.059069830967045618e+03
2.981499999999999773e+02	6.500000000000000000e+02	2.762710000000000036e+03	2.762210000000000036e+03	3.065296197581359593e+03
2.981499999999999773e+02	7.000000000000000000e+02	2.839179999999999836e+03	2.839170000000000073e+03	2.977757447661483184e+03
2.981499999999999773e+02	7.500000000000000000e+02	2.911820000000000164e+03	2.912329999999999927e+03	3.235110015751949959e+03
2.981499999999999773e+02	8.000000000000000000e+02	2.981039999999999964e+03	2.982130000000000109e+03	3.124142911455069225e+03
2.981499999999999773e+02	8.500000000000000000e+02	3.047219999999999800e+03	3.048920000000000073e+03	3.292983785730350064e+03
2.981499999999999773e+02	9.000000000000000000e+02	3.110650000000000091e+03	3.112980000000000018e+03	3.291721531038270768e+03
2.981499999999999773e+02	9.500000000000000000e+02	3.171590000000000146e+03	3.174579999999999927e+03	3.551388437933809655e+03
2.981499999999999773e+02	1.000000000000000000e+03	3.230260000000000218e+03	3.233920000000000073e+03	3.544452430530169295e+03
2.731499999999999773e+02	1.000000000000000000e+02	1.330390000000000100e+03	1.327440000000000055e+03	1.439646294803862929e+03
2.731499999999999773e+02	1.500000000000000000e+02	1.586049999999999955e+03	1.585430000000000064e+03	1.687920885140486916e+03
2.731499999999999773e+02	2.000000000000000000e+02	1.787000000000000000e+03	1.785730000000000018e+03	1.760362593931478614e+03
2.731499999999999773e+02	2.500000000000000000e+02	1.954269999999999982e+03	1.952230000000000018e+03	2.006549720608732969e+03
2.731499999999999773e+02	3.000000000000000000e+02	2.098679999999999836e+03	2.096150000000000091e+03	2.143203955671353469e+03
2.731499999999999773e+02	3.500000000000000000e+02	2.226469999999999800e+03	2.223769999999999982e+03	2.266204353437241934e+03
2.731499999999999773e+02	4.000000000000000000e+02	2.341610000000000127e+03	2.338980000000000018e+03	2.464853645407028125e+03
2.731499999999999773e+02	4.500000000000000000e+02	2.446750000000000000e+03	2.444369999999999891e+03	2.569702647879757933e+03
2.731499999999999773e+02	5.000000000000000000e+02	2.543760000000000218e+03	2.541769999999999982e+03	2.782100052260589109e+03
2.731499999999999773e+02	5.500000000000000000e+02	2.634030000000000200e+03	2.632510000000000218e+03	2.811553978534914222e+03
2.731499999999999773e+02	6.000000000000000000e+02	2.718579999999999927e+03	2.717610000000000127e+03	2.860070300391207184e+03
2.731499999999999773e+02	6.500000000000000000e+02	2.798250000000000000e+03	2.797849999999999909e+03	2.939195678861307897e+03
2.731499999999999773e+02	7.000000000000000000e+02	2.873659999999999854e+03	2.873849999999999909e+03	2.888255837945155690e+03
2.731499999999999773e+02	7.500000000000000000e+02	2.945329999999999927e+03	2.946130000000000109e+03	2.993834156883054220e+03
2.731499999999999773e+02	8.000000000000000000e+02	3.013699999999999818e+03	3.015099999999999909e+03	3.062934795381147069e+03
2.731499999999999773e+02	8.500000000000000000e+02	3.079110000000000127e+03	3.081099999999999909e+03	3.134435896435452833e+03
2.731499999999999773e+02	9.000000000000000000e+02	3.141849999999999909e+03	3.144420000000000073e+03	3.174666692020064602e+03
2.731499999999999773e+02	9.500000000000000000e+02	3.202199999999999818e+03	3.205309999999999945e+03	3.300166038088236746e+03
2.731499999999999773e+02	1.000000000000000000e+03	3.260349999999999909e+03	3.263980000000000018e+03	3.191576349528821538e+03
2.481500000000000057e+02	1.000000000000000000e+02	1.392990000000000009e+03	1.391779999999999973e+03	1.390742339637400846e+03
2.481500000000000057e+02	1.500000000000000000e+02	1.644940000000000055e+03	1.643849999999999909e+03	1.628298530820562291e+03
2.481500000000000057e+02	2.000000000000000000e+02	1.841119999999999891e+03	1.839829999999999927e+03	1.741256936741469190e+03
2.481500000000000057e+02	2.500000000000000000e+02	2.004599999999999909e+03	2.002960000000000036e+03	1.947474211052027613e+03
2.481500000000000057e+02	3.000000000000000000e+02	2.146110000000000127e+03	2.144130000000000109e+03	2.052335402164056632e+03
2.481500000000000057e+02	3.500000000000000000e+02	2.271659999999999854e+03	2.269429999999999836e+03	2.239558148011654794e+03
2.481500000000000057e+02	4.000000000000000000e+02	2.385000000000000000e+03	2.382630000000000109e+03	2.214698511485491053e+03
2.481500000000000057e+02	4.500000000000000000e+02	2.488630000000000109e+03	2.486260000000000218e+03	2.424043649932287735e+03
2.481500000000000057e+02	5.000000000000000000e+02	2.584340000000000146e+03	2.582079999999999927e+03	2.445879919065556805e+03
2.481500000000000057e+02	5.500000000000000000e+02	2.673420000000000073e+03	2.671389999999999873e+03	2.474935469238573660e+03
2.481500000000000057e+02	6.000000000000000000e+02	2.756880000000000109e+03	2.755190000000000055e+03	2.676213349971757452e+03
2.481500000000000057e+02	6.500000000000000000e+02	2.835500000000000000e+03	2.834239999999999782e+03	2.692257345930126576e+03
2.481500000000000057e+02	7.000000000000000000e+02	2.909880000000000109e+03	2.909139999999999873e+03	2.808955218614394198e+03
2.481500000000000057e+02	7.500000000000000000e+02	2.980539999999999964e+03	2.980400000000000091e+03	2.827261187222144599e+03
2.481500000000000057e+02	8.000000000000000000e+02	3.047880000000000109e+03	3.048400000000000091e+03	2.813684131997718850e+03
2.481500000000000057e+02	8.500000000000000000e+02	3.112250000000000000e+03	3.113500000000000000e+03	2.904264111022551788e+03
2.481500000000000057e+02	9.000000000000000000e+02	3.173949999999999818e+03	3.175980000000000018e+03	3.082204306874286885e+03
2.231500000000000057e+02	1.000000000000000000e+02	1.469279999999999973e+03	1.464920000000000073e+03	1.268444780001625531e+03
2.231500000000000057e+02	1.500000000000000000e+02	1.711440000000000055e+03	1.708349999999999909e+03	1.511287564395739764e+03
2.231500000000000057e+02	2.000000000000000000e+02	1.901920000000000073e+03	1.898569999999999936e+03	1.644613015978584826e+03
2.231500000000000057e+02	2.500000000000000000e+02	2.060429999999999836e+03	2.057380000000000109e+03	1.845493711925020079e+03
2.231500000000000057e+02	3.000000000000000000e+02	2.197710000000000036e+03	2.195130000000000109e+03	1.955504099593253386e+03
2.231500000000000057e+02	3.500000000000000000e+02	2.319820000000000164e+03	2.317590000000000146e+03	2.176646436206570343e+03
2.231500000000000057e+02	4.000000000000000000e+02	2.430429999999999836e+03	2.428380000000000109e+03	2.139358386748858265e+03
2.231500000000000057e+02	4.500000000000000000e+02	2.531900000000000091e+03	2.529900000000000091e+03	2.313329286198668342e+03
2.231500000000000057e+02	5.000000000000000000e+02	2.625889999999999873e+03	2.623860000000000127e+03	2.328763897686165819e+03
2.231500000000000057e+02	5.500000000000000000e+02	2.713539999999999964e+03	2.711510000000000218e+03	2.418877078164420709e+03
2.231500000000000057e+02	6.000000000000000000e+02	2.795730000000000018e+03	2.793800000000000182e+03	2.410159009621593214e+03
2.231500000000000057e+02	6.500000000000000000e+02	2.873130000000000109e+03	2.871469999999999800e+03	2.469318692280504820e+03
2.231500000000000057e+02	7.000000000000000000e+02	2.946260000000000218e+03	2.945099999999999909e+03	2.596772924950322704e+03
2.231500000000000057e+02	7.500000000000000000e+02	3.015550000000000182e+03	3.015179999999999836e+03	2.565179198341914798e+03
1.981500000000000057e+02	1.000000000000000000e+02	1.546829999999999927e+03	1.547430000000000064e+03	1.176503598660181751e+03
1.981500000000000057e+02	1.500000000000000000e+02	1.778109999999999900e+03	1.779549999999999955e+03	1.367628464909499144e+03
1.981500000000000057e+02	2.000000000000000000e+02	1.961039999999999964e+03	1.962490000000000009e+03	1.526516586168758749e+03
1.981500000000000057e+02	2.500000000000000000e+02	2.114820000000000164e+03	2.116010000000000218e+03	1.675652364490558739e+03
1.981500000000000057e+02	3.000000000000000000e+02	2.248760000000000218e+03	2.249619999999999891e+03	1.787409030492735837e+03
1.981500000000000057e+02	3.500000000000000000e+02	2.368130000000000109e+03	2.368699999999999818e+03	1.868489896258676481e+03
1.981500000000000057e+02	4.000000000000000000e+02	2.476300000000000182e+03	2.476630000000000109e+03	1.986372050496391466e+03
1.981500000000000057e+02	4.500000000000000000e+02	2.575519999999999982e+03	2.575690000000000055e+03	2.064818353993739038e+03
1.981500000000000057e+02	5.000000000000000000e+02	2.667409999999999854e+03	2.667489999999999782e+03	2.159950513441209296e+03
1.981500000000000057e+02	5.500000000000000000e+02	2.753150000000000091e+03	2.753210000000000036e+03	2.154918943853231212e+03
3.001499999999999773e+02	5.169999999999999929e+00	4.070000000000000000e+02	4.392529999999999859e+02	4.006641857980328041e+02
3.001499999999999773e+02	6.209999999999999964e+00	4.070000000000000000e+02	4.388380000000000223e+02	4.035082142809696961e+02
3.001499999999999773e+02	7.580000000000000071e+00	4.110000000000000000e+02	4.395169999999999959e+02	4.374296890393550257e+02
3.001499999999999773e+02	8.830000000000000071e+00	4.190000000000000000e+02	4.415049999999999955e+02	4.479138549915846852e+02
3.001499999999999773e+02	9.650000000000000355e+00	4.260000000000000000e+02	4.435880000000000223e+02	4.979989433292627155e+02
3.001499999999999773e+02	1.075999999999999979e+01	4.300000000000000000e+02	4.474510000000000218e+02	4.699479319266073389e+02
3.001499999999999773e+02	1.075999999999999979e+01	4.340000000000000000e+02	4.474510000000000218e+02	4.360776937691405806e+02
2.100000000000000000e+02	3.407000000000000028e+01	9.870000000000000000e+02	9.867229999999999563e+02	6.526892620761107082e+02
2.100000000000000000e+02	2.760000000000000142e+01	8.980000000000000000e+02	8.981539999999999964e+02	5.952907759859149337e+02
2.100000000000000000e+02	2.226000000000000156e+01	8.097999999999999545e+02	8.099980000000000473e+02	5.630979941640518973e+02
2.100000000000000000e+02	1.748999999999999844e+01	7.115000000000000000e+02	7.120309999999999491e+02	5.156776424708308468e+02
2.100000000000000000e+02	1.483000000000000007e+01	6.438999999999999773e+02	6.440829999999999700e+02	4.238097496238572717e+02
2.100000000000000000e+02	1.269999999999999929e+01	5.775000000000000000e+02	5.781390000000000100e+02	3.641918555682754572e+02
2.100000000000000000e+02	1.093999999999999950e+01	5.115000000000000000e+02	5.114619999999999891e+02	3.604440152233054278e+02
2.100000000000000000e+02	1.016999999999999993e+01	4.770000000000000000e+02	4.773430000000000177e+02	3.785345024185746183e+02
2.100000000000000000e+02	9.650000000000000355e+00	4.511999999999999886e+02	4.521709999999999923e+02	3.554647439897116215e+02
2.400000000000000000e+02	3.464000000000000057e+01	8.635000000000000000e+02	8.632319999999999709e+02	8.065980590864776332e+02
2.400000000000000000e+02	2.910999999999999943e+01	7.827000000000000455e+02	7.823360000000000127e+02	7.138514349687834510e+02
2.400000000000000000e+02	2.466000000000000014e+01	7.070000000000000000e+02	7.067050000000000409e+02	5.929659404563376484e+02
2.400000000000000000e+02	2.089000000000000057e+01	6.326000000000000227e+02	6.324640000000000555e+02	5.223963576478910227e+02
2.400000000000000000e+02	1.889000000000000057e+01	5.887999999999999545e+02	5.883700000000000045e+02	5.456117355018460557e+02
2.400000000000000000e+02	1.683999999999999986e+01	5.402000000000000455e+02	5.395950000000000273e+02	5.206999287819201072e+02
2.400000000000000000e+02	1.518999999999999950e+01	4.983999999999999773e+02	4.982099999999999795e+02	4.516708774119579175e+02
2.400000000000000000e+02	1.407000000000000028e+01	4.698000000000000114e+02	4.697060000000000173e+02	4.707994178568724806e+02
2.700000000000000000e+02	3.477000000000000313e+01	7.715000000000000000e+02	7.713509999999999991e+02	7.440212475957069955e+02
2.700000000000000000e+02	3.048999999999999844e+01	7.112000000000000455e+02	7.110720000000000027e+02	6.646620987633322102e+02
2.700000000000000000e+02	2.596999999999999886e+01	6.416000000000000227e+02	6.413239999999999554e+02	6.671374163689420129e+02
2.700000000000000000e+02	2.183999999999999986e+01	5.727999999999999545e+02	5.726309999999999718e+02	6.046617739595149033e+02
3.000000000000000000e+02	3.484000000000000341e+01	7.138999999999999773e+02	7.135810000000000173e+02	7.679012613833322121e+02
3.000000000000000000e+02	2.973000000000000043e+01	6.495000000000000000e+02	6.491730000000000018e+02	7.220293221935854717e+02
3.000000000000000000e+02	2.730000000000000071e+01	6.180000000000000000e+02	6.176180000000000518e+02	6.789326121590200955e+02
3.000000000000000000e+02	2.462999999999999901e+01	5.803999999999999773e+02	5.828210000000000264e+02	6.444107713701723696e+02
3.000000000000000000e+02	2.098000000000000043e+01	5.372999999999999545e+02	5.366159999999999854e+02	6.259949726126112637e+02
3.000000000000000000e+02	1.758999999999999986e+01	5.073999999999999773e+02	4.979789999999999850e+02	5.556511363187452162e+02
3.000000000000000000e+02	1.257000000000000028e+01	4.635000000000000000e+02	4.563070000000000164e+02	4.628919263137386224e+02
3.000000000000000000e+02	7.799999999999999822e+00	4.456000000000000227e+02	4.396220000000000141e+02	3.672486138920239114e+02
2.400000000000000000e+02	1.447000000000000064e+01	4.808000000000000114e+02	4.798720000000000141e+02	4.504549038505365388e+02
2.400000000000000000e+02	1.253999999999999915e+01	4.331000000000000227e+02	4.320099999999999909e+02	4.459949812310196080e+02
2.400000000000000000e+02	1.250000000000000000e+01	4.315000000000000000e+02	4.310720000000000027e+02	4.007997476346924373e+02
2.400000000000000000e+02	1.017999999999999972e+01	3.876000000000000227e+02	3.860600000000000023e+02	3.507264785005409635e+02
2.400000000000000000e+02	9.779999999999999361e+00	3.816000000000000227e+02	3.808530000000000086e+02	3.516507820666316775e+02
2.400000000000000000e+02	8.109999999999999432e+00	3.706000000000000227e+02	3.682330000000000041e+02	3.572288685726749122e+02
2.400000000000000000e+02	7.639999999999999680e+00	3.681999999999999886e+02	3.670210000000000150e+02	3.676973965100731903e+02
2.400000000000000000e+02	6.230000000000000426e+00	3.690000000000000000e+02	3.678840000000000146e+02	3.262126653176901527e+02
2.400000000000000000e+02	5.450000000000000178e+00	3.718999999999999773e+02	3.705000000000000000e+02	3.300680464599667516e+02
2.100000000000000000e+02	9.869999999999999218e+00	4.628999999999999773e+02	4.630450000000000159e+02	3.762380035284783162e+02
2.100000000000000000e+02	8.720000000000000639e+00	4.003999999999999773e+02	4.024340000000000259e+02	3.308943979554373982e+02
2.100000000000000000e+02	7.950000000000000178e+00	3.575000000000000000e+02	3.581139999999999759e+02	3.911154756349957893e+02
2.100000000000000000e+02	6.809999999999999609e+00	3.131000000000000227e+02	3.136779999999999973e+02	3.276384501148115760e+02
2.100000000000000000e+02	5.809999999999999609e+00	3.116000000000000227e+02	3.118829999999999814e+02	3.692467383244848520e+02
2.550000000000000000e+02	6.940000000000000391e+00	3.883899999999999864e+02	3.883120000000000118e+02	3.396786345284355662e+02
2.550000000000000000e+02	6.330000000000000071e+00	3.889900000000000091e+02	3.889429999999999836e+02	3.629003039313635099e+02
2.550000000000000000e+02	5.730000000000000426e+00	3.901700000000000159e+02	3.901379999999999768e+02	3.455591965642002492e+02
2.550000000000000000e+02	5.080000000000000071e+00	3.919900000000000091e+02	3.919780000000000086e+02	3.323997139431052688e+02
2.731600000000000250e+02	7.089999999999999858e+00	4.108199999999999932e+02	4.107710000000000150e+02	4.069101994066813859e+02
2.731600000000000250e+02	6.559999999999999609e+00	4.109200000000000159e+02	4.108779999999999859e+02	4.010160321994064816e+02
2.731600000000000250e+02	5.679999999999999716e+00	4.117599999999999909e+02	4.117549999999999955e+02	3.522429797122956643e+02
2.731600000000000250e+02	4.839999999999999858e+00	4.133000000000000114e+02	4.133029999999999973e+02	3.590719062355863684e+02
3.000000000000000000e+02	7.120000000000000107e+00	4.390199999999999818e+02	4.389780000000000086e+02	4.253649654922679701e+02
3.000000000000000000e+02	6.250000000000000000e+00	4.387200000000000273e+02	4.386960000000000264e+02	4.060700847833363696e+02
3.000000000000000000e+02	5.530000000000000249e+00	4.388999999999999773e+02	4.388870000000000005e+02	3.810284376069660652e+02
3.000000000000000000e+02	4.889999999999999680e+00	4.393700000000000045e+02	4.393539999999999850e+02	3.967289902913315700e+02
3.500000000000000000e+02	7.179999999999999716e+00	4.814399999999999977e+02	4.815369999999999777e+02	4.591867097992986828e+02
3.500000000000000000e+02	6.200000000000000178e+00	4.803100000000000023e+02	4.803999999999999773e+02	4.434359294014900001e+02
3.500000000000000000e+02	5.129999999999999893e+00	4.795099999999999909e+02	4.796329999999999814e+02	4.327364290543612810e+02
2.931499999999999773e+02	4.900000000000000355e+00	4.353999999999999773e+02	4.330539999999999736e+02	4.346072671121776807e+02
2.931499999999999773e+02	5.879999999999999893e+00	4.348000000000000114e+02	4.322219999999999800e+02	4.145058751328038511e+02
2.931499999999999773e+02	6.860000000000000320e+00	4.345000000000000000e+02	4.321299999999999955e+02	4.129964959527466704e+02
2.931499999999999773e+02	7.839999999999999858e+00	4.350000000000000000e+02	4.328709999999999809e+02	3.877614273778838765e+02
2.931499999999999773e+02	8.820000000000000284e+00	4.361999999999999886e+02	4.345339999999999918e+02	4.083743746542082249e+02
2.931499999999999773e+02	9.800000000000000711e+00	4.391000000000000227e+02	4.371970000000000027e+02	4.718393056433924926e+02
2.931499999999999773e+02	1.077999999999999936e+01	4.428000000000000114e+02	4.409250000000000114e+02	3.993517395817002011e+02
2.931499999999999773e+02	1.175999999999999979e+01	4.476999999999999886e+02	4.457610000000000241e+02	4.761834036260665926e+02
3.231499999999999773e+02	4.900000000000000355e+00	4.596000000000000227e+02	4.590480000000000018e+02	3.741992105189565905e+02
3.231499999999999773e+02	5.879999999999999893e+00	4.598999999999999773e+02	4.590969999999999800e+02	4.238035767548682884e+02
3.231499999999999773e+02	6.860000000000000320e+00	4.610000000000000000e+02	4.596720000000000255e+02	4.653477599724112110e+02
3.231499999999999773e+02	7.839999999999999858e+00	4.625000000000000000e+02	4.608140000000000214e+02	4.755381389226222950e+02
3.231499999999999773e+02	8.820000000000000284e+00	4.641999999999999886e+02	4.625590000000000259e+02	5.213002995952416541e+02
3.231499999999999773e+02	9.800000000000000711e+00	4.599999999999999645e+00	4.649379999999999882e+02	5.044822831123569813e+02
3.231499999999999773e+02	1.077999999999999936e+01	4.700000000000000000e+02	4.679750000000000227e+02	5.175065234150141578e+02
3.231499999999999773e+02	1.175999999999999979e+01	4.738000000000000114e+02	4.716859999999999786e+02	5.483395431926134052e+02
3.481499999999999773e+02	4.900000000000000355e+00	4.783999999999999773e+02	4.781859999999999786e+02	4.099744548172426448e+02
3.481499999999999773e+02	5.879999999999999893e+00	4.790000000000000000e+02	4.787440000000000282e+02	4.296106757383038257e+02
3.481499999999999773e+02	6.860000000000000320e+00	4.798999999999999773e+02	4.797180000000000177e+02	5.129139986019179105e+02
3.481499999999999773e+02	7.839999999999999858e+00	4.815000000000000000e+02	4.811279999999999859e+02	4.880286814583492969e+02
3.481499999999999773e+02	8.820000000000000284e+00	4.838000000000000114e+02	4.829920000000000186e+02	4.492407607306951718e+02
3.481499999999999773e+02	9.800000000000000711e+00	4.863999999999999773e+02	4.853269999999999982e+02	4.954319738089906195e+02
3.481499999999999773e+02	1.077999999999999936e+01	4.898000000000000114e+02	4.881429999999999723e+02	4.894949459197447936e+02
3.481499999999999773e+02	1.175999999999999979e+01	4.948000000000000114e+02	4.914479999999999791e+02	5.087254849740772897e+02
3.731499999999999773e+02	4.900000000000000355e+00	4.956999999999999886e+02	4.956519999999999868e+02	4.761088095996050242e+02
3.731499999999999773e+02	5.879999999999999893e+00	4.966000000000000227e+02	4.965930000000000177e+02	4.816461484416741996e+02
3.731499999999999773e+02	6.860000000000000320e+00	4.981000000000000227e+02	4.978700000000000045e+02	5.071976598533424294e+02
3.731499999999999773e+02	7.839999999999999858e+00	4.998999999999999773e+02	4.994940000000000282e+02	5.004759428915779722e+02
3.731499999999999773e+02	8.820000000000000284e+00	5.018000000000000114e+02	5.014759999999999991e+02	5.252989239094808909e+02
3.731499999999999773e+02	9.800000000000000711e+00	5.041000000000000227e+02	5.038220000000000027e+02	5.427581057820231081e+02
3.731499999999999773e+02	1.077999999999999936e+01	5.076999999999999886e+02	5.065389999999999873e+02	6.045689681553297987e+02
3.731499999999999773e+02	1.175999999999999979e+01	5.108000000000000114e+02	5.096279999999999859e+02	5.683053097855535043e+02
3.981499999999999773e+02	4.900000000000000355e+00	5.111000000000000227e+02	5.118399999999999750e+02	5.348870183263654781e+02
3.981499999999999773e+02	5.879999999999999893e+00	5.126000000000000227e+02	5.130760000000000218e+02	4.740984764778306726e+02
3.981499999999999773e+02	6.860000000000000320e+00	5.138999999999999773e+02	5.145890000000000555e+02	5.318941408369530564e+02
3.981499999999999773e+02	7.839999999999999858e+00	5.158999999999999773e+02	5.163869999999999436e+02	5.200084154680312167e+02
3.981499999999999773e+02	8.820000000000000284e+00	5.182000000000000455e+02	5.184719999999999800e+02	5.929182340282975474e+02
3.981499999999999773e+02	9.800000000000000711e+00	5.202999999999999545e+02	5.208500000000000227e+02	5.640576370738828018e+02
3.981499999999999773e+02	1.077999999999999936e+01	5.232999999999999545e+02	5.235220000000000482e+02	5.651333805177184786e+02
3.981499999999999773e+02	1.175999999999999979e+01	5.267999999999999545e+02	5.264890000000000327e+02	6.092220760097969787e+02
4.231499999999999773e+02	4.900000000000000355e+00	5.252000000000000455e+02	5.270280000000000200e+02	5.249996145795327038e+02
4.231499999999999773e+02	5.879999999999999893e+00	5.267999999999999545e+02	5.284969999999999573e+02	5.771266427863356512e+02
4.231499999999999773e+02	6.860000000000000320e+00	5.282000000000000455e+02	5.301979999999999791e+02	5.818383512159566635e+02
4.231499999999999773e+02	7.839999999999999858e+00	5.302000000000000455e+02	5.321359999999999673e+02	5.576415135094750894e+02
4.231499999999999773e+02	8.820000000000000284e+00	5.326000000000000227e+02	5.343110000000000355e+02	5.483498434589237149e+02
4.231499999999999773e+02	9.800000000000000711e+00	5.350000000000000000e+02	5.367259999999999991e+02	5.581856272795167797e+02
4.231499999999999773e+02	1.077999999999999936e+01	5.380000000000000000e+02	5.393809999999999718e+02	5.452415474557381003e+02
4.231499999999999773e+02	1.175999999999999979e+01	5.420000000000000000e+02	5.422740000000000009e+02	5.415987464952756909e+02
