# Temperature (K)	Pressure (MPa)	Experimental(m/s)	NIST(m/s)	Model(m/s)
2.981499999999999773e+02	2.379999999999999893e+00	4.419300000000000068e+02	4.420120000000000005e+02	4.048511678297572303e+02
1.930500000000000114e+02	7.800000000000000266e-01	3.531999999999999886e+02	3.532590000000000146e+02	3.879488610412601588e+02
1.930500000000000114e+02	1.560000000000000053e+00	3.406399999999999864e+02	3.407180000000000177e+02	5.146345515620744209e+02
1.930500000000000114e+02	2.240000000000000213e+00	3.286899999999999977e+02	3.288199999999999932e+02	5.079967199524121497e+02
1.930500000000000114e+02	2.819999999999999840e+00	3.177099999999999795e+02	3.177429999999999950e+02	5.820265425020121484e+02
1.930500000000000114e+02	3.310000000000000053e+00	3.075199999999999818e+02	3.074820000000000277e+02	4.951128665664966775e+02
1.930500000000000114e+02	3.700000000000000178e+00	2.982699999999999818e+02	2.984719999999999800e+02	3.584513367815718539e+02
1.930500000000000114e+02	4.030000000000000249e+00	2.899200000000000159e+02	2.899460000000000264e+02	5.038467297801055338e+02
1.930500000000000114e+02	4.280000000000000249e+00	2.823899999999999864e+02	2.825749999999999886e+02	4.938453992026927040e+02
1.930500000000000114e+02	4.480000000000000426e+00	2.756499999999999773e+02	2.756630000000000109e+02	3.250997217394144059e+02
1.908499999999999943e+02	4.530000000000000249e+00	2.561200000000000045e+02	2.568170000000000073e+02	4.863371374484568719e+02
1.906299999999999955e+02	4.509999999999999787e+00	2.552400000000000091e+02	2.560539999999999736e+02	4.380415553737029768e+02
1.905600000000000023e+02	4.509999999999999787e+00	2.549600000000000080e+02	2.551419999999999959e+02	4.769152684887432088e+02
1.905000000000000000e+02	7.700000000000000178e-01	3.505199999999999818e+02	3.505559999999999832e+02	5.195876747153419046e+02
1.905000000000000000e+02	1.540000000000000036e+00	3.376000000000000227e+02	3.375799999999999841e+02	4.285994048074238663e+02
1.905000000000000000e+02	2.200000000000000178e+00	3.252699999999999818e+02	3.253670000000000186e+02	4.772757773153078915e+02
1.905000000000000000e+02	2.759999999999999787e+00	3.138799999999999955e+02	3.139270000000000209e+02	4.524731006917179457e+02
1.905000000000000000e+02	3.229999999999999982e+00	3.032200000000000273e+02	3.032320000000000277e+02	4.844240425866892679e+02
1.905000000000000000e+02	3.600000000000000089e+00	2.935500000000000114e+02	2.937280000000000086e+02	4.931041978303613291e+02
1.905000000000000000e+02	3.899999999999999911e+00	2.846700000000000159e+02	2.848349999999999795e+02	4.866920980220946262e+02
1.905000000000000000e+02	4.129999999999999893e+00	2.765199999999999818e+02	2.766879999999999882e+02	3.575788590936809896e+02
1.905000000000000000e+02	4.299999999999999822e+00	2.690000000000000000e+02	2.691630000000000109e+02	4.834168750422454650e+02
1.905000000000000000e+02	4.419999999999999929e+00	2.617200000000000273e+02	2.621299999999999955e+02	5.020034030149087130e+02
1.905000000000000000e+02	4.500000000000000000e+00	2.546999999999999886e+02	2.554089999999999918e+02	3.390823351789038043e+02
1.904300000000000068e+02	4.490000000000000213e+00	2.544199999999999875e+02	2.555449999999999875e+02	3.512482794896547489e+02
1.904300000000000068e+02	4.540000000000000036e+00	2.461100000000000136e+02	2.487510000000000048e+02	4.650363215487302568e+02
1.902500000000000000e+02	4.290000000000000036e+00	2.683199999999999932e+02	2.681000000000000227e+02	4.315150964735613002e+02
1.902500000000000000e+02	4.400000000000000355e+00	2.609100000000000250e+02	2.613550000000000182e+02	4.941698588427714753e+02
1.902500000000000000e+02	4.480000000000000426e+00	2.536599999999999966e+02	2.542040000000000077e+02	4.295611469501916417e+02
1.902500000000000000e+02	4.519999999999999574e+00	2.449600000000000080e+02	2.483429999999999893e+02	4.305116130603221904e+02
1.896500000000000057e+02	3.859999999999999876e+00	2.828600000000000136e+02	2.829730000000000132e+02	5.033482874583156672e+02
1.896500000000000057e+02	4.080000000000000071e+00	2.745000000000000000e+02	2.746429999999999723e+02	3.915213670331049798e+02
1.896500000000000057e+02	4.250000000000000000e+00	2.666899999999999977e+02	2.663290000000000077e+02	4.769352621818446210e+02
1.896500000000000057e+02	4.360000000000000320e+00	2.589100000000000250e+02	2.588000000000000114e+02	3.231231986357962001e+02
1.896500000000000057e+02	4.419999999999999929e+00	2.510200000000000102e+02	2.526659999999999968e+02	4.798681472800775509e+02
1.896500000000000057e+02	4.459999999999999964e+00	2.405399999999999920e+02	2.455889999999999986e+02	4.982976289943161987e+02
1.881500000000000057e+02	7.600000000000000089e-01	3.480199999999999818e+02	3.480509999999999877e+02	6.295622978486683223e+02
1.881500000000000057e+02	1.510000000000000009e+00	3.347500000000000000e+02	3.348570000000000277e+02	4.669054564175895052e+02
1.881500000000000057e+02	2.160000000000000142e+00	3.220799999999999841e+02	3.221949999999999932e+02	5.336251732287859113e+02
1.881500000000000057e+02	2.709999999999999964e+00	3.103000000000000114e+02	3.102189999999999941e+02	5.386580118832063135e+02
1.881500000000000057e+02	3.149999999999999911e+00	2.992300000000000182e+02	2.993790000000000191e+02	4.183465314928541261e+02
1.881500000000000057e+02	3.509999999999999787e+00	2.890799999999999841e+02	2.891259999999999764e+02	3.622878795623083192e+02
1.881500000000000057e+02	3.790000000000000036e+00	2.796499999999999773e+02	2.795659999999999741e+02	4.861896018808430995e+02
1.881500000000000057e+02	3.990000000000000213e+00	2.708700000000000045e+02	2.709940000000000282e+02	3.676138849426907314e+02
1.881500000000000057e+02	4.139999999999999680e+00	2.623899999999999864e+02	2.623399999999999750e+02	4.974736091565892480e+02
1.881500000000000057e+02	4.230000000000000426e+00	2.534499999999999886e+02	2.546570000000000107e+02	4.831375844285831249e+02
1.831500000000000057e+02	7.399999999999999911e-01	3.426299999999999955e+02	3.426170000000000186e+02	6.167493068748318592e+02
1.831500000000000057e+02	1.459999999999999964e+00	3.286100000000000136e+02	3.286990000000000123e+02	4.071714284622077002e+02
1.831500000000000057e+02	2.080000000000000071e+00	3.151000000000000227e+02	3.151650000000000205e+02	4.676754765685268467e+02
1.831500000000000057e+02	2.589999999999999858e+00	3.024100000000000250e+02	3.023740000000000236e+02	4.123741141250603164e+02
1.831500000000000057e+02	2.990000000000000213e+00	2.903999999999999773e+02	2.905570000000000164e+02	4.471835687564102386e+02
1.831500000000000057e+02	3.310000000000000053e+00	2.791499999999999773e+02	2.789069999999999823e+02	3.643464547351863985e+02
1.831500000000000057e+02	3.540000000000000036e+00	2.683899999999999864e+02	2.678199999999999932e+02	4.567080093588099317e+02
1.731500000000000057e+02	6.899999999999999467e-01	3.315199999999999818e+02	3.315919999999999845e+02	5.784637884505124248e+02
1.731500000000000057e+02	1.360000000000000098e+00	3.158199999999999932e+02	3.158369999999999891e+02	4.967913072675567037e+02
1.731500000000000057e+02	1.909999999999999920e+00	3.004200000000000159e+02	3.005070000000000050e+02	4.893238880346828523e+02
1.731500000000000057e+02	2.339999999999999858e+00	2.857200000000000273e+02	2.856560000000000059e+02	5.385754462133677407e+02
1.631500000000000057e+02	6.500000000000000222e-01	3.198999999999999773e+02	3.198349999999999795e+02	5.373280074231521439e+02
1.631500000000000057e+02	1.260000000000000009e+00	3.022200000000000273e+02	3.020810000000000173e+02	5.098810135482713122e+02
1.631500000000000057e+02	1.739999999999999991e+00	2.846200000000000045e+02	2.842169999999999845e+02	4.822010403152663116e+02
1.531500000000000057e+02	5.999999999999999778e-01	3.077400000000000091e+02	3.077459999999999809e+02	4.760650005733756416e+02
1.431500000000000057e+02	5.600000000000000533e-01	2.948700000000000045e+02	2.945880000000000223e+02	7.167973013878130359e+02
1.900300000000000011e+02	4.519999999999999574e+00	2.297100000000000080e+02	2.400060000000000002e+02	3.517905287042937630e+02
1.899699999999999989e+02	4.519999999999999574e+00	2.300099999999999909e+02	2.600779999999999745e+02	3.528141995694189177e+02
1.896500000000000057e+02	4.469999999999999751e+00	2.359000000000000057e+02	2.683929999999999723e+02	3.829731728424330868e+02
1.896500000000000057e+02	4.469999999999999751e+00	2.359000000000000057e+02	2.683929999999999723e+02	3.917607366027945091e+02
1.886999999999999886e+02	4.339999999999999858e+00	2.461699999999999875e+02	3.039610000000000127e+02	3.624439987178446927e+02
1.885999999999999943e+02	4.330000000000000071e+00	2.459499999999999886e+02	3.087989999999999782e+02	4.104016842015748239e+02
1.875999999999999943e+02	4.190000000000000391e+00	2.512700000000000102e+02	2.521980000000000075e+02	5.442681047631414231e+02
1.874499999999999886e+02	4.169999999999999929e+00	2.512400000000000091e+02	2.526610000000000014e+02	4.821969151255851784e+02
1.860999999999999943e+02	3.990000000000000213e+00	2.561499999999999773e+02	2.565830000000000268e+02	3.751858644373660923e+02
1.841500000000000057e+02	3.750000000000000000e+00	2.605000000000000000e+02	2.602930000000000064e+02	4.800095052910711502e+02
1.839000000000000057e+02	3.729999999999999982e+00	2.603600000000000136e+02	4.222970000000000255e+02	4.268995182164463813e+02
1.831500000000000057e+02	3.640000000000000124e+00	2.617099999999999795e+02	4.374060000000000059e+02	4.964978577172967107e+02
1.742500000000000000e+02	2.700000000000000178e+00	2.736800000000000068e+02	2.730609999999999786e+02	4.720485869900605849e+02
1.739499999999999886e+02	2.680000000000000160e+00	2.736399999999999864e+02	5.979740000000000464e+02	3.774865135479420815e+02
1.731500000000000057e+02	2.600000000000000089e+00	2.744399999999999977e+02	2.740579999999999927e+02	4.637784497041394047e+02
1.691500000000000057e+02	2.240000000000000213e+00	2.786399999999999864e+02	2.782060000000000173e+02	4.752934381705538840e+02
1.550500000000000114e+02	1.169999999999999929e+00	2.905199999999999818e+02	2.903670000000000186e+02	5.380785149089891775e+02
1.431500000000000057e+02	7.500000000000000000e-01	2.866000000000000227e+02	2.863410000000000082e+02	5.005456173926585279e+02
1.381500000000000057e+02	5.300000000000000266e-01	2.881800000000000068e+02	2.880609999999999786e+02	5.060471114339570704e+02
1.331500000000000057e+02	4.400000000000000022e-01	2.845699999999999932e+02	2.843840000000000146e+02	4.894501274985284454e+02
1.231500000000000057e+02	2.399999999999999911e-01	2.798999999999999773e+02	1.220779999999999973e+03	4.424182802147403777e+02
1.131500000000000057e+02	1.100000000000000006e-01	2.728299999999999841e+02	2.729769999999999754e+02	4.876440314849524498e+02
1.896500000000000057e+02	4.469999999999999751e+00	2.590299999999999727e+02	2.683929999999999723e+02	4.895757476650671265e+02
1.896500000000000057e+02	4.469999999999999751e+00	2.597099999999999795e+02	2.683929999999999723e+02	4.972243530213555687e+02
1.831500000000000057e+02	3.640000000000000124e+00	4.349200000000000159e+02	4.374060000000000059e+02	4.851219870916426657e+02
1.831500000000000057e+02	3.640000000000000124e+00	4.350199999999999818e+02	4.374060000000000059e+02	3.689820933712823035e+02
1.731500000000000057e+02	2.609999999999999876e+00	6.100099999999999909e+02	6.105750000000000455e+02	5.725921686890436604e+02
1.554399999999999977e+02	1.320000000000000062e+00	8.543600000000000136e+02	8.538880000000000337e+02	6.602508801455936691e+02
1.431500000000000057e+02	7.500000000000000000e-01	1.001889999999999986e+03	2.863410000000000082e+02	6.799843468380655622e+02
1.400200000000000102e+02	6.400000000000000133e-01	1.037589999999999918e+03	2.860169999999999959e+02	6.354511669754821241e+02
1.331500000000000057e+02	4.400000000000000022e-01	1.113920000000000073e+03	2.843840000000000146e+02	7.260987381906210203e+02
1.231500000000000057e+02	2.399999999999999911e-01	1.220559999999999945e+03	1.220779999999999973e+03	4.455978755291640141e+02
1.131500000000000057e+02	1.199999999999999956e-01	1.322650000000000091e+03	1.323299999999999955e+03	7.661831469449678025e+02
1.500000000000000000e+02	9.499999999999999556e-01	9.187000000000000455e+02	2.899220000000000255e+02	7.150419966546627393e+02
1.500000000000000000e+02	8.699999999999999956e-01	9.171000000000000227e+02	2.932200000000000273e+02	5.027325872741791386e+02
1.500000000000000000e+02	7.600000000000000089e-01	9.143999999999999773e+02	2.974879999999999995e+02	7.103669819948909208e+02
1.500000000000000000e+02	6.800000000000000488e-01	9.127000000000000455e+02	3.004329999999999927e+02	5.462491579167746067e+02
1.500000000000000000e+02	5.600000000000000533e-01	9.100000000000000000e+02	3.046410000000000196e+02	6.106093620870575478e+02
1.500000000000000000e+02	4.799999999999999822e-01	9.082999999999999545e+02	3.073260000000000218e+02	4.924555775564876967e+02
1.500000000000000000e+02	2.899999999999999800e-01	9.037000000000000455e+02	3.133790000000000191e+02	5.335431646473927003e+02
1.500000000000000000e+02	1.700000000000000122e-01	9.007000000000000455e+02	3.169959999999999809e+02	5.048945536277084898e+02
1.500000000000000000e+02	1.000000000000000056e-01	8.992000000000000455e+02	3.190389999999999873e+02	6.588456360940593868e+02
1.500000000000000000e+02	1.000000000000000056e-01	8.991000000000000227e+02	3.190389999999999873e+02	5.556730440821098682e+02
1.550000000000000000e+02	1.149999999999999911e+00	8.555000000000000000e+02	2.910830000000000268e+02	4.542766657510880464e+02
1.550000000000000000e+02	1.070000000000000062e+00	8.533999999999999773e+02	2.942359999999999900e+02	3.302394924665115354e+02
1.550000000000000000e+02	9.499999999999999556e-01	8.502999999999999545e+02	2.986899999999999977e+02	5.970784647563637009e+02
1.550000000000000000e+02	8.699999999999999956e-01	8.482000000000000455e+02	3.015070000000000050e+02	4.792980525296965197e+02
1.550000000000000000e+02	7.600000000000000089e-01	8.451000000000000227e+02	3.052139999999999986e+02	6.740186299784031689e+02
1.550000000000000000e+02	6.800000000000000488e-01	8.430000000000000000e+02	3.078039999999999736e+02	5.676591425956377179e+02
1.550000000000000000e+02	4.799999999999999822e-01	8.372999999999999545e+02	3.139490000000000123e+02	4.803947945494323903e+02
1.600000000000000000e+02	1.639999999999999902e+00	7.972000000000000455e+02	7.968990000000000009e+02	4.822689396275743547e+02
1.600000000000000000e+02	1.540000000000000036e+00	7.937999999999999545e+02	2.853360000000000127e+02	4.966159397930071009e+02
1.600000000000000000e+02	1.540000000000000036e+00	7.937000000000000455e+02	2.853360000000000127e+02	4.865365666894400078e+02
1.600000000000000000e+02	1.459999999999999964e+00	7.915000000000000000e+02	2.887149999999999750e+02	5.477142932129768269e+02
1.600000000000000000e+02	1.459999999999999964e+00	7.912000000000000455e+02	2.887149999999999750e+02	5.756812350395067597e+02
1.600000000000000000e+02	1.439999999999999947e+00	7.907999999999999545e+02	2.895280000000000200e+02	5.778186166005548330e+02
1.600000000000000000e+02	1.340000000000000080e+00	7.877000000000000455e+02	2.934289999999999736e+02	6.275229992247105884e+02
1.600000000000000000e+02	1.270000000000000018e+00	7.852999999999999545e+02	2.960190000000000055e+02	4.456814856000251552e+02
1.600000000000000000e+02	1.260000000000000009e+00	7.851000000000000227e+02	2.963799999999999955e+02	5.773381630883156959e+02
1.600000000000000000e+02	1.189999999999999947e+00	7.826000000000000227e+02	2.988580000000000041e+02	5.978040120059328046e+02
1.600000000000000000e+02	1.149999999999999911e+00	7.812999999999999545e+02	3.002339999999999804e+02	5.555117673078377720e+02
1.600000000000000000e+02	1.070000000000000062e+00	7.783999999999999773e+02	3.029100000000000250e+02	7.085490343553653929e+02
1.600000000000000000e+02	1.000000000000000000e+00	7.762999999999999545e+02	3.051759999999999877e+02	4.813885662801098988e+02
1.600000000000000000e+02	9.499999999999999556e-01	7.747000000000000455e+02	3.067549999999999955e+02	4.866041655713922296e+02
1.600000000000000000e+02	8.699999999999999956e-01	7.721000000000000227e+02	3.092180000000000177e+02	4.884983055371034766e+02
1.600000000000000000e+02	8.699999999999999956e-01	7.717999999999999545e+02	3.092180000000000177e+02	5.065550158121384356e+02
1.600000000000000000e+02	7.900000000000000355e-01	7.697999999999999545e+02	3.116109999999999900e+02	4.553740795315285936e+02
1.630000000000000000e+02	1.739999999999999991e+00	7.538999999999999773e+02	2.838410000000000082e+02	4.934541216888214308e+02
1.630000000000000000e+02	1.739999999999999991e+00	7.537999999999999545e+02	2.838410000000000082e+02	6.087745064192887412e+02
1.630000000000000000e+02	1.659999999999999920e+00	7.511000000000000227e+02	2.872509999999999764e+02	4.802954366604570282e+02
1.630000000000000000e+02	1.590000000000000080e+00	7.486000000000000227e+02	2.900649999999999977e+02	5.863085775856779946e+02
1.630000000000000000e+02	1.540000000000000036e+00	7.467000000000000455e+02	2.919929999999999950e+02	5.745057144860782046e+02
1.630000000000000000e+02	1.459999999999999964e+00	7.437999999999999545e+02	2.949540000000000077e+02	5.500430712830601578e+02
1.630000000000000000e+02	1.399999999999999911e+00	7.416000000000000227e+02	2.970869999999999891e+02	4.895447384004201581e+02
1.630000000000000000e+02	1.340000000000000080e+00	7.397000000000000455e+02	2.991539999999999964e+02	5.165765142491526376e+02
1.630000000000000000e+02	1.260000000000000009e+00	7.371000000000000227e+02	3.018170000000000073e+02	5.948800123361779697e+02
1.670000000000000000e+02	1.439999999999999947e+00	7.148999999999999773e+02	3.032130000000000223e+02	5.321132985122217178e+02
1.670000000000000000e+02	2.040000000000000036e+00	6.988999999999999773e+02	2.811030000000000086e+02	4.881981865951793793e+02
1.670000000000000000e+02	2.040000000000000036e+00	6.987000000000000455e+02	2.811030000000000086e+02	4.671236428729662862e+02
1.670000000000000000e+02	1.969999999999999973e+00	6.957999999999999545e+02	2.841809999999999832e+02	3.733490705658418278e+02
1.670000000000000000e+02	1.889999999999999902e+00	6.925000000000000000e+02	2.874800000000000182e+02	4.730258120420410251e+02
1.670000000000000000e+02	1.850000000000000089e+00	6.907999999999999545e+02	2.890559999999999832e+02	5.338819222515068077e+02
1.670000000000000000e+02	1.780000000000000027e+00	6.877000000000000455e+02	2.917110000000000127e+02	5.270842305624332766e+02
1.670000000000000000e+02	1.620000000000000107e+00	6.803999999999999773e+02	2.973720000000000141e+02	5.851754062427451117e+02
1.670000000000000000e+02	1.550000000000000044e+00	6.772000000000000455e+02	2.997010000000000218e+02	4.416164236613223011e+02
1.670000000000000000e+02	1.530000000000000027e+00	6.765000000000000000e+02	3.003530000000000086e+02	5.638932814128689870e+02
1.670000000000000000e+02	1.520000000000000018e+00	6.757999999999999545e+02	3.006759999999999877e+02	6.365273938935466731e+02
1.670000000000000000e+02	1.459999999999999964e+00	6.731000000000000227e+02	3.025869999999999891e+02	6.157904691048063341e+02
1.700000000000000000e+02	2.350000000000000089e+00	6.586000000000000227e+02	6.585359999999999445e+02	3.871465514230512213e+02
1.700000000000000000e+02	2.279999999999999805e+00	6.550000000000000000e+02	2.789780000000000086e+02	4.526158815626081378e+02
1.700000000000000000e+02	2.240000000000000213e+00	6.532000000000000455e+02	2.808039999999999736e+02	5.074460765596486453e+02
1.700000000000000000e+02	2.200000000000000178e+00	6.510000000000000000e+02	2.825600000000000023e+02	4.679869975466660321e+02
1.700000000000000000e+02	2.169999999999999929e+00	6.492999999999999545e+02	2.838360000000000127e+02	4.899161077168611200e+02
1.700000000000000000e+02	2.160000000000000142e+00	6.491000000000000227e+02	2.842529999999999859e+02	5.441128982456334597e+02
1.700000000000000000e+02	2.049999999999999822e+00	6.433999999999999773e+02	2.886379999999999768e+02	5.791049806551430947e+02
1.700000000000000000e+02	1.939999999999999947e+00	6.375000000000000000e+02	2.926960000000000264e+02	5.360759693337573708e+02
1.730000000000000000e+02	2.549999999999999822e+00	6.096000000000000227e+02	2.760199999999999818e+02	4.745511838124714927e+02
1.730000000000000000e+02	2.509999999999999787e+00	6.072999999999999545e+02	2.779309999999999832e+02	4.758746075986485948e+02
1.730000000000000000e+02	2.479999999999999982e+00	6.050000000000000000e+02	2.793090000000000259e+02	4.845212004134800736e+02
1.730000000000000000e+02	2.439999999999999947e+00	6.026000000000000227e+02	2.810810000000000173e+02	4.505319292958706683e+02
1.730000000000000000e+02	2.379999999999999893e+00	5.995000000000000000e+02	2.836179999999999950e+02	4.851225632969642447e+02
1.730000000000000000e+02	2.359999999999999876e+00	5.978999999999999773e+02	2.844340000000000259e+02	4.784062259379971351e+02
1.730000000000000000e+02	2.319999999999999840e+00	5.956000000000000227e+02	2.860280000000000200e+02	5.456499560825006938e+02
1.730000000000000000e+02	2.279999999999999805e+00	5.937000000000000455e+02	2.875740000000000123e+02	5.895748744682521192e+02
1.730000000000000000e+02	2.259999999999999787e+00	5.923999999999999773e+02	2.883299999999999841e+02	5.105074590899661757e+02
1.770000000000000000e+02	2.939999999999999947e+00	5.448999999999999773e+02	2.715640000000000214e+02	4.451863437058635782e+02
1.770000000000000000e+02	2.939999999999999947e+00	5.447999999999999545e+02	2.715640000000000214e+02	3.297550327412766364e+02
1.770000000000000000e+02	2.899999999999999911e+00	5.417000000000000455e+02	2.736399999999999864e+02	3.284785202954986971e+02
1.770000000000000000e+02	2.859999999999999876e+00	5.387000000000000455e+02	2.756050000000000182e+02	4.744607766195060776e+02
1.770000000000000000e+02	2.830000000000000071e+00	5.361000000000000227e+02	2.770160000000000196e+02	5.110029967518521516e+02
1.770000000000000000e+02	2.500000000000000000e+00	5.336000000000000227e+02	2.901519999999999868e+02	4.820309836671177095e+02
1.770000000000000000e+02	2.770000000000000018e+00	5.311000000000000227e+02	2.796999999999999886e+02	4.132251151046088467e+02
1.800000000000000000e+02	3.250000000000000000e+00	4.916000000000000227e+02	2.681580000000000155e+02	4.877946337173304414e+02
1.800000000000000000e+02	3.229999999999999982e+00	4.888000000000000114e+02	2.692980000000000018e+02	5.281930617598640083e+02
1.800000000000000000e+02	3.220000000000000195e+00	4.881000000000000227e+02	2.698539999999999850e+02	4.894958924974670822e+02
1.800000000000000000e+02	3.180000000000000160e+00	4.836999999999999886e+02	2.719839999999999804e+02	4.187492670863373974e+02
1.800000000000000000e+02	3.149999999999999911e+00	4.801000000000000227e+02	2.734990000000000236e+02	4.885988810642747922e+02
1.830000000000000000e+02	3.609999999999999876e+00	4.363000000000000114e+02	2.624820000000000277e+02	3.495862209655890638e+02
1.830000000000000000e+02	3.609999999999999876e+00	4.358000000000000114e+02	2.624820000000000277e+02	4.905255741260011746e+02
1.830000000000000000e+02	3.600000000000000089e+00	4.341999999999999886e+02	2.631770000000000209e+02	2.885858178217056889e+02
1.830000000000000000e+02	3.580000000000000071e+00	4.320000000000000000e+02	2.645129999999999768e+02	3.352315216533201010e+02
1.830000000000000000e+02	3.580000000000000071e+00	4.305000000000000000e+02	2.645129999999999768e+02	4.470875014896795960e+02
1.830000000000000000e+02	3.560000000000000053e+00	4.276999999999999886e+02	2.657819999999999823e+02	4.316717427345374176e+02
1.830000000000000000e+02	3.540000000000000036e+00	4.243999999999999773e+02	2.669950000000000045e+02	3.836307649710427086e+02
2.525399999999999920e+02	1.000000000000000056e-01	4.108299999999999841e+02	4.149680000000000177e+02	4.932525749694829642e+02
2.528499999999999943e+02	1.000000000000000056e-01	4.108299999999999841e+02	4.152119999999999891e+02	4.958611393957724545e+02
2.530999999999999943e+02	1.000000000000000056e-01	4.107599999999999909e+02	4.154080000000000155e+02	4.700649260749466407e+02
2.260900000000000034e+02	1.000000000000000056e-01	3.894499999999999886e+02	3.932719999999999914e+02	4.872057192464414470e+02
2.257400000000000091e+02	1.000000000000000056e-01	3.893500000000000227e+02	3.929730000000000132e+02	4.965554824864591978e+02
2.264699999999999989e+02	1.000000000000000056e-01	3.893500000000000227e+02	3.935969999999999800e+02	5.039793801176235775e+02
2.260500000000000114e+02	1.000000000000000056e-01	3.893700000000000045e+02	3.932379999999999995e+02	5.143487060379749209e+02
2.035300000000000011e+02	1.000000000000000056e-01	3.700199999999999818e+02	3.732509999999999764e+02	5.011976961750162900e+02
1.866200000000000045e+02	1.000000000000000056e-01	3.525299999999999727e+02	3.572330000000000041e+02	4.441685107544148536e+02
1.863000000000000114e+02	1.000000000000000056e-01	3.525500000000000114e+02	3.569209999999999923e+02	4.852458726635041444e+02
1.848000000000000114e+02	1.000000000000000056e-01	3.524900000000000091e+02	3.554529999999999745e+02	9.370910807628073158e+00
1.703400000000000034e+02	1.000000000000000056e-01	3.365899999999999750e+02	3.408999999999999773e+02	3.599040581875929092e+02
1.686200000000000045e+02	1.000000000000000056e-01	3.365500000000000114e+02	3.391179999999999950e+02	4.915175875173737268e+02
1.547700000000000102e+02	1.000000000000000056e-01	3.219700000000000273e+02	3.243279999999999745e+02	6.204370269302959287e+02
1.441800000000000068e+02	1.000000000000000056e-01	3.086100000000000136e+02	3.124370000000000118e+02	6.431733546980882466e+02
1.442599999999999909e+02	1.000000000000000056e-01	3.085600000000000023e+02	3.125289999999999964e+02	6.054757629286297060e+02
1.335500000000000114e+02	1.000000000000000056e-01	2.962900000000000205e+02	2.999019999999999868e+02	4.880846456276357230e+02
1.242099999999999937e+02	1.000000000000000056e-01	2.849100000000000250e+02	2.882909999999999968e+02	4.735609433477504240e+02
1.155799999999999983e+02	1.000000000000000056e-01	2.743999999999999773e+02	2.769440000000000168e+02	6.407839282432129266e+02
1.400300000000000011e+02	6.500000000000000222e-01	1.038500000000000000e+03	1.037460000000000036e+03	5.248254960139900049e+02
2.741499999999999773e+02	1.000000000000000056e-01	4.291999999999999886e+02	4.314110000000000014e+02	5.015580339804503183e+02
3.741499999999999773e+02	1.000000000000000056e-01	4.873999999999999773e+02	4.960380000000000109e+02	4.257228916968141448e+02
4.741499999999999773e+02	1.000000000000000056e-01	5.400000000000000000e+02	5.491939999999999600e+02	3.923804803809724149e+02
5.741499999999999773e+02	1.000000000000000056e-01	5.872999999999999545e+02	5.964719999999999800e+02	6.404543444358051829e+02
3.001499999999999773e+02	1.300000000000000044e+00	4.110000000000000000e+02	4.463100000000000023e+02	3.904125583826991601e+02
3.001499999999999773e+02	1.550000000000000044e+00	4.170000000000000000e+02	4.456410000000000196e+02	4.895257942012464127e+02
3.001499999999999773e+02	1.790000000000000036e+00	4.170000000000000000e+02	4.450219999999999914e+02	4.828923616047270002e+02
3.001499999999999773e+02	2.029999999999999805e+00	4.170000000000000000e+02	4.444270000000000209e+02	4.606794180494317743e+02
3.001499999999999773e+02	2.279999999999999805e+00	4.170000000000000000e+02	4.438340000000000032e+02	4.682657922057010182e+02
3.001499999999999773e+02	2.520000000000000018e+00	4.230000000000000000e+02	4.432909999999999968e+02	5.950919154009499152e+02
3.001499999999999773e+02	2.899999999999999911e+00	4.240000000000000000e+02	4.424839999999999804e+02	5.150358402418421520e+02
3.001499999999999773e+02	3.000000000000000000e+00	4.200000000000000000e+02	4.422839999999999918e+02	4.501312566288399353e+02
3.001499999999999773e+02	4.139999999999999680e+00	4.090000000000000000e+02	4.403580000000000041e+02	5.663124897133766353e+02
3.000000000000000000e+02	2.459999999999999964e+00	4.476999999999999886e+02	4.433039999999999736e+02	4.344802716970878578e+02
2.400000000000000000e+02	3.529999999999999805e+00	3.803000000000000114e+02	3.807470000000000141e+02	3.569749642878009013e+02
2.400000000000000000e+02	3.419999999999999929e+00	3.803000000000000114e+02	3.814429999999999836e+02	3.810223061709516514e+02
2.400000000000000000e+02	2.120000000000000107e+00	3.896999999999999886e+02	3.901859999999999786e+02	3.670307558525159948e+02
2.400000000000000000e+02	1.820000000000000062e+00	3.935000000000000000e+02	3.923079999999999927e+02	4.834493031381492756e+02
2.100000000000000000e+02	4.419999999999999929e+00	3.260000000000000000e+02	3.263319999999999936e+02	4.492600407107676688e+02
2.100000000000000000e+02	2.299999999999999822e+00	3.521999999999999886e+02	3.530040000000000191e+02	4.910983730509655629e+02
2.550000000000000000e+02	4.379999999999999893e+00	3.944700000000000273e+02	3.944879999999999995e+02	4.911706364228111852e+02
2.550000000000000000e+02	3.609999999999999876e+00	3.977400000000000091e+02	3.977629999999999768e+02	4.907066259481198358e+02
2.550000000000000000e+02	2.700000000000000178e+00	4.022200000000000273e+02	4.021770000000000209e+02	4.376304367480440760e+02
2.550000000000000000e+02	1.750000000000000000e+00	4.072599999999999909e+02	4.072610000000000241e+02	4.891390471960884838e+02
2.550000000000000000e+02	9.599999999999999645e-01	4.117400000000000091e+02	4.117679999999999723e+02	4.898926041798671349e+02
2.550000000000000000e+02	2.300000000000000100e-01	4.160699999999999932e+02	4.161080000000000041e+02	3.820125611623355439e+02
2.550000000000000000e+02	1.700000000000000122e-01	4.164599999999999795e+02	4.164710000000000036e+02	3.472459666584254023e+02
2.550000000000000000e+02	1.000000000000000056e-01	4.158899999999999864e+02	4.168949999999999818e+02	5.647275768318620521e+02
2.550000000000000000e+02	5.000000000000000278e-02	4.189599999999999795e+02	4.171990000000000123e+02	3.659266570634085269e+02
2.731600000000000250e+02	4.370000000000000107e+00	4.144300000000000068e+02	4.144329999999999927e+02	3.034786467040960929e+02
2.731600000000000250e+02	3.669999999999999929e+00	4.163999999999999773e+02	4.164209999999999923e+02	4.896780322966767471e+02
2.731600000000000250e+02	3.020000000000000018e+00	4.185299999999999727e+02	4.185539999999999736e+02	4.947152785490486622e+02
2.731600000000000250e+02	2.069999999999999840e+00	4.221000000000000227e+02	4.220939999999999941e+02	5.251337286343912183e+02
2.731600000000000250e+02	1.580000000000000071e+00	4.240899999999999750e+02	4.240889999999999986e+02	4.649169589329511041e+02
2.731600000000000250e+02	1.550000000000000044e+00	4.241899999999999977e+02	4.242149999999999750e+02	4.288996677433651143e+02
2.731600000000000250e+02	1.000000000000000000e+00	4.266000000000000227e+02	4.265779999999999745e+02	4.137058152799824029e+02
2.731600000000000250e+02	5.999999999999999778e-01	4.283700000000000045e+02	4.283679999999999950e+02	4.326352044026035628e+02
2.731600000000000250e+02	2.200000000000000011e-01	4.300899999999999750e+02	4.301179999999999950e+02	4.789043942588033929e+02
3.000000000000000000e+02	4.089999999999999858e+00	4.402900000000000205e+02	4.402970000000000255e+02	6.047571319633809708e+02
3.000000000000000000e+02	3.390000000000000124e+00	4.414200000000000159e+02	4.414220000000000255e+02	4.857130227918374885e+02
3.000000000000000000e+02	2.629999999999999893e+00	4.429300000000000068e+02	4.429289999999999736e+02	4.716403350768988503e+02
3.000000000000000000e+02	1.850000000000000089e+00	4.447500000000000000e+02	4.447559999999999718e+02	3.792569454726928484e+02
3.000000000000000000e+02	1.139999999999999902e+00	4.666499999999999773e+02	4.466410000000000196e+02	5.227320523789323943e+02
3.000000000000000000e+02	2.399999999999999911e-01	4.492799999999999727e+02	4.493020000000000209e+02	3.601612741549773204e+02
3.000000000000000000e+02	1.700000000000000122e-01	4.494900000000000091e+02	4.495210000000000150e+02	4.945065327630684351e+02
3.000000000000000000e+02	1.000000000000000056e-01	4.496899999999999977e+02	4.497420000000000186e+02	4.857000459335053506e+02
3.500000000000000000e+02	4.139999999999999680e+00	4.792099999999999795e+02	4.793389999999999986e+02	5.102163634800513137e+02
3.500000000000000000e+02	3.160000000000000142e+00	4.792900000000000205e+02	4.794209999999999923e+02	5.037427627547024258e+02
3.500000000000000000e+02	3.160000000000000142e+00	4.792900000000000205e+02	4.794209999999999923e+02	5.632730255583229564e+02
3.500000000000000000e+02	2.080000000000000071e+00	4.797799999999999727e+02	4.799119999999999777e+02	4.799735618211429937e+02
3.500000000000000000e+02	1.260000000000000009e+00	4.803899999999999864e+02	4.805480000000000018e+02	4.793146310306296414e+02
3.500000000000000000e+02	6.600000000000000311e-01	4.809900000000000091e+02	4.811499999999999773e+02	5.387942824559464725e+02
3.500000000000000000e+02	2.099999999999999922e-01	4.814700000000000273e+02	4.816739999999999782e+02	4.892764799114286234e+02
2.931499999999999773e+02	1.000000000000000056e-01	4.461999999999999886e+02	4.450149999999999864e+02	4.245734429574594628e+02
2.931499999999999773e+02	9.799999999999999822e-01	4.440000000000000000e+02	4.420590000000000259e+02	4.885825339221111108e+02
2.931499999999999773e+02	1.959999999999999964e+00	4.413000000000000114e+02	4.391100000000000136e+02	4.949585140946082333e+02
2.931499999999999773e+02	2.939999999999999947e+00	4.391999999999999886e+02	4.365799999999999841e+02	4.932303195096582726e+02
2.931499999999999773e+02	3.919999999999999929e+00	4.370000000000000000e+02	4.345350000000000250e+02	3.937274256141669184e+02
3.231499999999999773e+02	1.000000000000000056e-01	4.660000000000000000e+02	4.650849999999999795e+02	4.865839909231899014e+02
3.231499999999999773e+02	9.799999999999999822e-01	4.643000000000000114e+02	4.633120000000000118e+02	4.247599951945233556e+02
3.231499999999999773e+02	1.959999999999999964e+00	4.620000000000000000e+02	4.616560000000000059e+02	4.962374568416791476e+02
3.231499999999999773e+02	2.939999999999999947e+00	4.603999999999999773e+02	4.603679999999999950e+02	4.786036606372960023e+02
3.231499999999999773e+02	3.919999999999999929e+00	4.598000000000000114e+02	4.594859999999999900e+02	3.620574196862905865e+02
3.481499999999999773e+02	1.000000000000000056e-01	4.820000000000000000e+02	4.806909999999999741e+02	4.834538764651592260e+02
3.481499999999999773e+02	9.799999999999999822e-01	4.806999999999999886e+02	4.796480000000000246e+02	4.011099806842054250e+02
3.481499999999999773e+02	1.959999999999999964e+00	4.795000000000000000e+02	4.787749999999999773e+02	4.580012012378284680e+02
3.481499999999999773e+02	2.939999999999999947e+00	4.788999999999999773e+02	4.782239999999999895e+02	4.806605366117033782e+02
3.481499999999999773e+02	3.919999999999999929e+00	4.783000000000000114e+02	4.780199999999999818e+02	4.352319139565918817e+02
3.731499999999999773e+02	1.000000000000000056e-01	4.968000000000000114e+02	4.954619999999999891e+02	4.842184393440583108e+02
3.731499999999999773e+02	9.799999999999999822e-01	4.958000000000000114e+02	4.949900000000000091e+02	4.816357744644087120e+02
3.731499999999999773e+02	1.959999999999999964e+00	4.948000000000000114e+02	4.947180000000000177e+02	4.014367877480157745e+02
3.731499999999999773e+02	2.939999999999999947e+00	4.945000000000000000e+02	4.947280000000000086e+02	4.702293318361381580e+02
3.731499999999999773e+02	3.919999999999999929e+00	4.948000000000000114e+02	4.950350000000000250e+02	6.056009658301926493e+02
3.981499999999999773e+02	1.000000000000000056e-01	5.108999999999999773e+02	5.095430000000000064e+02	4.804525225535250001e+02
3.981499999999999773e+02	9.799999999999999822e-01	5.096999999999999886e+02	5.095230000000000246e+02	5.024316395360727370e+02
3.981499999999999773e+02	1.959999999999999964e+00	5.091000000000000227e+02	5.097250000000000227e+02	4.138572950354270006e+02
3.981499999999999773e+02	2.939999999999999947e+00	5.091999999999999886e+02	5.101720000000000255e+02	4.646600758404871385e+02
3.981499999999999773e+02	3.919999999999999929e+00	5.100000000000000000e+02	5.108750000000000000e+02	4.829134729254777767e+02
4.231499999999999773e+02	1.000000000000000056e-01	5.233999999999999773e+02	5.230510000000000446e+02	4.638328397874759048e+02
4.231499999999999773e+02	9.799999999999999822e-01	5.228999999999999773e+02	5.233949999999999818e+02	4.779883187000739895e+02
4.231499999999999773e+02	1.959999999999999964e+00	5.228999999999999773e+02	5.239759999999999991e+02	4.702870456073914625e+02
4.231499999999999773e+02	2.939999999999999947e+00	5.232000000000000455e+02	5.247720000000000482e+02	5.217276791497181421e+02
4.231499999999999773e+02	3.919999999999999929e+00	5.238999999999999773e+02	5.257880000000000109e+02	8.266311234288061769e+02
