# Temperature (K)	Pressure (MPa)	Experimental(kJ/mol)	NIST(kJ/mol)	Model(kJ/mol)
1.300000000000000000e+02	5.000000000000000000e+00	5.667999999999999705e-01	1.141750000000000043e+00	1.797807065380645719e+00
1.400000000000000000e+02	5.000000000000000000e+00	1.150500000000000078e+00	1.720809999999999951e+00	2.573742411189883228e+00
1.500000000000000000e+02	5.000000000000000000e+00	1.758099999999999996e+00	2.320629999999999971e+00	2.475182859646901434e+00
1.600000000000000000e+02	5.000000000000000000e+00	2.397699999999999942e+00	2.951430000000000220e+00	3.291814243438807797e+00
1.700000000000000000e+02	5.000000000000000000e+00	3.089799999999999880e+00	3.633010000000000073e+00	3.789404909539260569e+00
1.800000000000000000e+02	5.000000000000000000e+00	3.888399999999999856e+00	4.414220000000000255e+00	4.166498957566069805e+00
1.850000000000000000e+02	5.000000000000000000e+00	4.368999999999999773e+00	4.888440000000000119e+00	5.258444937477822378e+00
1.900000000000000000e+02	5.000000000000000000e+00	5.034799999999999720e+00	5.535330000000000084e+00	5.340030391273311139e+00
1.500000000000000000e+02	3.200000000000000178e+00	6.100999999999999757e-01	2.303119999999999834e+00	2.846153411089871632e+00
1.600000000000000000e+02	3.200000000000000178e+00	1.269400000000000084e+00	2.953440000000000065e+00	4.084289832218754412e+00
1.700000000000000000e+02	3.200000000000000178e+00	1.997500000000000053e+00	3.676349999999999785e+00	4.417957817830694189e+00
1.750000000000000000e+02	3.200000000000000178e+00	2.435400000000000009e+00	4.092810000000000059e+00	3.995089402007520718e+00
9.981999999999999318e+01	3.400000000000000244e-01	0.000000000000000000e+00	-6.481959999999999944e-01	6.276312021037253608e-01
1.053700000000000045e+02	3.400000000000000244e-01	2.985999999999999766e-01	-3.436589999999999923e-01	2.295739312041968072e-01
1.109300000000000068e+02	3.400000000000000244e-01	6.008999999999999897e-01	-3.555090000000000333e-02	8.393041647459269505e-01
1.164800000000000040e+02	3.400000000000000244e-01	9.069000000000000394e-01	2.755270000000000219e-01	8.087781637878986851e-01
1.220400000000000063e+02	3.400000000000000244e-01	1.216599999999999904e+00	5.913249999999999895e-01	1.817212196456360340e+00
9.981999999999999318e+01	6.899999999999999467e-01	0.000000000000000000e+00	-6.394060000000000299e-01	1.723206850233614529e-01
1.053700000000000045e+02	6.899999999999999467e-01	2.985999999999999766e-01	-3.351299999999999835e-01	3.942708580832326448e-01
1.109300000000000068e+02	6.899999999999999467e-01	6.008999999999999897e-01	-2.734119999999999953e-02	8.177583883580163970e-01
1.164800000000000040e+02	6.899999999999999467e-01	9.069000000000000394e-01	2.833450000000000135e-01	7.775046744739118054e-01
1.220400000000000063e+02	6.899999999999999467e-01	1.216599999999999904e+00	5.986540000000000195e-01	1.507264533319613742e+00
1.275900000000000034e+02	6.899999999999999467e-01	1.533900000000000041e+00	9.182360000000000522e-01	1.471694172885169127e+00
1.331500000000000057e+02	6.899999999999999467e-01	1.858500000000000041e+00	1.244289999999999896e+00	2.151015404864181413e+00
1.387100000000000080e+02	6.899999999999999467e-01	2.190700000000000092e+00	1.577700000000000102e+00	2.263249396791697343e+00
9.981999999999999318e+01	1.030000000000000027e+00	0.000000000000000000e+00	-6.308580000000000298e-01	-2.065221424975310915e-02
1.053700000000000045e+02	1.030000000000000027e+00	2.985999999999999766e-01	-3.268320000000000114e-01	1.242686902113966374e-01
1.109300000000000068e+02	1.030000000000000027e+00	6.008999999999999897e-01	-1.934810000000000002e-02	6.430965808729445232e-01
1.164800000000000040e+02	1.030000000000000027e+00	9.031000000000000139e-01	2.909630000000000272e-01	7.234427226680723022e-01
1.220400000000000063e+02	1.030000000000000027e+00	1.212900000000000089e+00	6.058069999999999844e-01	1.533371777623230292e+00
1.275900000000000034e+02	1.030000000000000027e+00	1.530100000000000016e+00	9.248039999999999594e-01	1.615399256719826315e+00
1.331500000000000057e+02	1.030000000000000027e+00	1.854800000000000004e+00	1.250110000000000054e+00	1.714483356382773271e+00
1.387100000000000080e+02	1.030000000000000027e+00	2.186999999999999833e+00	1.582529999999999992e+00	2.459590848725881518e+00
1.442599999999999909e+02	1.030000000000000027e+00	2.537799999999999834e+00	1.923359999999999959e+00	2.646910822361395077e+00
9.981999999999999318e+01	1.379999999999999893e+00	0.000000000000000000e+00	-6.220489999999999631e-01	2.523213758574509025e-01
1.053700000000000045e+02	1.379999999999999893e+00	2.985999999999999766e-01	-3.182760000000000034e-01	4.270673202668455737e-01
1.109300000000000068e+02	1.379999999999999893e+00	5.970999999999999641e-01	-1.110180000000000021e-02	3.767297834914389298e-01
1.164800000000000040e+02	1.379999999999999893e+00	9.031000000000000139e-01	2.988310000000000133e-01	8.916498078601245991e-01
1.220400000000000063e+02	1.379999999999999893e+00	1.212900000000000089e+00	6.132039999999999713e-01	1.380229092685231862e+00
1.275900000000000034e+02	1.379999999999999893e+00	1.530100000000000016e+00	9.316119999999999957e-01	1.420618203804414614e+00
1.331500000000000057e+02	1.379999999999999893e+00	1.854800000000000004e+00	1.256159999999999943e+00	2.159784889345837122e+00
1.387100000000000080e+02	1.379999999999999893e+00	2.186999999999999833e+00	1.587599999999999900e+00	2.469947124987930120e+00
1.442599999999999909e+02	1.379999999999999893e+00	2.533999999999999808e+00	1.927110000000000101e+00	2.350613930131562945e+00
1.498199999999999932e+02	1.379999999999999893e+00	2.884799999999999809e+00	2.278579999999999828e+00	2.769430737016921551e+00
1.553700000000000045e+02	1.379999999999999893e+00	3.250599999999999934e+00	2.644829999999999792e+00	2.978539672706465247e+00
9.981999999999999318e+01	1.719999999999999973e+00	0.000000000000000000e+00	-6.134819999999999718e-01	-5.531053162366575404e-02
1.053700000000000045e+02	1.719999999999999973e+00	2.985999999999999766e-01	-3.099520000000000053e-01	3.074550026245626566e-01
1.109300000000000068e+02	1.719999999999999973e+00	5.970999999999999641e-01	-3.073719999999999838e-03	4.192381865752470849e-01
1.164800000000000040e+02	1.719999999999999973e+00	9.031000000000000139e-01	3.064970000000000194e-01	1.007206010460308221e+00
1.220400000000000063e+02	1.719999999999999973e+00	1.212900000000000089e+00	6.204229999999999468e-01	1.317886076822729180e+00
1.275900000000000034e+02	1.719999999999999973e+00	1.530100000000000016e+00	9.382709999999999662e-01	2.177304657231290186e+00
1.331500000000000057e+02	1.719999999999999973e+00	1.854800000000000004e+00	1.262110000000000065e+00	1.762545383851210179e+00
1.387100000000000080e+02	1.719999999999999973e+00	2.186999999999999833e+00	1.592619999999999925e+00	2.614045871929175036e+00
1.442599999999999909e+02	1.719999999999999973e+00	2.530299999999999994e+00	1.930889999999999995e+00	2.473559906992500945e+00
1.498199999999999932e+02	1.719999999999999973e+00	2.881099999999999994e+00	2.280640000000000001e+00	2.487448572372118694e+00
1.553700000000000045e+02	1.719999999999999973e+00	3.239399999999999835e+00	2.644359999999999822e+00	2.997173162841130889e+00
1.609300000000000068e+02	1.719999999999999973e+00	3.627499999999999947e+00	3.029669999999999863e+00	2.904611980473593480e+00
9.981999999999999318e+01	2.069999999999999840e+00	0.000000000000000000e+00	-6.046529999999999960e-01	1.060688253631587724e-01
1.053700000000000045e+02	2.069999999999999840e+00	2.985999999999999766e-01	-3.013700000000000268e-01	1.887962915149452858e-01
1.109300000000000068e+02	2.069999999999999840e+00	5.970999999999999641e-01	5.207960000000000193e-03	8.195209337970963404e-01
1.164800000000000040e+02	2.069999999999999840e+00	9.031000000000000139e-01	3.144129999999999980e-01	5.514788220522754969e-01
1.220400000000000063e+02	2.069999999999999840e+00	1.212900000000000089e+00	6.278860000000000552e-01	6.779963631246304079e-01
1.275900000000000034e+02	2.069999999999999840e+00	1.530100000000000016e+00	9.451709999999999834e-01	1.585673104876871520e+00
1.331500000000000057e+02	2.069999999999999840e+00	1.854800000000000004e+00	1.268289999999999917e+00	1.753857569623442192e+00
1.387100000000000080e+02	2.069999999999999840e+00	2.186999999999999833e+00	1.597869999999999902e+00	2.402838155840631540e+00
1.442599999999999909e+02	2.069999999999999840e+00	2.522800000000000153e+00	1.934919999999999973e+00	2.889229551242360028e+00
1.498199999999999932e+02	2.069999999999999840e+00	2.873600000000000154e+00	2.282970000000000166e+00	2.156067794343516031e+00
1.553700000000000045e+02	2.069999999999999840e+00	3.231899999999999995e+00	2.644239999999999924e+00	2.837078322959904586e+00
1.609300000000000068e+02	2.069999999999999840e+00	3.616299999999999848e+00	3.025700000000000056e+00	3.599421151323203283e+00
1.664799999999999898e+02	2.069999999999999840e+00	4.026799999999999713e+00	3.436409999999999965e+00	3.704494829947164281e+00
9.981999999999999318e+01	2.410000000000000142e+00	3.700000000000000164e-03	-5.960680000000000422e-01	1.114039544871589654e-01
1.053700000000000045e+02	2.410000000000000142e+00	3.023000000000000131e-01	-2.930209999999999759e-01	3.408805894574536977e-01
1.109300000000000068e+02	2.410000000000000142e+00	6.008999999999999897e-01	1.326970000000000059e-02	4.714587968813138685e-01
1.164800000000000040e+02	2.410000000000000142e+00	9.069000000000000394e-01	3.221249999999999947e-01	5.535099102831331219e-01
1.220400000000000063e+02	2.410000000000000142e+00	1.216599999999999904e+00	6.351670000000000371e-01	1.238829651570074075e+00
1.275900000000000034e+02	2.410000000000000142e+00	1.533900000000000041e+00	9.519159999999999844e-01	1.821537375349932208e+00
1.331500000000000057e+02	2.410000000000000142e+00	1.854800000000000004e+00	1.274359999999999937e+00	1.662650018866496548e+00
1.387100000000000080e+02	2.410000000000000142e+00	2.183199999999999807e+00	1.603059999999999929e+00	2.269721838734240826e+00
1.442599999999999909e+02	2.410000000000000142e+00	2.519099999999999895e+00	1.938960000000000017e+00	2.310965497364349641e+00
1.498199999999999932e+02	2.410000000000000142e+00	2.869899999999999896e+00	2.285429999999999851e+00	3.134234351746139957e+00
1.553700000000000045e+02	2.410000000000000142e+00	3.224499999999999922e+00	2.644439999999999902e+00	3.238131308150643317e+00
1.609300000000000068e+02	2.410000000000000142e+00	3.608900000000000219e+00	3.022440000000000015e+00	4.215989037543243612e+00
1.664799999999999898e+02	2.410000000000000142e+00	4.004400000000000404e+00	3.427200000000000024e+00	3.941419574129618741e+00
9.981999999999999318e+01	2.759999999999999787e+00	3.700000000000000164e-03	-5.872209999999999930e-01	-5.577671301379663604e-03
1.053700000000000045e+02	2.759999999999999787e+00	3.023000000000000131e-01	-2.844140000000000001e-01	3.172869010561294445e-01
1.109300000000000068e+02	2.759999999999999787e+00	6.008999999999999897e-01	2.158540000000000111e-02	5.670585627429934883e-01
1.164800000000000040e+02	2.759999999999999787e+00	9.069000000000000394e-01	3.300870000000000193e-01	8.863820858187623219e-01
1.220400000000000063e+02	2.759999999999999787e+00	1.216599999999999904e+00	6.426929999999999588e-01	8.305850775370813288e-01
1.275900000000000034e+02	2.759999999999999787e+00	1.533900000000000041e+00	9.589020000000000321e-01	1.391854244260141371e+00
1.331500000000000057e+02	2.759999999999999787e+00	1.854800000000000004e+00	1.280669999999999975e+00	1.422781669357953582e+00
1.387100000000000080e+02	2.759999999999999787e+00	2.183199999999999807e+00	1.608489999999999975e+00	2.024893012728612884e+00
1.442599999999999909e+02	2.759999999999999787e+00	2.519099999999999895e+00	1.943240000000000078e+00	3.026811052187152296e+00
1.498199999999999932e+02	2.759999999999999787e+00	2.866200000000000081e+00	2.288149999999999906e+00	2.570669623485797750e+00
1.553700000000000045e+02	2.759999999999999787e+00	3.213299999999999823e+00	2.644960000000000200e+00	3.252527654696972359e+00
1.609300000000000068e+02	2.759999999999999787e+00	3.597700000000000120e+00	3.019629999999999814e+00	3.599427113423503855e+00
1.664799999999999898e+02	2.759999999999999787e+00	3.993300000000000072e+00	3.418849999999999945e+00	2.499053300131558242e+00
1.720399999999999920e+02	2.759999999999999787e+00	4.448599999999999888e+00	3.860549999999999926e+00	4.809647510154301031e+00
9.981999999999999318e+01	3.100000000000000089e+00	3.700000000000000164e-03	-5.786179999999999657e-01	8.924700192924361897e-02
1.053700000000000045e+02	3.100000000000000089e+00	3.023000000000000131e-01	-2.760409999999999808e-01	6.872139867959882187e-01
1.109300000000000068e+02	3.100000000000000089e+00	6.008999999999999897e-01	2.967950000000000102e-02	6.769008754999936706e-01
1.164800000000000040e+02	3.100000000000000089e+00	9.069000000000000394e-01	3.378430000000000044e-01	1.040987378508634098e+00
1.220400000000000063e+02	3.100000000000000089e+00	1.216599999999999904e+00	6.500340000000000007e-01	1.302390577071912858e+00
1.275900000000000034e+02	3.100000000000000089e+00	1.533900000000000041e+00	9.657289999999999486e-01	1.721488698626990388e+00
1.331500000000000057e+02	3.100000000000000089e+00	1.854800000000000004e+00	1.286850000000000049e+00	1.615997399918850164e+00
1.387100000000000080e+02	3.100000000000000089e+00	2.183199999999999807e+00	1.613850000000000007e+00	2.357185698312104005e+00
1.442599999999999909e+02	3.100000000000000089e+00	2.519099999999999895e+00	1.947519999999999918e+00	2.471639291390602899e+00
1.498199999999999932e+02	3.100000000000000089e+00	2.866200000000000081e+00	2.290970000000000173e+00	2.588280335439934188e+00
1.553700000000000045e+02	3.100000000000000089e+00	3.213299999999999823e+00	2.645750000000000046e+00	3.071958176659935980e+00
1.609300000000000068e+02	3.100000000000000089e+00	3.590199999999999836e+00	3.017389999999999795e+00	3.228906170930715636e+00
1.664799999999999898e+02	3.100000000000000089e+00	3.985799999999999788e+00	3.411709999999999798e+00	3.920976329493802481e+00
1.720399999999999920e+02	3.100000000000000089e+00	4.415000000000000036e+00	3.844079999999999941e+00	4.199327287530671526e+00
1.775900000000000034e+02	3.100000000000000089e+00	4.918800000000000061e+00	4.348790000000000155e+00	3.779722993649696772e+00
9.981999999999999318e+01	3.450000000000000178e+00	7.499999999999999722e-03	-5.697529999999999539e-01	1.694992397816171836e-01
1.053700000000000045e+02	3.450000000000000178e+00	3.059999999999999942e-01	-2.674099999999999810e-01	7.444723675755452463e-01
1.109300000000000068e+02	3.450000000000000178e+00	6.046000000000000263e-01	3.802799999999999930e-02	4.471066666161180869e-01
1.164800000000000040e+02	3.450000000000000178e+00	9.105999999999999650e-01	3.458490000000000175e-01	6.596112766700753527e-01
1.220400000000000063e+02	3.450000000000000178e+00	1.220399999999999929e+00	6.576199999999999823e-01	1.166653606182501246e+00
1.275900000000000034e+02	3.450000000000000178e+00	1.537600000000000078e+00	9.727970000000000228e-01	1.236405628683152180e+00
1.331500000000000057e+02	3.450000000000000178e+00	1.858500000000000041e+00	1.293260000000000076e+00	1.830781472185814884e+00
1.387100000000000080e+02	3.450000000000000178e+00	2.179499999999999993e+00	1.619439999999999991e+00	2.034192663121276112e+00
1.442599999999999909e+02	3.450000000000000178e+00	2.515400000000000080e+00	1.952029999999999932e+00	2.292340027015056680e+00
1.498199999999999932e+02	3.450000000000000178e+00	2.854999999999999982e+00	2.294049999999999923e+00	2.629982720841094412e+00
1.553700000000000045e+02	3.450000000000000178e+00	3.198300000000000143e+00	2.646830000000000016e+00	3.540814864233965853e+00
1.609300000000000068e+02	3.450000000000000178e+00	3.575299999999999923e+00	3.015550000000000175e+00	3.427038127884421304e+00
1.664799999999999898e+02	3.450000000000000178e+00	3.970899999999999874e+00	3.405250000000000110e+00	3.757662994637970488e+00
1.720399999999999920e+02	3.450000000000000178e+00	4.392599999999999838e+00	3.829209999999999781e+00	4.475566139106543773e+00
1.775900000000000034e+02	3.450000000000000178e+00	4.877699999999999925e+00	4.313710000000000377e+00	4.622969518532475952e+00
9.981999999999999318e+01	3.790000000000000036e+00	1.119999999999999989e-02	-5.611329999999999929e-01	-1.832985313585125398e-01
1.053700000000000045e+02	3.790000000000000036e+00	3.098000000000000198e-01	-2.590140000000000220e-01	1.959697295106476722e-01
1.109300000000000068e+02	3.790000000000000036e+00	6.082999999999999519e-01	4.615339999999999721e-02	6.182908847696128030e-01
1.164800000000000040e+02	3.790000000000000036e+00	9.143000000000000016e-01	3.536469999999999891e-01	4.971819900364328193e-01
1.220400000000000063e+02	3.790000000000000036e+00	1.224099999999999966e+00	6.650169999999999693e-01	1.510721643273028825e+00
1.275900000000000034e+02	3.790000000000000036e+00	1.537600000000000078e+00	9.797019999999999618e-01	1.606218123460096070e+00
1.331500000000000057e+02	3.790000000000000036e+00	1.858500000000000041e+00	1.299549999999999983e+00	1.722139682090582991e+00
1.387100000000000080e+02	3.790000000000000036e+00	2.179499999999999993e+00	1.624949999999999894e+00	2.586153965667060017e+00
1.442599999999999909e+02	3.790000000000000036e+00	2.511600000000000055e+00	1.956530000000000102e+00	2.451707654877727460e+00
1.498199999999999932e+02	3.790000000000000036e+00	2.847500000000000142e+00	2.297200000000000131e+00	2.784875959317508531e+00
1.553700000000000045e+02	3.790000000000000036e+00	3.194599999999999884e+00	2.648140000000000160e+00	3.456153960617816878e+00
1.609300000000000068e+02	3.790000000000000036e+00	3.564099999999999824e+00	3.014180000000000081e+00	3.492815282010576894e+00
1.664799999999999898e+02	3.790000000000000036e+00	3.955900000000000194e+00	3.399739999999999984e+00	3.536262819606870167e+00
1.720399999999999920e+02	3.790000000000000036e+00	4.373899999999999899e+00	3.816469999999999807e+00	4.446155142429465634e+00
1.775900000000000034e+02	3.790000000000000036e+00	4.847900000000000098e+00	4.285180000000000433e+00	4.641258301607247283e+00
1.831500000000000057e+02	3.790000000000000036e+00	5.437500000000000000e+00	4.882430000000000270e+00	5.474264432614322828e+00
9.981999999999999318e+01	4.139999999999999680e+00	1.490000000000000005e-02	-5.522510000000000474e-01	1.558711259600570609e-01
1.053700000000000045e+02	4.139999999999999680e+00	3.135000000000000009e-01	-2.503589999999999982e-01	1.887218850524739755e-01
1.109300000000000068e+02	4.139999999999999680e+00	6.119999999999999885e-01	5.453340000000000271e-02	5.500484210411966668e-01
1.164800000000000040e+02	4.139999999999999680e+00	9.181000000000000272e-01	3.616949999999999887e-01	1.188607290758341373e+00
1.220400000000000063e+02	4.139999999999999680e+00	1.227800000000000002e+00	6.726609999999999534e-01	1.667999680705377852e+00
1.275900000000000034e+02	4.139999999999999680e+00	1.541299999999999892e+00	9.868489999999999762e-01	1.151835326256484882e+00
1.331500000000000057e+02	4.139999999999999680e+00	1.858500000000000041e+00	1.306079999999999908e+00	1.909183186556000722e+00
1.387100000000000080e+02	4.139999999999999680e+00	2.179499999999999993e+00	1.630689999999999973e+00	2.009507470702871057e+00
1.442599999999999909e+02	4.139999999999999680e+00	2.511600000000000055e+00	1.961270000000000069e+00	3.006520302816254819e+00
1.498199999999999932e+02	4.139999999999999680e+00	2.843799999999999883e+00	2.300600000000000200e+00	2.531819196537029804e+00
1.553700000000000045e+02	4.139999999999999680e+00	3.190900000000000070e+00	2.649729999999999919e+00	2.845915900007336408e+00
1.609300000000000068e+02	4.139999999999999680e+00	3.556599999999999984e+00	3.013170000000000126e+00	3.505238075957473942e+00
1.664799999999999898e+02	4.139999999999999680e+00	3.944700000000000095e+00	3.394789999999999974e+00	4.267180556570394856e+00
1.720399999999999920e+02	4.139999999999999680e+00	4.351499999999999702e+00	3.804860000000000131e+00	4.726738057709154894e+00
1.775900000000000034e+02	4.139999999999999680e+00	4.814300000000000246e+00	4.260069999999999801e+00	4.693970258903394921e+00
1.831500000000000057e+02	4.139999999999999680e+00	5.366600000000000037e+00	4.813410000000000188e+00	4.900884900573406533e+00
1.859300000000000068e+02	4.139999999999999680e+00	5.751000000000000334e+00	5.191939999999999777e+00	5.749891495598901336e+00
9.981999999999999318e+01	4.309999999999999609e+00	1.490000000000000005e-02	-5.479330000000000034e-01	3.609105354863939574e-01
1.053700000000000045e+02	4.309999999999999609e+00	3.135000000000000009e-01	-2.461520000000000097e-01	9.635333662559580903e-01
1.109300000000000068e+02	4.309999999999999609e+00	6.119999999999999885e-01	5.860939999999999900e-02	6.280036185358428558e-01
1.164800000000000040e+02	4.309999999999999609e+00	9.181000000000000272e-01	3.656119999999999925e-01	1.010353196267812725e+00
1.220400000000000063e+02	4.309999999999999609e+00	1.227800000000000002e+00	6.763839999999999852e-01	1.012822595495501243e+00
1.275900000000000034e+02	4.309999999999999609e+00	1.541299999999999892e+00	9.903340000000000476e-01	1.905582490735780787e+00
1.331500000000000057e+02	4.309999999999999609e+00	1.858500000000000041e+00	1.309269999999999934e+00	2.076485730229206350e+00
1.387100000000000080e+02	4.309999999999999609e+00	2.179499999999999993e+00	1.633510000000000018e+00	2.369132231456302584e+00
1.442599999999999909e+02	4.309999999999999609e+00	2.511600000000000055e+00	1.963600000000000012e+00	2.868204616416992092e+00
1.498199999999999932e+02	4.309999999999999609e+00	2.843799999999999883e+00	2.302309999999999857e+00	3.324746003335679490e+00
1.553700000000000045e+02	4.309999999999999609e+00	3.190900000000000070e+00	2.650580000000000158e+00	3.579959513552569916e+00
1.609300000000000068e+02	4.309999999999999609e+00	3.552900000000000169e+00	3.012820000000000054e+00	4.320019064374840845e+00
1.664799999999999898e+02	4.309999999999999609e+00	3.937300000000000022e+00	3.392619999999999969e+00	4.486286796627380724e+00
1.720399999999999920e+02	4.309999999999999609e+00	4.340300000000000047e+00	3.799710000000000143e+00	4.041178271539214606e+00
1.775900000000000034e+02	4.309999999999999609e+00	4.803099999999999703e+00	4.249139999999999695e+00	4.502659411793599631e+00
1.831500000000000057e+02	4.309999999999999609e+00	5.340499999999999581e+00	4.786380000000000301e+00	4.531636992993551161e+00
1.859300000000000068e+02	4.309999999999999609e+00	5.695000000000000284e+00	5.135530000000000150e+00	5.248861473705570546e+00
9.981999999999999318e+01	4.690000000000000391e+00	2.239999999999999977e-02	-5.382749999999999480e-01	-2.408451968782590602e-02
1.053700000000000045e+02	4.690000000000000391e+00	3.210000000000000075e-01	-2.367360000000000020e-01	5.871657929640583529e-01
1.109300000000000068e+02	4.690000000000000391e+00	6.195000000000000506e-01	6.773350000000000204e-02	2.441237366138896414e-01
1.164800000000000040e+02	4.690000000000000391e+00	9.254999999999999893e-01	3.743839999999999946e-01	1.133406623960089510e+00
1.220400000000000063e+02	4.690000000000000391e+00	1.235300000000000065e+00	6.847290000000000321e-01	1.147762781902940565e+00
1.275900000000000034e+02	4.690000000000000391e+00	1.545099999999999918e+00	9.981550000000000145e-01	1.127784495075672799e+00
1.331500000000000057e+02	4.690000000000000391e+00	1.858500000000000041e+00	1.316440000000000055e+00	1.874549438935173118e+00
1.387100000000000080e+02	4.690000000000000391e+00	2.179499999999999993e+00	1.639860000000000095e+00	2.219991159090699107e+00
1.442599999999999909e+02	4.690000000000000391e+00	2.511600000000000055e+00	1.968920000000000003e+00	2.734885340356136396e+00
1.498199999999999932e+02	4.690000000000000391e+00	2.843799999999999883e+00	2.306259999999999977e+00	2.855523333823209331e+00
1.553700000000000045e+02	4.690000000000000391e+00	3.187100000000000044e+00	2.652680000000000149e+00	3.902123370939310831e+00
1.609300000000000068e+02	4.690000000000000391e+00	3.541700000000000070e+00	3.012340000000000018e+00	3.296793844448988597e+00
1.664799999999999898e+02	4.690000000000000391e+00	3.918600000000000083e+00	3.388320000000000221e+00	4.219937046234291778e+00
1.720399999999999920e+02	4.690000000000000391e+00	4.321699999999999875e+00	3.789219999999999811e+00	3.860367621741542798e+00
1.775900000000000034e+02	4.690000000000000391e+00	4.773200000000000109e+00	4.227199999999999847e+00	4.874805586882528630e+00
1.831500000000000057e+02	4.690000000000000391e+00	5.280800000000000161e+00	4.735850000000000115e+00	5.127188626538784710e+00
1.859300000000000068e+02	4.690000000000000391e+00	5.575599999999999667e+00	5.044200000000000017e+00	5.016176196940119958e+00
1.887100000000000080e+02	4.690000000000000391e+00	5.978699999999999903e+00	5.445579999999999643e+00	5.955354386406103373e+00
1.905900000000000034e+02	4.690000000000000391e+00	6.441399999999999793e+00	5.926099999999999923e+00	5.329300019138310418e+00
9.981999999999999318e+01	4.830000000000000071e+00	2.610000000000000167e-02	-5.347150000000000514e-01	-1.438346434187859069e-01
1.053700000000000045e+02	4.830000000000000071e+00	3.246999999999999886e-01	-2.332639999999999991e-01	9.359021379236009963e-02
1.109300000000000068e+02	4.830000000000000071e+00	6.231999999999999762e-01	7.109949999999999604e-02	4.189495343404158745e-01
1.164800000000000040e+02	4.830000000000000071e+00	9.293000000000000149e-01	3.776229999999999865e-01	6.580777342932201401e-01
1.220400000000000063e+02	4.830000000000000071e+00	1.239000000000000101e+00	6.878109999999999502e-01	6.648022129101838207e-01
1.275900000000000034e+02	4.830000000000000071e+00	1.548799999999999955e+00	1.001049999999999995e+00	1.821847889718452240e+00
1.331500000000000057e+02	4.830000000000000071e+00	1.862300000000000066e+00	1.319099999999999939e+00	2.122733054657515162e+00
1.387100000000000080e+02	4.830000000000000071e+00	2.183199999999999807e+00	1.642220000000000013e+00	2.225427132390000562e+00
1.442599999999999909e+02	4.830000000000000071e+00	2.511600000000000055e+00	1.970900000000000096e+00	2.153979246754644361e+00
1.498199999999999932e+02	4.830000000000000071e+00	2.843799999999999883e+00	2.307749999999999968e+00	2.629617210960082385e+00
1.553700000000000045e+02	4.830000000000000071e+00	3.187100000000000044e+00	2.653519999999999879e+00	3.820091673559293799e+00
1.609300000000000068e+02	4.830000000000000071e+00	3.541700000000000070e+00	3.012270000000000003e+00	2.480568251687095938e+00
1.664799999999999898e+02	4.830000000000000071e+00	3.918600000000000083e+00	3.386909999999999865e+00	3.857177740538508814e+00
1.720399999999999920e+02	4.830000000000000071e+00	4.314199999999999591e+00	3.785690000000000222e+00	4.319745908421413816e+00
1.775900000000000034e+02	4.830000000000000071e+00	4.754599999999999937e+00	4.219879999999999853e+00	4.849755657596799274e+00
1.831500000000000057e+02	4.830000000000000071e+00	5.258399999999999963e+00	4.719859999999999722e+00	5.294720987794111267e+00
1.859300000000000068e+02	4.830000000000000071e+00	5.549500000000000099e+00	5.017780000000000129e+00	5.594594820528776324e+00
1.887100000000000080e+02	4.830000000000000071e+00	5.915199999999999569e+00	5.389619999999999855e+00	5.352010284098099646e+00
1.905900000000000034e+02	4.830000000000000071e+00	6.254800000000000360e+00	5.757310000000000372e+00	5.927009625294672013e+00
9.981999999999999318e+01	5.519999999999999574e+00	4.109999999999999765e-02	-5.171459999999999946e-01	4.298463290432210648e-01
1.053700000000000045e+02	5.519999999999999574e+00	3.396000000000000130e-01	-2.161240000000000105e-01	4.757944573502360663e-01
1.109300000000000068e+02	5.519999999999999574e+00	6.381999999999999895e-01	8.772399999999999642e-02	4.730617975773673267e-01
1.164800000000000040e+02	5.519999999999999574e+00	9.405000000000000027e-01	3.936279999999999779e-01	7.844872332636512180e-01
1.220400000000000063e+02	5.519999999999999574e+00	1.246499999999999941e+00	7.030669999999999975e-01	1.147863902389305579e+00
1.275900000000000034e+02	5.519999999999999574e+00	1.556200000000000028e+00	1.015390000000000015e+00	1.454559509712421317e+00
1.331500000000000057e+02	5.519999999999999574e+00	1.866000000000000103e+00	1.332310000000000105e+00	2.077045525995482755e+00
1.387100000000000080e+02	5.519999999999999574e+00	2.186999999999999833e+00	1.654020000000000046e+00	2.243018934430639266e+00
1.442599999999999909e+02	5.519999999999999574e+00	2.511600000000000055e+00	1.980909999999999949e+00	2.759624664440300634e+00
1.498199999999999932e+02	5.519999999999999574e+00	2.843799999999999883e+00	2.315440000000000165e+00	3.160308414334654259e+00
1.553700000000000045e+02	5.519999999999999574e+00	3.187100000000000044e+00	2.658139999999999947e+00	2.896130803509788354e+00
1.609300000000000068e+02	5.519999999999999574e+00	3.541700000000000070e+00	3.012640000000000207e+00	4.006991959144498239e+00
1.664799999999999898e+02	5.519999999999999574e+00	3.911099999999999799e+00	3.381180000000000074e+00	3.849353616654860311e+00
1.720399999999999920e+02	5.519999999999999574e+00	4.299299999999999677e+00	3.770550000000000068e+00	3.727565018803260966e+00
1.775900000000000034e+02	5.519999999999999574e+00	4.721000000000000085e+00	4.188640000000000363e+00	4.302071094271039620e+00
1.831500000000000057e+02	5.519999999999999574e+00	5.183799999999999741e+00	4.655269999999999797e+00	4.685022195048509808e+00
1.859300000000000068e+02	5.519999999999999574e+00	5.437500000000000000e+00	4.918520000000000003e+00	4.515493473371597233e+00
1.887100000000000080e+02	5.519999999999999574e+00	5.736100000000000421e+00	5.216269999999999740e+00	4.940169410371543002e+00
1.905900000000000034e+02	5.519999999999999574e+00	5.974899999999999878e+00	5.449939999999999785e+00	5.421645152183246275e+00
9.981999999999999318e+01	6.209999999999999964e+00	6.339999999999999802e-02	-4.995470000000000188e-01	1.785477764804600243e-01
1.053700000000000045e+02	6.209999999999999964e+00	3.619999999999999885e-01	-1.989420000000000077e-01	3.307147221603244924e-01
1.109300000000000068e+02	6.209999999999999964e+00	6.605999999999999650e-01	1.044049999999999978e-01	7.399658452521501451e-01
1.164800000000000040e+02	6.209999999999999964e+00	9.628999999999999782e-01	4.097089999999999899e-01	7.140323870831313258e-01
1.220400000000000063e+02	6.209999999999999964e+00	1.268899999999999917e+00	7.184220000000000050e-01	1.075432712856664086e+00
1.275900000000000034e+02	6.209999999999999964e+00	1.578600000000000003e+00	1.029859999999999998e+00	1.573184593263567077e+00
1.331500000000000057e+02	6.209999999999999964e+00	1.888400000000000079e+00	1.345699999999999896e+00	1.883593202269052247e+00
1.387100000000000080e+02	6.209999999999999964e+00	2.209299999999999820e+00	1.666069999999999940e+00	2.787894687569034691e+00
1.442599999999999909e+02	6.209999999999999964e+00	2.533999999999999808e+00	1.991279999999999939e+00	2.998997115413961634e+00
1.498199999999999932e+02	6.209999999999999964e+00	2.866200000000000081e+00	2.323640000000000150e+00	3.012678174244160623e+00
1.553700000000000045e+02	6.209999999999999964e+00	3.205799999999999983e+00	2.663489999999999913e+00	3.528496365962150882e+00
1.609300000000000068e+02	6.209999999999999964e+00	3.556599999999999984e+00	3.014139999999999819e+00	3.512790789457488572e+00
1.664799999999999898e+02	6.209999999999999964e+00	3.911099999999999799e+00	3.377289999999999903e+00	4.182522280057915154e+00
1.720399999999999920e+02	6.209999999999999964e+00	4.288100000000000023e+00	3.758640000000000203e+00	3.787497183214478369e+00
1.775900000000000034e+02	6.209999999999999964e+00	4.698599999999999888e+00	4.163870000000000182e+00	4.737757958885412179e+00
1.831500000000000057e+02	6.209999999999999964e+00	5.146399999999999864e+00	4.606969999999999565e+00	5.010725207916320478e+00
1.859300000000000068e+02	6.209999999999999964e+00	5.385299999999999976e+00	4.849599999999999689e+00	5.132044046619114397e+00
1.887100000000000080e+02	6.209999999999999964e+00	5.657700000000000173e+00	5.113389999999999880e+00	4.880598958397343701e+00
1.905900000000000034e+02	6.209999999999999964e+00	5.851799999999999891e+00	5.308639999999999581e+00	5.525699437571470973e+00
9.981999999999999318e+01	6.889999999999999680e+00	8.959999999999999909e-02	-4.821719999999999895e-01	1.484457371692199934e-01
1.053700000000000045e+02	6.889999999999999680e+00	3.881000000000000005e-01	-1.819689999999999919e-01	4.404237626248896920e-01
1.109300000000000068e+02	6.889999999999999680e+00	6.866999999999999771e-01	1.208980000000000055e-01	1.111234301327684637e+00
1.164800000000000040e+02	6.889999999999999680e+00	9.889999999999999902e-01	4.256280000000000063e-01	1.241921897903538241e+00
1.220400000000000063e+02	6.889999999999999680e+00	1.294999999999999929e+00	7.336500000000000243e-01	6.969352314712827789e-01
1.275900000000000034e+02	6.889999999999999680e+00	1.600999999999999979e+00	1.044259999999999966e+00	1.681503491828251651e+00
1.331500000000000057e+02	6.889999999999999680e+00	1.910800000000000054e+00	1.359070000000000000e+00	1.538465499278442561e+00
1.387100000000000080e+02	6.889999999999999680e+00	2.228000000000000203e+00	1.678180000000000005e+00	2.693301274350754060e+00
1.442599999999999909e+02	6.889999999999999680e+00	2.552700000000000191e+00	2.001809999999999867e+00	2.991098081322224100e+00
1.498199999999999932e+02	6.889999999999999680e+00	2.881099999999999994e+00	2.332160000000000011e+00	2.247751425165235073e+00
1.553700000000000045e+02	6.889999999999999680e+00	3.220699999999999896e+00	2.669420000000000126e+00	2.474822894845150056e+00
1.609300000000000068e+02	6.889999999999999680e+00	3.567800000000000082e+00	3.016610000000000014e+00	3.273717851723377148e+00
1.664799999999999898e+02	6.889999999999999680e+00	3.922299999999999898e+00	3.375010000000000066e+00	3.772076239755075999e+00
1.720399999999999920e+02	6.889999999999999680e+00	4.288100000000000023e+00	3.749519999999999964e+00	4.471666676615364544e+00
1.775900000000000034e+02	6.889999999999999680e+00	4.687400000000000233e+00	4.144300000000000317e+00	4.142232746222705764e+00
1.831500000000000057e+02	6.889999999999999680e+00	5.120300000000000296e+00	4.569829999999999615e+00	4.237049361034165074e+00
1.859300000000000068e+02	6.889999999999999680e+00	5.351700000000000124e+00	4.798549999999999649e+00	5.075915272160730574e+00
1.887100000000000080e+02	6.889999999999999680e+00	5.601700000000000124e+00	5.042040000000000077e+00	4.783012121769348646e+00
1.905900000000000034e+02	6.889999999999999680e+00	5.780899999999999928e+00	5.217520000000000380e+00	5.277170018969607135e+00
9.981999999999999318e+01	8.269999999999999574e+00	1.605000000000000038e-01	-4.468239999999999990e-01	2.652069645359846906e-01
1.053700000000000045e+02	8.269999999999999574e+00	4.590000000000000191e-01	-1.474070000000000102e-01	4.197533306934943531e-01
1.109300000000000068e+02	8.269999999999999574e+00	7.576000000000000512e-01	1.545239999999999947e-01	6.242104847346440222e-01
1.164800000000000040e+02	8.269999999999999574e+00	1.056200000000000028e+00	4.581399999999999917e-01	1.131754311416709236e+00
1.220400000000000063e+02	8.269999999999999574e+00	1.358500000000000041e+00	7.648249999999999771e-01	1.223468452087133285e+00
1.275900000000000034e+02	8.269999999999999574e+00	1.664500000000000091e+00	1.073819999999999997e+00	1.380081868833943570e+00
1.331500000000000057e+02	8.269999999999999574e+00	1.974199999999999955e+00	1.386689999999999978e+00	2.163051772918943794e+00
1.387100000000000080e+02	8.269999999999999574e+00	2.291500000000000092e+00	1.703410000000000091e+00	2.456921702444327504e+00
1.442599999999999909e+02	8.269999999999999574e+00	2.612400000000000055e+00	2.024080000000000101e+00	2.449235031308789168e+00
1.498199999999999932e+02	8.269999999999999574e+00	2.937100000000000044e+00	2.350709999999999855e+00	3.048437439708193697e+00
1.553700000000000045e+02	8.269999999999999574e+00	3.269200000000000106e+00	2.683230000000000004e+00	3.601529741587068845e+00
1.609300000000000068e+02	8.269999999999999574e+00	3.608900000000000219e+00	3.024230000000000196e+00	3.269003082178097763e+00
1.664799999999999898e+02	8.269999999999999574e+00	3.959700000000000220e+00	3.374350000000000183e+00	4.372365565012129807e+00
1.720399999999999920e+02	8.269999999999999574e+00	4.317899999999999849e+00	3.737369999999999859e+00	3.564870724640162081e+00
1.775900000000000034e+02	8.269999999999999574e+00	4.691099999999999604e+00	4.115529999999999688e+00	4.434487282752425763e+00
1.831500000000000057e+02	8.269999999999999574e+00	5.097900000000000098e+00	4.515399999999999636e+00	3.662332384843162369e+00
1.859300000000000068e+02	8.269999999999999574e+00	5.306899999999999729e+00	4.725570000000000270e+00	5.326073122413176542e+00
1.887100000000000080e+02	8.269999999999999574e+00	5.527099999999999902e+00	4.944340000000000401e+00	4.959264409200845769e+00
1.905900000000000034e+02	8.269999999999999574e+00	5.680100000000000371e+00	5.098069999999999879e+00	5.016632965065805472e+00
9.981999999999999318e+01	1.033999999999999986e+01	2.575000000000000067e-01	-3.935960000000000014e-01	5.543885364656508941e-01
1.053700000000000045e+02	1.033999999999999986e+01	5.561000000000000387e-01	-9.528749999999999720e-02	6.049007265894166263e-01
1.109300000000000068e+02	1.033999999999999986e+01	8.546000000000000263e-01	2.053280000000000105e-01	9.722453727741692253e-01
1.164800000000000040e+02	1.033999999999999986e+01	1.153200000000000003e+00	5.073889999999999789e-01	7.290879951063889974e-01
1.220400000000000063e+02	1.033999999999999986e+01	1.455500000000000016e+00	8.122209999999999708e-01	1.418462840228795097e+00
1.275900000000000034e+02	1.033999999999999986e+01	1.757800000000000029e+00	1.119010000000000060e+00	1.955335506064491469e+00
1.331500000000000057e+02	1.033999999999999986e+01	2.067499999999999893e+00	1.429219999999999935e+00	2.164763537034688934e+00
1.387100000000000080e+02	1.033999999999999986e+01	2.380999999999999783e+00	1.742720000000000047e+00	2.701099972293609763e+00
1.442599999999999909e+02	1.033999999999999986e+01	2.698199999999999932e+00	2.059470000000000134e+00	2.501288412140843409e+00
1.498199999999999932e+02	1.033999999999999986e+01	3.019200000000000106e+00	2.381270000000000220e+00	2.648520733522926829e+00
1.553700000000000045e+02	1.033999999999999986e+01	3.347599999999999909e+00	2.707739999999999814e+00	3.593369137346826392e+00
1.609300000000000068e+02	1.033999999999999986e+01	3.679800000000000182e+00	3.041059999999999874e+00	3.807198545976394399e+00
1.664799999999999898e+02	1.033999999999999986e+01	4.019400000000000084e+00	3.381279999999999841e+00	3.604879124793240130e+00
1.720399999999999920e+02	1.033999999999999986e+01	4.366500000000000270e+00	3.731189999999999785e+00	3.999292592380070399e+00
1.775900000000000034e+02	1.033999999999999986e+01	4.724700000000000344e+00	4.091569999999999929e+00	5.264615458397356562e+00
1.831500000000000057e+02	1.033999999999999986e+01	5.097900000000000098e+00	4.466389999999999638e+00	5.224820930516989925e+00
1.859300000000000068e+02	1.033999999999999986e+01	5.284500000000000419e+00	4.660040000000000404e+00	5.624120030419821781e+00
1.887100000000000080e+02	1.033999999999999986e+01	5.489799999999999791e+00	4.858559999999999768e+00	5.760481667347534973e+00
1.905900000000000034e+02	1.033999999999999986e+01	5.620400000000000063e+00	4.995890000000000164e+00	5.366405287260574752e+00
9.981999999999999318e+01	1.378999999999999915e+01	3.544999999999999818e-01	-3.043810000000000127e-01	1.824940955253904484e-01
1.053700000000000045e+02	1.378999999999999915e+01	6.531000000000000139e-01	-7.755609999999999588e-03	6.846166213410962431e-01
1.109300000000000068e+02	1.378999999999999915e+01	9.516999999999999904e-01	2.908789999999999987e-01	1.259233537280426862e+00
1.164800000000000040e+02	1.378999999999999915e+01	1.250199999999999978e+00	5.906150000000000011e-01	1.010593193255838074e+00
1.220400000000000063e+02	1.378999999999999915e+01	1.552499999999999991e+00	8.927070000000000283e-01	1.449366004540854513e+00
1.275900000000000034e+02	1.378999999999999915e+01	1.854800000000000004e+00	1.196269999999999945e+00	2.285464416672825738e+00
1.331500000000000057e+02	1.378999999999999915e+01	2.160800000000000054e+00	1.502639999999999976e+00	2.026889562835704428e+00
1.387100000000000080e+02	1.378999999999999915e+01	2.466899999999999871e+00	1.811579999999999968e+00	2.696844185633108903e+00
1.442599999999999909e+02	1.378999999999999915e+01	2.776600000000000179e+00	2.122869999999999813e+00	2.762362941837992469e+00
1.498199999999999932e+02	1.378999999999999915e+01	3.090100000000000069e+00	2.438070000000000181e+00	2.967471234196772834e+00
1.553700000000000045e+02	1.378999999999999915e+01	3.407300000000000217e+00	2.756530000000000147e+00	3.416290109125337704e+00
1.609300000000000068e+02	1.378999999999999915e+01	3.728299999999999947e+00	3.080010000000000137e+00	3.255292001743439911e+00
1.664799999999999898e+02	1.378999999999999915e+01	4.056700000000000195e+00	3.408030000000000115e+00	4.072800914097091329e+00
1.720399999999999920e+02	1.378999999999999915e+01	4.392599999999999838e+00	3.742589999999999861e+00	4.346790561467772207e+00
1.775900000000000034e+02	1.378999999999999915e+01	4.732199999999999740e+00	4.083459999999999646e+00	4.709936565566737343e+00
1.831500000000000057e+02	1.378999999999999915e+01	5.079299999999999926e+00	4.432979999999999698e+00	4.804028931055628782e+00
1.859300000000000068e+02	1.378999999999999915e+01	5.258399999999999963e+00	4.611159999999999926e+00	4.633576558789033406e+00
1.887100000000000080e+02	1.378999999999999915e+01	5.437500000000000000e+00	4.791850000000000165e+00	4.966041153016865550e+00
1.905900000000000034e+02	1.378999999999999915e+01	5.560699999999999754e+00	4.915569999999999773e+00	5.318112094367434040e+00
