# Temperature (K)	Pressure (MPa)	Experimental(m/s)	NIST(m/s)	Model(m/s)
2.981499999999999773e+02	2.379999999999999893e+00	4.419300000000000068e+02	4.420120000000000005e+02	4.424300936706349603e+02
1.930500000000000114e+02	7.800000000000000266e-01	3.531999999999999886e+02	3.532590000000000146e+02	3.883612696825397279e+02
1.930500000000000114e+02	1.560000000000000053e+00	3.406399999999999864e+02	3.407180000000000177e+02	3.740335232586367624e+02
1.930500000000000114e+02	2.240000000000000213e+00	3.286899999999999977e+02	3.288199999999999932e+02	3.483473140767974314e+02
1.930500000000000114e+02	2.819999999999999840e+00	3.177099999999999795e+02	3.177429999999999950e+02	3.783902741258169158e+02
1.930500000000000114e+02	3.310000000000000053e+00	3.075199999999999818e+02	3.074820000000000277e+02	3.420992320616963980e+02
1.930500000000000114e+02	3.700000000000000178e+00	2.982699999999999818e+02	2.984719999999999800e+02	3.123517638457049088e+02
1.930500000000000114e+02	4.030000000000000249e+00	2.899200000000000159e+02	2.899460000000000264e+02	2.852003354388422167e+02
1.930500000000000114e+02	4.280000000000000249e+00	2.823899999999999864e+02	2.825749999999999886e+02	2.744496710721364252e+02
1.930500000000000114e+02	4.480000000000000426e+00	2.756499999999999773e+02	2.756630000000000109e+02	2.634925236856984156e+02
1.908499999999999943e+02	4.530000000000000249e+00	2.561200000000000045e+02	2.568170000000000073e+02	2.565222439682539743e+02
1.906299999999999955e+02	4.509999999999999787e+00	2.552400000000000091e+02	2.560539999999999736e+02	2.567548181929182647e+02
1.905600000000000023e+02	4.509999999999999787e+00	2.549600000000000080e+02	2.551419999999999959e+02	2.568158413553113633e+02
1.905000000000000000e+02	7.700000000000000178e-01	3.505199999999999818e+02	3.505559999999999832e+02	3.751246992857143709e+02
1.905000000000000000e+02	1.540000000000000036e+00	3.376000000000000227e+02	3.375799999999999841e+02	3.738855017647057934e+02
1.905000000000000000e+02	2.200000000000000178e+00	3.252699999999999818e+02	3.253670000000000186e+02	3.502245050081699560e+02
1.905000000000000000e+02	2.759999999999999787e+00	3.138799999999999955e+02	3.139270000000000209e+02	3.535738123041337531e+02
1.905000000000000000e+02	3.229999999999999982e+00	3.032200000000000273e+02	3.032320000000000277e+02	3.530953990047044044e+02
1.905000000000000000e+02	3.600000000000000089e+00	2.935500000000000114e+02	2.937280000000000086e+02	3.448108816270739112e+02
1.905000000000000000e+02	3.899999999999999911e+00	2.846700000000000159e+02	2.848349999999999795e+02	2.890651446393557649e+02
1.905000000000000000e+02	4.129999999999999893e+00	2.765199999999999818e+02	2.766879999999999882e+02	2.773861584890556173e+02
1.905000000000000000e+02	4.299999999999999822e+00	2.690000000000000000e+02	2.691630000000000109e+02	2.688710644060046775e+02
1.905000000000000000e+02	4.419999999999999929e+00	2.617200000000000273e+02	2.621299999999999955e+02	2.694671609586889645e+02
1.905000000000000000e+02	4.500000000000000000e+00	2.546999999999999886e+02	2.554089999999999918e+02	2.581998192124542584e+02
1.904300000000000068e+02	4.490000000000000213e+00	2.544199999999999875e+02	2.555449999999999875e+02	2.580505191208790166e+02
1.904300000000000068e+02	4.540000000000000036e+00	2.461100000000000136e+02	2.487510000000000048e+02	2.541991409541846565e+02
1.902500000000000000e+02	4.290000000000000036e+00	2.683199999999999932e+02	2.681000000000000227e+02	2.679946415939133431e+02
1.902500000000000000e+02	4.400000000000000355e+00	2.609100000000000250e+02	2.613550000000000182e+02	2.672127170849713593e+02
1.902500000000000000e+02	4.480000000000000426e+00	2.536599999999999966e+02	2.542040000000000077e+02	2.575645966244625242e+02
1.902500000000000000e+02	4.519999999999999574e+00	2.449600000000000080e+02	2.483429999999999893e+02	2.528750473137973245e+02
1.896500000000000057e+02	3.859999999999999876e+00	2.828600000000000136e+02	2.829730000000000132e+02	2.882497238678804479e+02
1.896500000000000057e+02	4.080000000000000071e+00	2.745000000000000000e+02	2.746429999999999723e+02	2.783151089659196487e+02
1.896500000000000057e+02	4.250000000000000000e+00	2.666899999999999977e+02	2.663290000000000077e+02	2.689532740922838343e+02
1.896500000000000057e+02	4.360000000000000320e+00	2.589100000000000250e+02	2.588000000000000114e+02	2.646414720977694515e+02
1.896500000000000057e+02	4.419999999999999929e+00	2.510200000000000102e+02	2.526659999999999968e+02	2.680375735967542141e+02
1.896500000000000057e+02	4.459999999999999964e+00	2.405399999999999920e+02	2.455889999999999986e+02	2.575404319928862833e+02
1.881500000000000057e+02	7.600000000000000089e-01	3.480199999999999818e+02	3.480509999999999877e+02	3.743582687698412315e+02
1.881500000000000057e+02	1.510000000000000009e+00	3.347500000000000000e+02	3.348570000000000277e+02	3.740389800268439444e+02
1.881500000000000057e+02	2.160000000000000142e+00	3.220799999999999841e+02	3.221949999999999932e+02	3.542299855139632427e+02
1.881500000000000057e+02	2.709999999999999964e+00	3.103000000000000114e+02	3.102189999999999941e+02	3.389269387184874631e+02
1.881500000000000057e+02	3.149999999999999911e+00	2.992300000000000182e+02	2.993790000000000191e+02	3.613275230694223978e+02
1.881500000000000057e+02	3.509999999999999787e+00	2.890799999999999841e+02	2.891259999999999764e+02	3.401251269890240110e+02
1.881500000000000057e+02	3.790000000000000036e+00	2.796499999999999773e+02	2.795659999999999741e+02	2.911110222747431635e+02
1.881500000000000057e+02	3.990000000000000213e+00	2.708700000000000045e+02	2.709940000000000282e+02	2.757220695786649003e+02
1.881500000000000057e+02	4.139999999999999680e+00	2.623899999999999864e+02	2.623399999999999750e+02	2.718577403053092212e+02
1.881500000000000057e+02	4.230000000000000426e+00	2.534499999999999886e+02	2.546570000000000107e+02	2.664117091916145341e+02
1.831500000000000057e+02	7.399999999999999911e-01	3.426299999999999955e+02	3.426170000000000186e+02	3.937112946944443479e+02
1.831500000000000057e+02	1.459999999999999964e+00	3.286100000000000136e+02	3.286990000000000123e+02	4.141004572747432917e+02
1.831500000000000057e+02	2.080000000000000071e+00	3.151000000000000227e+02	3.151650000000000205e+02	4.124933888763687833e+02
1.831500000000000057e+02	2.589999999999999858e+00	3.024100000000000250e+02	3.023740000000000236e+02	3.863499693116983735e+02
1.831500000000000057e+02	2.990000000000000213e+00	2.903999999999999773e+02	2.905570000000000164e+02	4.026499213305322087e+02
1.831500000000000057e+02	3.310000000000000053e+00	2.791499999999999773e+02	2.789069999999999823e+02	3.790395527518314225e+02
1.831500000000000057e+02	3.540000000000000036e+00	2.683899999999999864e+02	2.678199999999999932e+02	3.792096789147863660e+02
1.731500000000000057e+02	6.899999999999999467e-01	3.315199999999999818e+02	3.315919999999999845e+02	4.880454554511277365e+02
1.731500000000000057e+02	1.360000000000000098e+00	3.158199999999999932e+02	3.158369999999999891e+02	5.063557203444103152e+02
1.731500000000000057e+02	1.909999999999999920e+00	3.004200000000000159e+02	3.005070000000000050e+02	4.858852407773109121e+02
1.731500000000000057e+02	2.339999999999999858e+00	2.857200000000000273e+02	2.856560000000000059e+02	5.430821994397759909e+02
1.631500000000000057e+02	6.500000000000000222e-01	3.198999999999999773e+02	3.198349999999999795e+02	6.001265047782444526e+02
1.631500000000000057e+02	1.260000000000000009e+00	3.022200000000000273e+02	3.020810000000000173e+02	6.089991839990236713e+02
1.631500000000000057e+02	1.739999999999999991e+00	2.846200000000000045e+02	2.842169999999999845e+02	6.611794597222221910e+02
1.531500000000000057e+02	5.999999999999999778e-01	3.077400000000000091e+02	3.077459999999999809e+02	7.523470113095236229e+02
1.431500000000000057e+02	5.600000000000000533e-01	2.948700000000000045e+02	2.945880000000000223e+02	7.047760882154528872e+02
1.900300000000000011e+02	4.519999999999999574e+00	2.297100000000000080e+02	2.400060000000000002e+02	2.534255095909645092e+02
1.899699999999999989e+02	4.519999999999999574e+00	2.300099999999999909e+02	2.600779999999999745e+02	2.529110198534799849e+02
1.896500000000000057e+02	4.469999999999999751e+00	2.359000000000000057e+02	2.683929999999999723e+02	2.563379541015023051e+02
1.896500000000000057e+02	4.469999999999999751e+00	2.359000000000000057e+02	2.683929999999999723e+02	2.563379541015023051e+02
1.886999999999999886e+02	4.339999999999999858e+00	2.461699999999999875e+02	3.039610000000000127e+02	2.646557449113085454e+02
1.885999999999999943e+02	4.330000000000000071e+00	2.459499999999999886e+02	3.087989999999999782e+02	2.654387493353144123e+02
1.875999999999999943e+02	4.190000000000000391e+00	2.512700000000000102e+02	2.521980000000000075e+02	2.670579509650855812e+02
1.874499999999999886e+02	4.169999999999999929e+00	2.512400000000000091e+02	2.526610000000000014e+02	2.691108884812501287e+02
1.860999999999999943e+02	3.990000000000000213e+00	2.561499999999999773e+02	2.565830000000000268e+02	2.767934830500352632e+02
1.841500000000000057e+02	3.750000000000000000e+00	2.605000000000000000e+02	2.602930000000000064e+02	3.080890032745522262e+02
1.839000000000000057e+02	3.729999999999999982e+00	2.603600000000000136e+02	4.222970000000000255e+02	3.161926562537136647e+02
1.831500000000000057e+02	3.640000000000000124e+00	2.617099999999999795e+02	4.374060000000000059e+02	3.854900009091316520e+02
1.742500000000000000e+02	2.700000000000000178e+00	2.736800000000000068e+02	2.730609999999999786e+02	4.399265536507936645e+02
1.739499999999999886e+02	2.680000000000000160e+00	2.736399999999999864e+02	5.979740000000000464e+02	4.368595887301588050e+02
1.731500000000000057e+02	2.600000000000000089e+00	2.744399999999999977e+02	2.740579999999999927e+02	4.888505806541704146e+02
1.691500000000000057e+02	2.240000000000000213e+00	2.786399999999999864e+02	2.782060000000000173e+02	6.397606168674138871e+02
1.550500000000000114e+02	1.169999999999999929e+00	2.905199999999999818e+02	2.903670000000000186e+02	8.308771665811965477e+02
1.431500000000000057e+02	7.500000000000000000e-01	2.866000000000000227e+02	2.863410000000000082e+02	8.349624104761905983e+02
1.381500000000000057e+02	5.300000000000000266e-01	2.881800000000000068e+02	2.880609999999999786e+02	7.391690119444442644e+02
1.331500000000000057e+02	4.400000000000000022e-01	2.845699999999999932e+02	2.843840000000000146e+02	7.477305460393772591e+02
1.231500000000000057e+02	2.399999999999999911e-01	2.798999999999999773e+02	1.220779999999999973e+03	8.122224362373738131e+02
1.131500000000000057e+02	1.100000000000000006e-01	2.728299999999999841e+02	2.729769999999999754e+02	6.419643562457896451e+02
1.896500000000000057e+02	4.469999999999999751e+00	2.590299999999999727e+02	2.683929999999999723e+02	2.531196485122366653e+02
1.896500000000000057e+02	4.469999999999999751e+00	2.597099999999999795e+02	2.683929999999999723e+02	2.530288874642990322e+02
1.831500000000000057e+02	3.640000000000000124e+00	4.349200000000000159e+02	4.374060000000000059e+02	3.435032147838762739e+02
1.831500000000000057e+02	3.640000000000000124e+00	4.350199999999999818e+02	4.374060000000000059e+02	3.434848543269313268e+02
1.731500000000000057e+02	2.609999999999999876e+00	6.100099999999999909e+02	6.105750000000000455e+02	3.719755451114162952e+02
1.554399999999999977e+02	1.320000000000000062e+00	8.543600000000000136e+02	8.538880000000000337e+02	7.042545127106226346e+02
1.431500000000000057e+02	7.500000000000000000e-01	1.001889999999999986e+03	2.863410000000000082e+02	6.514118000992062889e+02
1.400200000000000102e+02	6.400000000000000133e-01	1.037589999999999918e+03	2.860169999999999959e+02	6.729619773305861372e+02
1.331500000000000057e+02	4.400000000000000022e-01	1.113920000000000073e+03	2.843840000000000146e+02	5.804268302869350009e+02
1.231500000000000057e+02	2.399999999999999911e-01	1.220559999999999945e+03	1.220779999999999973e+03	5.633534810317459005e+02
1.131500000000000057e+02	1.199999999999999956e-01	1.322650000000000091e+03	1.323299999999999955e+03	4.360493560515873241e+02
1.500000000000000000e+02	9.499999999999999556e-01	9.187000000000000455e+02	2.899220000000000255e+02	8.377752503571426814e+02
1.500000000000000000e+02	8.699999999999999956e-01	9.171000000000000227e+02	2.932200000000000273e+02	8.332871854411766890e+02
1.500000000000000000e+02	7.600000000000000089e-01	9.143999999999999773e+02	2.974879999999999995e+02	8.133850327450979876e+02
1.500000000000000000e+02	6.800000000000000488e-01	9.127000000000000455e+02	3.004329999999999927e+02	8.153592968040294409e+02
1.500000000000000000e+02	5.600000000000000533e-01	9.100000000000000000e+02	3.046410000000000196e+02	6.963872155555557129e+02
1.500000000000000000e+02	4.799999999999999822e-01	9.082999999999999545e+02	3.073260000000000218e+02	7.312662931349208293e+02
1.500000000000000000e+02	2.899999999999999800e-01	9.037000000000000455e+02	3.133790000000000191e+02	7.628819550396821114e+02
1.500000000000000000e+02	1.700000000000000122e-01	9.007000000000000455e+02	3.169959999999999809e+02	7.107183145634918446e+02
1.500000000000000000e+02	1.000000000000000056e-01	8.992000000000000455e+02	3.190389999999999873e+02	5.032069896487039387e+02
1.500000000000000000e+02	1.000000000000000056e-01	8.991000000000000227e+02	3.190389999999999873e+02	5.032196745774245983e+02
1.550000000000000000e+02	1.149999999999999911e+00	8.555000000000000000e+02	2.910830000000000268e+02	7.023025104304027764e+02
1.550000000000000000e+02	1.070000000000000062e+00	8.533999999999999773e+02	2.942359999999999900e+02	7.216465383150185744e+02
1.550000000000000000e+02	9.499999999999999556e-01	8.502999999999999545e+02	2.986899999999999977e+02	7.862978686843712239e+02
1.550000000000000000e+02	8.699999999999999956e-01	8.482000000000000455e+02	3.015070000000000050e+02	7.785824229975578419e+02
1.550000000000000000e+02	7.600000000000000089e-01	8.451000000000000227e+02	3.052139999999999986e+02	7.228820822557997872e+02
1.550000000000000000e+02	6.800000000000000488e-01	8.430000000000000000e+02	3.078039999999999736e+02	7.039090570451770645e+02
1.550000000000000000e+02	4.799999999999999822e-01	8.372999999999999545e+02	3.139490000000000123e+02	6.288096670970695641e+02
1.600000000000000000e+02	1.639999999999999902e+00	7.972000000000000455e+02	7.968990000000000009e+02	7.330597063100626656e+02
1.600000000000000000e+02	1.540000000000000036e+00	7.937999999999999545e+02	2.853360000000000127e+02	7.684536875541126619e+02
1.600000000000000000e+02	1.540000000000000036e+00	7.937000000000000455e+02	2.853360000000000127e+02	7.684703059176935085e+02
1.600000000000000000e+02	1.459999999999999964e+00	7.915000000000000000e+02	2.887149999999999750e+02	7.659873985293087344e+02
1.600000000000000000e+02	1.459999999999999964e+00	7.912000000000000455e+02	2.887149999999999750e+02	7.660307882991405677e+02
1.600000000000000000e+02	1.439999999999999947e+00	7.907999999999999545e+02	2.895280000000000200e+02	7.641317348167654018e+02
1.600000000000000000e+02	1.340000000000000080e+00	7.877000000000000455e+02	2.934289999999999736e+02	7.604297670144028416e+02
1.600000000000000000e+02	1.270000000000000018e+00	7.852999999999999545e+02	2.960190000000000055e+02	7.445700495249786854e+02
1.600000000000000000e+02	1.260000000000000009e+00	7.851000000000000227e+02	2.963799999999999955e+02	7.436078921403980075e+02
1.600000000000000000e+02	1.189999999999999947e+00	7.826000000000000227e+02	2.988580000000000041e+02	7.465686292775866377e+02
1.600000000000000000e+02	1.149999999999999911e+00	7.812999999999999545e+02	3.002339999999999804e+02	7.482233342143215395e+02
1.600000000000000000e+02	1.070000000000000062e+00	7.783999999999999773e+02	3.029100000000000250e+02	7.526167235664764803e+02
1.600000000000000000e+02	1.000000000000000000e+00	7.762999999999999545e+02	3.051759999999999877e+02	7.698131253140958279e+02
1.600000000000000000e+02	9.499999999999999556e-01	7.747000000000000455e+02	3.067549999999999955e+02	7.746454926588081662e+02
1.600000000000000000e+02	8.699999999999999956e-01	7.721000000000000227e+02	3.092180000000000177e+02	7.492075429074585600e+02
1.600000000000000000e+02	8.699999999999999956e-01	7.717999999999999545e+02	3.092180000000000177e+02	7.492649285588595376e+02
1.600000000000000000e+02	7.900000000000000355e-01	7.697999999999999545e+02	3.116109999999999900e+02	7.292615575840727615e+02
1.630000000000000000e+02	1.739999999999999991e+00	7.538999999999999773e+02	2.838410000000000082e+02	6.606622905158727690e+02
1.630000000000000000e+02	1.739999999999999991e+00	7.537999999999999545e+02	2.838410000000000082e+02	6.606811657142854983e+02
1.630000000000000000e+02	1.659999999999999920e+00	7.511000000000000227e+02	2.872509999999999764e+02	6.904197710522718126e+02
1.630000000000000000e+02	1.590000000000000080e+00	7.486000000000000227e+02	2.900649999999999977e+02	7.121954886918448437e+02
1.630000000000000000e+02	1.540000000000000036e+00	7.467000000000000455e+02	2.919929999999999950e+02	7.214401159559882899e+02
1.630000000000000000e+02	1.459999999999999964e+00	7.437999999999999545e+02	2.949540000000000077e+02	7.103953477705628075e+02
1.630000000000000000e+02	1.399999999999999911e+00	7.416000000000000227e+02	2.970869999999999891e+02	6.973703251795265032e+02
1.630000000000000000e+02	1.340000000000000080e+00	7.397000000000000455e+02	2.991539999999999964e+02	6.832598517254479020e+02
1.630000000000000000e+02	1.260000000000000009e+00	7.371000000000000227e+02	3.018170000000000073e+02	6.452069504551822092e+02
1.670000000000000000e+02	1.439999999999999947e+00	7.148999999999999773e+02	3.032130000000000223e+02	6.399468188471643089e+02
1.670000000000000000e+02	2.040000000000000036e+00	6.988999999999999773e+02	2.811030000000000086e+02	6.494923547510823028e+02
1.670000000000000000e+02	2.040000000000000036e+00	6.987000000000000455e+02	2.811030000000000086e+02	6.495273768650793045e+02
1.670000000000000000e+02	1.969999999999999973e+00	6.957999999999999545e+02	2.841809999999999832e+02	6.554859747907647716e+02
1.670000000000000000e+02	1.889999999999999902e+00	6.925000000000000000e+02	2.874800000000000182e+02	6.616343284018757913e+02
1.670000000000000000e+02	1.850000000000000089e+00	6.907999999999999545e+02	2.890559999999999832e+02	6.614616316522365196e+02
1.670000000000000000e+02	1.780000000000000027e+00	6.877000000000000455e+02	2.917110000000000127e+02	6.564518059920635551e+02
1.670000000000000000e+02	1.620000000000000107e+00	6.803999999999999773e+02	2.973720000000000141e+02	6.707058612193362706e+02
1.670000000000000000e+02	1.550000000000000044e+00	6.772000000000000455e+02	2.997010000000000218e+02	6.762431133694085474e+02
1.670000000000000000e+02	1.530000000000000027e+00	6.765000000000000000e+02	3.003530000000000086e+02	6.765076831204905830e+02
1.670000000000000000e+02	1.520000000000000018e+00	6.757999999999999545e+02	3.006759999999999877e+02	6.713703433477630824e+02
1.670000000000000000e+02	1.459999999999999964e+00	6.731000000000000227e+02	3.025869999999999891e+02	6.598626225144300861e+02
1.700000000000000000e+02	2.350000000000000089e+00	6.586000000000000227e+02	6.585359999999999445e+02	5.740250203113881753e+02
1.700000000000000000e+02	2.279999999999999805e+00	6.550000000000000000e+02	2.789780000000000086e+02	5.819387715850812128e+02
1.700000000000000000e+02	2.240000000000000213e+00	6.532000000000000455e+02	2.808039999999999736e+02	5.661930658582921296e+02
1.700000000000000000e+02	2.200000000000000178e+00	6.510000000000000000e+02	2.825600000000000023e+02	5.831879602169070722e+02
1.700000000000000000e+02	2.169999999999999929e+00	6.492999999999999545e+02	2.838360000000000127e+02	5.926461254031098633e+02
1.700000000000000000e+02	2.160000000000000142e+00	6.491000000000000227e+02	2.842529999999999859e+02	5.950757740244563365e+02
1.700000000000000000e+02	2.049999999999999822e+00	6.433999999999999773e+02	2.886379999999999768e+02	5.977559619047616479e+02
1.700000000000000000e+02	1.939999999999999947e+00	6.375000000000000000e+02	2.926960000000000264e+02	5.850806922619045736e+02
1.730000000000000000e+02	2.549999999999999822e+00	6.096000000000000227e+02	2.760199999999999818e+02	5.084528777777777577e+02
1.730000000000000000e+02	2.509999999999999787e+00	6.072999999999999545e+02	2.779309999999999832e+02	5.531467415328951347e+02
1.730000000000000000e+02	2.479999999999999982e+00	6.050000000000000000e+02	2.793090000000000259e+02	5.647180868688502642e+02
1.730000000000000000e+02	2.439999999999999947e+00	6.026000000000000227e+02	2.810810000000000173e+02	5.626173719916685059e+02
1.730000000000000000e+02	2.379999999999999893e+00	5.995000000000000000e+02	2.836179999999999950e+02	5.624740148533004458e+02
1.730000000000000000e+02	2.359999999999999876e+00	5.978999999999999773e+02	2.844340000000000259e+02	5.597324521085614606e+02
1.730000000000000000e+02	2.319999999999999840e+00	5.956000000000000227e+02	2.860280000000000200e+02	5.449973275727214741e+02
1.730000000000000000e+02	2.279999999999999805e+00	5.937000000000000455e+02	2.875740000000000123e+02	5.394079985841772213e+02
1.730000000000000000e+02	2.259999999999999787e+00	5.923999999999999773e+02	2.883299999999999841e+02	5.346198225594339419e+02
1.770000000000000000e+02	2.939999999999999947e+00	5.448999999999999773e+02	2.715640000000000214e+02	4.940694600396827241e+02
1.770000000000000000e+02	2.939999999999999947e+00	5.447999999999999545e+02	2.715640000000000214e+02	4.940852955555557173e+02
1.770000000000000000e+02	2.899999999999999911e+00	5.417000000000000455e+02	2.736399999999999864e+02	4.962116682936508596e+02
1.770000000000000000e+02	2.859999999999999876e+00	5.387000000000000455e+02	2.756050000000000182e+02	4.980047035317461450e+02
1.770000000000000000e+02	2.830000000000000071e+00	5.361000000000000227e+02	2.770160000000000196e+02	4.876571611507939110e+02
1.770000000000000000e+02	2.500000000000000000e+00	5.336000000000000227e+02	2.901519999999999868e+02	4.946832248412696345e+02
1.770000000000000000e+02	2.770000000000000018e+00	5.311000000000000227e+02	2.796999999999999886e+02	4.639624790873016877e+02
1.800000000000000000e+02	3.250000000000000000e+00	4.916000000000000227e+02	2.681580000000000155e+02	4.516770653343386925e+02
1.800000000000000000e+02	3.229999999999999982e+00	4.888000000000000114e+02	2.692980000000000018e+02	4.513917811085972858e+02
1.800000000000000000e+02	3.220000000000000195e+00	4.881000000000000227e+02	2.698539999999999850e+02	4.558811815799394367e+02
1.800000000000000000e+02	3.180000000000000160e+00	4.836999999999999886e+02	2.719839999999999804e+02	4.544397916855204471e+02
1.800000000000000000e+02	3.149999999999999911e+00	4.801000000000000227e+02	2.734990000000000236e+02	4.565740722048046791e+02
1.830000000000000000e+02	3.609999999999999876e+00	4.363000000000000114e+02	2.624820000000000277e+02	4.070931408748604099e+02
1.830000000000000000e+02	3.609999999999999876e+00	4.358000000000000114e+02	2.624820000000000277e+02	4.071605979214902504e+02
1.830000000000000000e+02	3.600000000000000089e+00	4.341999999999999886e+02	2.631770000000000209e+02	4.056273138040389767e+02
1.830000000000000000e+02	3.580000000000000071e+00	4.320000000000000000e+02	2.645129999999999768e+02	4.068170332219089573e+02
1.830000000000000000e+02	3.580000000000000071e+00	4.305000000000000000e+02	2.645129999999999768e+02	4.070209519808460072e+02
1.830000000000000000e+02	3.560000000000000053e+00	4.276999999999999886e+02	2.657819999999999823e+02	4.017132697753065713e+02
1.830000000000000000e+02	3.540000000000000036e+00	4.243999999999999773e+02	2.669950000000000045e+02	3.892345647967719060e+02
2.525399999999999920e+02	1.000000000000000056e-01	4.108299999999999841e+02	4.149680000000000177e+02	4.196895860819928998e+02
2.528499999999999943e+02	1.000000000000000056e-01	4.108299999999999841e+02	4.152119999999999891e+02	4.196177432248499599e+02
2.530999999999999943e+02	1.000000000000000056e-01	4.107599999999999909e+02	4.154080000000000155e+02	4.200079390162702566e+02
2.260900000000000034e+02	1.000000000000000056e-01	3.894499999999999886e+02	3.932719999999999914e+02	3.958494780049596784e+02
2.257400000000000091e+02	1.000000000000000056e-01	3.893500000000000227e+02	3.929730000000000132e+02	3.958673579386753545e+02
2.264699999999999989e+02	1.000000000000000056e-01	3.893500000000000227e+02	3.935969999999999800e+02	3.958673579386753545e+02
2.260500000000000114e+02	1.000000000000000056e-01	3.893700000000000045e+02	3.932379999999999995e+02	3.958637819519320260e+02
2.035300000000000011e+02	1.000000000000000056e-01	3.700199999999999818e+02	3.732509999999999764e+02	3.829809413625740717e+02
1.866200000000000045e+02	1.000000000000000056e-01	3.525299999999999727e+02	3.572330000000000041e+02	3.802410084544334836e+02
1.863000000000000114e+02	1.000000000000000056e-01	3.525500000000000114e+02	3.569209999999999923e+02	3.816836521036100862e+02
1.848000000000000114e+02	1.000000000000000056e-01	3.524900000000000091e+02	3.554529999999999745e+02	3.844538494894139262e+02
1.703400000000000034e+02	1.000000000000000056e-01	3.365899999999999750e+02	3.408999999999999773e+02	4.335820283796710441e+02
1.686200000000000045e+02	1.000000000000000056e-01	3.365500000000000114e+02	3.391179999999999950e+02	4.460529679644347993e+02
1.547700000000000102e+02	1.000000000000000056e-01	3.219700000000000273e+02	3.243279999999999745e+02	5.469516652905282399e+02
1.441800000000000068e+02	1.000000000000000056e-01	3.086100000000000136e+02	3.124370000000000118e+02	5.013564042652803892e+02
1.442599999999999909e+02	1.000000000000000056e-01	3.085600000000000023e+02	3.125289999999999964e+02	5.013631504305147928e+02
1.335500000000000114e+02	1.000000000000000056e-01	2.962900000000000205e+02	2.999019999999999868e+02	5.045712982904784667e+02
1.242099999999999937e+02	1.000000000000000056e-01	2.849100000000000250e+02	2.882909999999999968e+02	5.139246813669969924e+02
1.155799999999999983e+02	1.000000000000000056e-01	2.743999999999999773e+02	2.769440000000000168e+02	5.716361855105621999e+02
1.400300000000000011e+02	6.500000000000000222e-01	1.038500000000000000e+03	1.037460000000000036e+03	6.742979521520143180e+02
2.741499999999999773e+02	1.000000000000000056e-01	4.291999999999999886e+02	4.314110000000000014e+02	4.382363189802942429e+02
3.741499999999999773e+02	1.000000000000000056e-01	4.873999999999999773e+02	4.960380000000000109e+02	4.946269596390806100e+02
4.741499999999999773e+02	1.000000000000000056e-01	5.400000000000000000e+02	5.491939999999999600e+02	5.004291259150536462e+02
5.741499999999999773e+02	1.000000000000000056e-01	5.872999999999999545e+02	5.964719999999999800e+02	5.037011950915750731e+02
3.001499999999999773e+02	1.300000000000000044e+00	4.110000000000000000e+02	4.463100000000000023e+02	4.413953902403151233e+02
3.001499999999999773e+02	1.550000000000000044e+00	4.170000000000000000e+02	4.456410000000000196e+02	4.271079555638805800e+02
3.001499999999999773e+02	1.790000000000000036e+00	4.170000000000000000e+02	4.450219999999999914e+02	4.324771942940393501e+02
3.001499999999999773e+02	2.029999999999999805e+00	4.170000000000000000e+02	4.444270000000000209e+02	4.403068088178487756e+02
3.001499999999999773e+02	2.279999999999999805e+00	4.170000000000000000e+02	4.438340000000000032e+02	4.315109073099122838e+02
3.001499999999999773e+02	2.520000000000000018e+00	4.230000000000000000e+02	4.432909999999999968e+02	4.486085141164392667e+02
3.001499999999999773e+02	2.899999999999999911e+00	4.240000000000000000e+02	4.424839999999999804e+02	4.443393557995144647e+02
3.001499999999999773e+02	3.000000000000000000e+00	4.200000000000000000e+02	4.422839999999999918e+02	4.333022996814295880e+02
3.001499999999999773e+02	4.139999999999999680e+00	4.090000000000000000e+02	4.403580000000000041e+02	4.330868693443753159e+02
3.000000000000000000e+02	2.459999999999999964e+00	4.476999999999999886e+02	4.433039999999999736e+02	4.439187068112443626e+02
2.400000000000000000e+02	3.529999999999999805e+00	3.803000000000000114e+02	3.807470000000000141e+02	3.842531829765042630e+02
2.400000000000000000e+02	3.419999999999999929e+00	3.803000000000000114e+02	3.814429999999999836e+02	3.835047153184955846e+02
2.400000000000000000e+02	2.120000000000000107e+00	3.896999999999999886e+02	3.901859999999999786e+02	4.088037254365079320e+02
2.400000000000000000e+02	1.820000000000000062e+00	3.935000000000000000e+02	3.923079999999999927e+02	4.104537361507937021e+02
2.100000000000000000e+02	4.419999999999999929e+00	3.260000000000000000e+02	3.263319999999999936e+02	2.972410910683761358e+02
2.100000000000000000e+02	2.299999999999999822e+00	3.521999999999999886e+02	3.530040000000000191e+02	3.659121942929292004e+02
2.550000000000000000e+02	4.379999999999999893e+00	3.944700000000000273e+02	3.944879999999999995e+02	3.624171644735819200e+02
2.550000000000000000e+02	3.609999999999999876e+00	3.977400000000000091e+02	3.977629999999999768e+02	4.039568135361136001e+02
2.550000000000000000e+02	2.700000000000000178e+00	4.022200000000000273e+02	4.021770000000000209e+02	3.791437238457556873e+02
2.550000000000000000e+02	1.750000000000000000e+00	4.072599999999999909e+02	4.072610000000000241e+02	4.216761125000000447e+02
2.550000000000000000e+02	9.599999999999999645e-01	4.117400000000000091e+02	4.117679999999999723e+02	4.541525674844598939e+02
2.550000000000000000e+02	2.300000000000000100e-01	4.160699999999999932e+02	4.161080000000000041e+02	4.657950754603308496e+02
2.550000000000000000e+02	1.700000000000000122e-01	4.164599999999999795e+02	4.164710000000000036e+02	4.872963525005309862e+02
2.550000000000000000e+02	1.000000000000000056e-01	4.158899999999999864e+02	4.168949999999999818e+02	4.228663501661367832e+02
2.550000000000000000e+02	5.000000000000000278e-02	4.189599999999999795e+02	4.171990000000000123e+02	4.184936297004777543e+02
2.731600000000000250e+02	4.370000000000000107e+00	4.144300000000000068e+02	4.144329999999999927e+02	3.893198451972363614e+02
2.731600000000000250e+02	3.669999999999999929e+00	4.163999999999999773e+02	4.164209999999999923e+02	4.073698505574378146e+02
2.731600000000000250e+02	3.020000000000000018e+00	4.185299999999999727e+02	4.185539999999999736e+02	4.155122678838854995e+02
2.731600000000000250e+02	2.069999999999999840e+00	4.221000000000000227e+02	4.220939999999999941e+02	4.327291917063490700e+02
2.731600000000000250e+02	1.580000000000000071e+00	4.240899999999999750e+02	4.240889999999999986e+02	4.253987316468253539e+02
2.731600000000000250e+02	1.550000000000000044e+00	4.241899999999999977e+02	4.242149999999999750e+02	4.250717155753967518e+02
2.731600000000000250e+02	1.000000000000000000e+00	4.266000000000000227e+02	4.265779999999999745e+02	4.405284628554776987e+02
2.731600000000000250e+02	5.999999999999999778e-01	4.283700000000000045e+02	4.283679999999999950e+02	4.435623466793411467e+02
2.731600000000000250e+02	2.200000000000000011e-01	4.300899999999999750e+02	4.301179999999999950e+02	4.714360314362027680e+02
3.000000000000000000e+02	4.089999999999999858e+00	4.402900000000000205e+02	4.402970000000000255e+02	4.295386099542789680e+02
3.000000000000000000e+02	3.390000000000000124e+00	4.414200000000000159e+02	4.414220000000000255e+02	4.160363214736495934e+02
3.000000000000000000e+02	2.629999999999999893e+00	4.429300000000000068e+02	4.429289999999999736e+02	4.292634467069222524e+02
3.000000000000000000e+02	1.850000000000000089e+00	4.447500000000000000e+02	4.447559999999999718e+02	4.354921999607337284e+02
3.000000000000000000e+02	1.139999999999999902e+00	4.666499999999999773e+02	4.466410000000000196e+02	4.428963916715230198e+02
3.000000000000000000e+02	2.399999999999999911e-01	4.492799999999999727e+02	4.493020000000000209e+02	4.804846862913415748e+02
3.000000000000000000e+02	1.700000000000000122e-01	4.494900000000000091e+02	4.495210000000000150e+02	5.027831983911318616e+02
3.000000000000000000e+02	1.000000000000000056e-01	4.496899999999999977e+02	4.497420000000000186e+02	4.577228920162399390e+02
3.500000000000000000e+02	4.139999999999999680e+00	4.792099999999999795e+02	4.793389999999999986e+02	4.608392188569702057e+02
3.500000000000000000e+02	3.160000000000000142e+00	4.792900000000000205e+02	4.794209999999999923e+02	4.717673726250861250e+02
3.500000000000000000e+02	3.160000000000000142e+00	4.792900000000000205e+02	4.794209999999999923e+02	4.717673726250861250e+02
3.500000000000000000e+02	2.080000000000000071e+00	4.797799999999999727e+02	4.799119999999999777e+02	4.734847110714285350e+02
3.500000000000000000e+02	1.260000000000000009e+00	4.803899999999999864e+02	4.805480000000000018e+02	4.739172908898048036e+02
3.500000000000000000e+02	6.600000000000000311e-01	4.809900000000000091e+02	4.811499999999999773e+02	4.715978268517412175e+02
3.500000000000000000e+02	2.099999999999999922e-01	4.814700000000000273e+02	4.816739999999999782e+02	4.966349376716701158e+02
2.931499999999999773e+02	1.000000000000000056e-01	4.461999999999999886e+02	4.450149999999999864e+02	4.483118209732612627e+02
2.931499999999999773e+02	9.799999999999999822e-01	4.440000000000000000e+02	4.420590000000000259e+02	4.458912700022199829e+02
2.931499999999999773e+02	1.959999999999999964e+00	4.413000000000000114e+02	4.391100000000000136e+02	4.382721963034187524e+02
2.931499999999999773e+02	2.939999999999999947e+00	4.391999999999999886e+02	4.365799999999999841e+02	4.484221385308652543e+02
2.931499999999999773e+02	3.919999999999999929e+00	4.370000000000000000e+02	4.345350000000000250e+02	4.280692469151136947e+02
3.231499999999999773e+02	1.000000000000000056e-01	4.660000000000000000e+02	4.650849999999999795e+02	4.699807679703158669e+02
3.231499999999999773e+02	9.799999999999999822e-01	4.643000000000000114e+02	4.633120000000000118e+02	4.663448468850592121e+02
3.231499999999999773e+02	1.959999999999999964e+00	4.620000000000000000e+02	4.616560000000000059e+02	4.678451166034436710e+02
3.231499999999999773e+02	2.939999999999999947e+00	4.603999999999999773e+02	4.603679999999999950e+02	4.651479095652173328e+02
3.231499999999999773e+02	3.919999999999999929e+00	4.598000000000000114e+02	4.594859999999999900e+02	4.515634340027606299e+02
3.481499999999999773e+02	1.000000000000000056e-01	4.820000000000000000e+02	4.806909999999999741e+02	4.790080519810973669e+02
3.481499999999999773e+02	9.799999999999999822e-01	4.806999999999999886e+02	4.796480000000000246e+02	4.804874225305250093e+02
3.481499999999999773e+02	1.959999999999999964e+00	4.795000000000000000e+02	4.787749999999999773e+02	4.782550182142857125e+02
3.481499999999999773e+02	2.939999999999999947e+00	4.788999999999999773e+02	4.782239999999999895e+02	4.782226135213941802e+02
3.481499999999999773e+02	3.919999999999999929e+00	4.783000000000000114e+02	4.780199999999999818e+02	4.700909800224292212e+02
3.731499999999999773e+02	1.000000000000000056e-01	4.968000000000000114e+02	4.954619999999999891e+02	4.936927300689166600e+02
3.731499999999999773e+02	9.799999999999999822e-01	4.958000000000000114e+02	4.949900000000000091e+02	4.920904482661781572e+02
3.731499999999999773e+02	1.959999999999999964e+00	4.948000000000000114e+02	4.947180000000000177e+02	4.910738282539681450e+02
3.731499999999999773e+02	2.939999999999999947e+00	4.945000000000000000e+02	4.947280000000000086e+02	4.925579156746032936e+02
3.731499999999999773e+02	3.919999999999999929e+00	4.948000000000000114e+02	4.950350000000000250e+02	4.906245605555556608e+02
3.981499999999999773e+02	1.000000000000000056e-01	5.108999999999999773e+02	5.095430000000000064e+02	4.974597307441952694e+02
3.981499999999999773e+02	9.799999999999999822e-01	5.096999999999999886e+02	5.095230000000000246e+02	4.978038957356532705e+02
3.981499999999999773e+02	1.959999999999999964e+00	5.091000000000000227e+02	5.097250000000000227e+02	4.979952609920634359e+02
3.981499999999999773e+02	2.939999999999999947e+00	5.091999999999999886e+02	5.101720000000000255e+02	5.005782381929181497e+02
3.981499999999999773e+02	3.919999999999999929e+00	5.100000000000000000e+02	5.108750000000000000e+02	4.931811746581195735e+02
4.231499999999999773e+02	1.000000000000000056e-01	5.233999999999999773e+02	5.230510000000000446e+02	5.057316246979590346e+02
4.231499999999999773e+02	9.799999999999999822e-01	5.228999999999999773e+02	5.233949999999999818e+02	5.000375451556776056e+02
4.231499999999999773e+02	1.959999999999999964e+00	5.228999999999999773e+02	5.239759999999999991e+02	5.019396243253967782e+02
4.231499999999999773e+02	2.939999999999999947e+00	5.232000000000000455e+02	5.247720000000000482e+02	5.008471347619044991e+02
4.231499999999999773e+02	3.919999999999999929e+00	5.238999999999999773e+02	5.257880000000000109e+02	4.936538184523809605e+02
