Temperature (K)	Pressure (MPa)	Volume (m3/kg)	Reference
252.833	4.5897	0.0235269782447914	Vennix-1965
203.399	4.8559	0.0245381743814196	Vennix-1965
273.38	5.1058	0.0244736357269658	Vennix-1965
208.574	6.027	0.0096487045610661	Vennix-1965
223.234	7.2346	0.0096551299578561	Vennix-1965
234.44	8.1433	0.009659917205236	Vennix-1965
243.733	8.8913	0.0096645593803672	Vennix-1965
243.773	8.8939	0.0096645593803672	Vennix-1965
251.376	9.5018	0.0096683063211812	Vennix-1965
262.19	10.3505	0.0096729565647106	Vennix-1965
272.155	11.1478	0.0096776112837231	Vennix-1965
272.185	11.1494	0.0096776112837231	Vennix-1965
191.032	4.6145	0.0086180920433603	Vennix-1965
193.325	4.8336	0.0086210713605388	Vennix-1965
197.737	5.2722	0.0086225021645929	Vennix-1965
202.753	5.7627	0.0086247685758971	Vennix-1965
203.224	6.2909	0.00862703617896	Vennix-1965
212.165	6.6689	0.0086284689637767	Vennix-1965
217.136	7.1421	0.0086307385133069	Vennix-1965
222.926	7.6909	0.008632889714454	Vennix-1965
230.05	8.3614	0.0086358792734475	Vennix-1965
237.336	9.0432	0.0086388709037195	Vennix-1965
242.709	9.5434	0.008641145929322	Vennix-1965
248.444	10.0757	0.0086434221534851	Vennix-1965
250.194	10.2376	0.0086441412102758	Vennix-1965
253.445	10.5378	0.0086455796828324	Vennix-1965
253.642	11.0172	0.0086478582437542	Vennix-1965
263.05	11.4229	0.008649417951258	Vennix-1965
268.301	11.9049	0.0086515784753018	Vennix-1965
273.171	12.3604	0.0086538601997269	Vennix-1965
191.032	4.6579	0.0068961704848096	Vennix-1965
191.551	4.7318	0.0063377187812211	Vennix-1965
192.938	4.9282	0.0063381053689228	Vennix-1965
195.243	5.2563	0.0063389431374233	Vennix-1965
197.562	5.587	0.0063393298745104	Vennix-1965
200.411	5.9977	0.00634010349027	Vennix-1965
202.829	6.3417	0.0063409417871107	Vennix-1965
206.37	6.8503	0.0063421673890268	Vennix-1965
213.503	7.8771	0.0063441680727457	Vennix-1965
223.647	9.3389	0.006347397643135	Vennix-1965
236.398	11.1767	0.0063514068798134	Vennix-1965
248.147	12.8674	0.0063546438262805	Vennix-1965
255.163	13.8749	0.0063570412916022	Vennix-1965
273.167	16.4504	0.0063622961170397	Vennix-1965
191.032	4.6607	0.0061027770638206	Vennix-1965
191.04	4.6618	0.0061045099924479	Vennix-1965
191.229	4.69	0.0061045099924479	Vennix-1965
191.428	4.7188	0.0061045099924479	Vennix-1965
191.82	4.7762	0.0061045099924479	Vennix-1965
192.076	4.8131	0.0061045099924479	Vennix-1965
193.522	5.0263	0.0061052871420332	Vennix-1965
195.158	5.27	0.0061056458931996	Vennix-1965
197.926	5.6836	0.0061064233320475	Vennix-1965
200.575	6.0814	0.0061071411436535	Vennix-1965
204.037	6.6036	0.0061082780238938	Vennix-1965
207.855	7.1799	0.0061093554588447	Vennix-1965
207.855	7.1833	0.0061093554588447	Vennix-1965
213.044	7.9691	0.0061108525269915	Vennix-1965
233.386	11.0688	0.0061168481437641	Vennix-1965
252.887	14.0387	0.0061224346356021	Vennix-1965
273.016	17.0925	0.0061284530125011	Vennix-1965
273.058	17.0967	0.0061284530125011	Vennix-1965
191.032	4.6643	0.0055872936182245	Vennix-1965
191.848	4.7983	0.0055892471648487	Vennix-1965
191.873	4.8009	0.0055892471648487	Vennix-1965
193.248	5.0248	0.0055895478317394	Vennix-1965
195.11	5.334	0.0055898485309799	Vennix-1965
197.3	5.6992	0.0055906004206457	Vennix-1965
199.216	6.0228	0.0055911017928069	Vennix-1965
200.901	6.3092	0.0055914026592711	Vennix-1965
203.064	6.6782	0.0055920546477053	Vennix-1965
207.564	7.4516	0.0055933088990752	Vennix-1965
213.197	8.4266	0.0055948649523806	Vennix-1965
213.204	8.4282	0.0055948649523806	Vennix-1965
213.212	8.4293	0.0055948649523806	Vennix-1965
223.184	10.166	0.0055976780831311	Vennix-1965
233.161	11.9122	0.0056001921985962	Vennix-1965
243.137	13.6601	0.0056030106903875	Vennix-1965
253.153	15.4123	0.0056055295993375	Vennix-1965
263.124	17.1554	0.0056083534675092	Vennix-1965
273.092	18.8977	0.0056108771836664	Vennix-1965
273.15	18.8927	0.0056108771836664	Vennix-1965
191.032	4.6701	0.0052983988281128	Vennix-1965
192.498	4.9295	0.0053002456663866	Vennix-1965
195.84	5.5256	0.0053010568801918	Vennix-1965
198.182	5.9511	0.0053016429112771	Vennix-1965
203.434	6.9192	0.0053030408930422	Vennix-1965
212.034	8.5308	0.005305297256548	Vennix-1965
212.035	8.531	0.005305297256548	Vennix-1965
222.632	10.5407	0.0053080978153334	Vennix-1965
233.402	12.5956	0.0053106298948739	Vennix-1965
233.403	12.5973	0.0053106298948739	Vennix-1965
237.033	13.2922	0.0053117610676384	Vennix-1965
237.034	13.292	0.0053117610676384	Vennix-1965
243.378	14.5053	0.0053134813734422	Vennix-1965
243.381	14.505	0.0053134813734422	Vennix-1965
253.284	16.3987	0.0053157013080218	Vennix-1965
263.449	18.3402	0.0053185582367234	Vennix-1965
268.3	19.2683	0.0053196927898692	Vennix-1965
268.3	19.2678	0.0053196927898692	Vennix-1965
272.694	20.105	0.0053208278271633	Vennix-1965
272.695	20.1049	0.0053208278271633	Vennix-1965
272.698	20.1046	0.0053208278271633	Vennix-1965
191.032	4.7247	0.0048450856538467	Vennix-1965
191.454	4.8097	0.0049230976697679	Vennix-1965
192.397	4.9969	0.0048467806616553	Vennix-1965
196.505	5.8521	0.0049243031200089	Vennix-1965
203.573	7.3642	0.0048493442580912	Vennix-1965
209.295	8.611	0.0048507780376328	Vennix-1965
218.622	10.6682	0.004852892521941	Vennix-1965
228.103	12.7755	0.0048552357094584	Vennix-1965
238.55	15.1093	0.0048576190092854	Vennix-1965
245.92	16.7546	0.0049364292564074	Vennix-1965
252.972	18.3347	0.0048611414932454	Vennix-1965
260.108	19.93	0.0048628098256612	Vennix-1965
267.312	21.5373	0.0049415549448628	Vennix-1965
274.151	23.0576	0.0048661119467739	Vennix-1965
191.075	4.8615	0.0045342181757327	Vennix-1965
192.892	5.2817	0.0045352736806367	Vennix-1965
195.048	5.7893	0.0045350097583432	Vennix-1965
195.065	5.7928	0.0045350097583432	Vennix-1965
197.1	6.2787	0.00453543864767	Vennix-1965
203.01	6.9812	0.0045360656318618	Vennix-1965
203.322	7.7904	0.0045368908752163	Vennix-1965
207.197	8.7439	0.0045376833913817	Vennix-1965
213.323	10.2706	0.0045391370570283	Vennix-1965
222.792	12.6432	0.0045411869856265	Vennix-1965
227.846	13.9174	0.0045422457378927	Vennix-1965
233.272	15.2884	0.0045434705357843	Vennix-1965
238.506	16.6109	0.0045446959943776	Vennix-1965
242.985	17.7429	0.0045457563836784	Vennix-1965
248.766	19.2026	0.0045469830758197	Vennix-1965
253.111	20.3005	0.0045478122967241	Vennix-1965
258.314	21.6145	0.0045490400988604	Vennix-1965
262.932	22.7811	0.0045500693084757	Vennix-1965
267.819	24.0117	0.0045517967707951	Vennix-1965
267.886	24.0266	0.0045517967707951	Vennix-1965
273.153	25.3551	0.0045523618026325	Vennix-1965
191.453	5.3786	0.004165161654922	Vennix-1965
194.804	6.3256	0.0041658574488572	Vennix-1965
199.611	7.7104	0.0041668876506084	Vennix-1965
203.054	8.7135	0.0041675840213695	Vennix-1965
207.627	10.0574	0.0041684478444305	Vennix-1965
212.935	11.6265	0.0041695072129472	Vennix-1965
221.36	14.131	0.0041712368127599	Vennix-1965
228.637	16.3016	0.0041728002657773	Vennix-1965
236.599	18.6801	0.0041743648912536	Vennix-1965
245.086	21.214	0.0041766860492187	Vennix-1965
233.068	23.5968	0.0041778615949655	Vennix-1965
260.836	25.9036	0.0041794300190302	Vennix-1965
268.824	28.2716	0.0041809996211512	Vennix-1965
275.154	30.1472	0.0041824020481858	Vennix-1965
194.419	7.7509	0.0037752294810992	Vennix-1965
198.42	9.1963	0.0037759382983891	Vennix-1965
201.044	10.1638	0.0037765101191437	Vennix-1965
207.77	12.6173	0.0037778374105215	Vennix-1965
213.666	14.7882	0.003778936564322	Vennix-1965
222.393	18.1824	0.0037806552731528	Vennix-1965
232.812	21.835	0.0037825132355433	Vennix-1965
241.295	24.9578	0.0037840744170625	Vennix-1965
254.531	29.8027	0.0037865105953836	Vennix-1965
261.826	32.4594	0.0037879369843651	Vennix-1965
267.883	34.6584	0.0037890880810809	Vennix-1965
272.981	36.4997	0.003790101625056	Vennix-1965
196.384	10.4601	0.0035530812213759	Vennix-1965
200.537	12.2244	0.0035534457500483	Vennix-1965
208.822	15.7426	0.0035548235336541	Vennix-1965
217.044	19.2276	0.0035563443875138	Vennix-1965
225.022	22.5971	0.0035577447228506	Vennix-1965
233.079	25.9963	0.0035592680778073	Vennix-1965
240.996	29.3223	0.0035606503809924	Vennix-1965
250.735	33.3921	0.0035624204823218	Vennix-1965
258.646	36.6598	0.0035638256077006	Vennix-1965
266.75	10.0092	0.0036274431337347	Vennix-1965
274.303	13.1136	0.0036289000314828	Vennix-1965
193.63	11.7303	0.0033738197096604	Vennix-1965
198.667	14.1558	0.0033747328460237	Vennix-1965
203.156	16.3161	0.0033755185387191	Vennix-1965
208.214	18.7511	0.0033763228821329	Vennix-1965
212.424	20.7694	0.0033771276089678	Vennix-1965
218.758	23.8049	0.003378152361725	Vennix-1965
223.742	26.1867	0.003379067845208	Vennix-1965
229.135	28.7485	0.0033799655005569	Vennix-1965
233.395	30.7683	0.0033806619698543	Vennix-1965
237.607	32.7596	0.0033813403868634	Vennix-1965
243.055	35.3252	0.0033823676982477	Vennix-1965
248.039	37.6587	0.0033831753094999	Vennix-1965
253.126	40.0348	0.003384093517827	Vennix-1965
263.283	44.7525	0.0033858027116595	Vennix-1965
272.927	49.184	0.0033874031986869	Vennix-1965
196.089	19.431	0.0031215928204563	Vennix-1965
204.181	24.1785	0.0031229688600905	Vennix-1965
211.525	28.4629	0.0031241269236795	Vennix-1965
219.063	32.8253	0.0031253955188028	Vennix-1965
227.105	37.4341	0.003126665144606	Vennix-1965
235.3	42.1001	0.0031279358023456	Vennix-1965
244.174	47.0891	0.0031294116881273	Vennix-1965
253.828	52.4859	0.0031309833091036	Vennix-1965
259.343	55.5441	0.0031309833091036	Vennix-1965
267.733	60.1053	0.0031332334717516	Vennix-1965
274.489	63.8125	0.0031343046142141	Vennix-1965
197.315	28.4387	0.0029427323797483	Vennix-1965
204.169	33.1269	0.0029440525328255	Vennix-1965
212.644	38.8576	0.0029450816835486	Vennix-1965
228.43	49.3464	0.0029475880293922	Vennix-1965
235.778	54.155	0.0029529072245686	Vennix-1965
247.36	61.652	0.0029504616428007	Vennix-1965
252.992	65.2311	0.0029517468148378	Vennix-1965
196.791	39.6392	0.0027860563274615	Vennix-1965
204.366	45.5919	0.0027872146983343	Vennix-1965
211.255	50.9403	0.0027882243871086	Vennix-1965
218.293	56.3516	0.0027892348076823	Vennix-1965
228.285	62.4075	0.0027942352958704	Vennix-1965
234.42	68.5032	0.0027916453068578	Vennix-1965
398.16	4.8676	0.0415627597672485	Douslin-1964
298.142	4.5804	0.0311720698254364	Douslin-1964
303.143	4.6753	0.0311720698254364	Douslin-1964
323.14	5.053	0.0311720698254364	Douslin-1964
348.143	5.5222	0.0311720698254364	Douslin-1964
373.15	5.992	0.0311720698254364	Douslin-1964
398.16	6.4582	0.0311720698254364	Douslin-1964
273.15	5.0139	0.0249376558603491	Douslin-1964
298.142	5.6263	0.0249376558603491	Douslin-1964
303.143	5.7485	0.0249376558603491	Douslin-1964
323.14	5.2343	0.0249376558603491	Douslin-1964
348.143	6.839	0.0249376558603491	Douslin-1964
373.15	7.4424	0.0249376558603491	Douslin-1964
398.16	8.0411	0.0249376558603491	Douslin-1964
273.15	5.8842	0.0207813798836242	Douslin-1964
298.142	6.6415	0.0207813798836242	Douslin-1964
303.143	6.794	0.0207813798836242	Douslin-1964
323.14	7.3926	0.0207813798836242	Douslin-1964
348.143	8.1391	0.0207813798836242	Douslin-1964
373.15	8.8835	0.0207813798836242	Douslin-1964
398.16	9.6229	0.0207813798836242	Douslin-1964
273.15	6.7222	0.0178126113288208	Douslin-1964
298.142	7.6307	0.0178126113288208	Douslin-1964
303.143	7.6146	0.0178126113288208	Douslin-1964
323.14	8.5324	0.0178126113288208	Douslin-1964
348.143	9.4279	0.0178126113288208	Douslin-1964
373.15	10.32	0.0178126113288208	Douslin-1964
398.16	11.207	0.0178126113288208	Douslin-1964
273.15	7.5307	0.0155860349127182	Douslin-1964
298.142	8.5992	0.0155860349127182	Douslin-1964
303.143	8.8142	0.0155860349127182	Douslin-1964
323.14	9.6585	0.0155860349127182	Douslin-1964
348.143	10.7094	0.0155860349127182	Douslin-1964
373.15	11.7577	0.0155860349127182	Douslin-1964
398.16	12.7993	0.0155860349127182	Douslin-1964
273.15	6.3156	0.0138542532557495	Douslin-1964
298.142	9.5511	0.0138542532557495	Douslin-1964
303.143	9.6002	0.0138542532557495	Douslin-1964
323.14	10.7779	0.0138542532557495	Douslin-1964
348.143	11.992	0.0138542532557495	Douslin-1964
373.15	13.2013	0.0138542532557495	Douslin-1964
398.16	14.4083	0.0138542532557495	Douslin-1964
273.15	9.0802	0.0124688279301745	Douslin-1964
298.142	10.4911	0.0124688279301745	Douslin-1964
303.143	10.7745	0.0124688279301745	Douslin-1964
323.14	11.8912	0.0124688279301745	Douslin-1964
348.143	13.2781	0.0124688279301745	Douslin-1964
373.15	14.6583	0.0124688279301745	Douslin-1964
398.16	16.0346	0.0124688279301745	Douslin-1964
273.15	9.8315	0.0113352981183405	Douslin-1964
298.142	11.4261	0.0113352981183405	Douslin-1964
303.143	11.7449	0.0113352981183405	Douslin-1964
323.14	13.003	0.0113352981183405	Douslin-1964
348.143	14.5746	0.0113352981183405	Douslin-1964
373.15	16.1321	0.0113352981183405	Douslin-1964
393.16	17.6887	0.0113352981183405	Douslin-1964
273.15	10.566	0.0103906899418121	Douslin-1964
298.142	12.3585	0.0103906899418121	Douslin-1964
303.143	12.716	0.0103906899418121	Douslin-1964
323.14	14.1261	0.0103906899418121	Douslin-1964
343.143	15.8896	0.0103906899418121	Douslin-1964
373.15	17.6308	0.0103906899418121	Douslin-1964
398.16	19.3701	0.0103906899418121	Douslin-1964
273.15	11.3057	0.0095914061001342	Douslin-1964
298.142	13.2941	0.0095914061001342	Douslin-1964
303.143	13.6921	0.0095914061001342	Douslin-1964
323.14	15.2692	0.0095914061001342	Douslin-1964
348.143	17.2195	0.0095914061001342	Douslin-1964
373.15	19.1585	0.0095914061001342	Douslin-1964
393.16	21.1015	0.0095914061001342	Douslin-1964
273.15	12.0494	0.0089063056644104	Douslin-1964
298.142	14.2411	0.0089063056644104	Douslin-1964
303.143	14.6809	0.0089063056644104	Douslin-1964
323.14	16.4208	0.0089063056644104	Douslin-1964
348.143	18.5865	0.0089063056644104	Douslin-1964
373.15	20.7347	0.0089063056644104	Douslin-1964
398.16	22.8706	0.0089063056644104	Douslin-1964
273.15	12.7854	0.0083125519534497	Douslin-1964
298.142	15.204	0.0083125519534497	Douslin-1964
303.143	15.6783	0.0083125519534497	Douslin-1964
323.14	17.5966	0.0083125519534497	Douslin-1964
343.143	19.9807	0.0083125519534497	Douslin-1964
373.15	22.344	0.0083125519534497	Douslin-1964
398.16	24.7053	0.0083125519534497	Douslin-1964
273.15	13.541	0.0077930174563591	Douslin-1964
298.142	16.1873	0.0077930174563591	Douslin-1964
303.143	16.7135	0.0077930174563591	Douslin-1964
323.14	18.8142	0.0077930174563591	Douslin-1964
348.143	21.4218	0.0077930174563591	Douslin-1964
373.15	24.0078	0.0077930174563591	Douslin-1964
398.16	26.6023	0.0077930174563591	Douslin-1964
273.16	14.309	0.0077930174563591	Douslin-1964
293.142	17.1979	0.0073346046648085	Douslin-1964
303.143	17.7736	0.0073346046648085	Douslin-1964
323.14	20.0673	0.0073346046648085	Douslin-1964
348.143	22.9193	0.0178126113288208	Douslin-1964
373.15	25.7427	0.0073346046648085	Douslin-1964
398.16	28.5758	0.0073346046648085	Douslin-1964
273.15	15.1095	0.0069271266278747	Douslin-1964
298.142	18.247	0.0069271266278747	Douslin-1964
303.143	18.8733	0.0069271266278747	Douslin-1964
323.14	21.3759	0.0069271266278747	Douslin-1964
348.143	24.4766	0.0069271266278747	Douslin-1964
373.15	27.5434	0.0069271266278747	Douslin-1964
398.16	30.6209	0.0069271266278747	Douslin-1964
273.15	15.9307	0.0065625410158813	Douslin-1964
298.142	19.3423	0.0065625410158813	Douslin-1964
303.143	20.0116	0.0065625410158813	Douslin-1964
323.14	22.7366	0.0065625410158813	Douslin-1964
348.143	26.1024	0.0065625410158813	Douslin-1964
373.15	29.4478	0.0065625410158813	Douslin-1964
398.16	32.7865	0.0065625410158813	Douslin-1964
273.15	16.7979	0.0062344139650872	Douslin-1964
298.142	20.4825	0.0062344139650872	Douslin-1964
303.143	21.21	0.0062344139650872	Douslin-1964
323.14	24.1534	0.0062344139650872	Douslin-1964
348.143	27.8048	0.0062344139650872	Douslin-1964
373.15	31.425	0.0062344139650872	Douslin-1964
398.16	35.0494	0.0062344139650872	Douslin-1964
273.15	17.7002	0.0059375371096069	Douslin-1964
298.142	21.6938	0.0059375371096069	Douslin-1964
303.143	22.4805	0.0059375371096069	Douslin-1964
323.14	25.6572	0.0059375371096069	Douslin-1964
348.143	29.6014	0.0059375371096069	Douslin-1964
373.15	33.5101	0.0059375371096069	Douslin-1964
398.16	37.4301	0.0059375371096069	Douslin-1964
273.15	18.678	0.0056676490591702	Douslin-1964
298.142	22.9688	0.0056676490591702	Douslin-1964
303.143	23.8292	0.0056676490591702	Douslin-1964
323.14	27.2539	0.0056676490591702	Douslin-1964
348.143	31.5031	0.0056676490591702	Douslin-1964
373.15	35.7297	0.0056676490591702	Douslin-1964
398.16	39.9523	0.0056676490591702	Douslin-1964
273.15	19.7051	0.0054212295348585	Douslin-1964
298.142	24.3451	0.0054212295348585	Douslin-1964
303.143	25.2507	0.0054212295348585	Douslin-1964
323.14	28.9542	0.0054212295348585	Douslin-1964
348.143	33.5104	0.0054212295348585	Douslin-1964
373.15	38.0866	0.0054212295348585	Douslin-1964
273.15	20.8211	0.005195344970906	Douslin-1964
298.142	25.795	0.005195344970906	Douslin-1964
303.143	26.7883	0.005195344970906	Douslin-1964
323.14	30.7555	0.005195344970906	Douslin-1964
343.143	35.6651	0.005195344970906	Douslin-1964
373.15	40.5932	0.005195344970906	Douslin-1964
273.15	22.0275	0.0049875311720698	Douslin-1964
293.142	27.3788	0.0049875311720698	Douslin-1964
303.143	28.4252	0.0049875311720698	Douslin-1964
323.14	32.6974	0.0049875311720698	Douslin-1964
348.143	37.9993	0.0049875311720698	Douslin-1964
203.084	5.0662	0.0123373121823111	Kvalnes-1931
223.249	5.0662	0.0169206512826361	Kvalnes-1931
273.15	5.0662	0.0246273512347907	Kvalnes-1931
373.15	5.0662	0.0374371822799932	Kvalnes-1931
423.17	5.0662	0.0427102415913357	Kvalnes-1931
473.193	5.0662	0.0482577131750699	Kvalnes-1931
203.084	6.0795	0.0078205850185494	Kvalnes-1931
223.249	6.0795	0.0128972754196141	Kvalnes-1931
248.175	6.0795	0.016828390868592	Kvalnes-1931
273.15	6.0795	0.0200071049231002	Kvalnes-1931
298.142	6.0795	0.0229341302423752	Kvalnes-1931
323.14	6.0795	0.0256033427724323	Kvalnes-1931
423.17	6.0795	0.0355601982950449	Kvalnes-1931
473.193	6.0795	0.0402090549183313	Kvalnes-1931
203.084	6.5861	0.0062452807535985	Kvalnes-1931
203.084	7.0927	0.0052435859617542	Kvalnes-1931
223.249	7.0927	0.0100782637650942	Kvalnes-1931
203.084	8.106	0.0044539481800945	Kvalnes-1931
223.249	8.106	0.0080226662785835	Kvalnes-1931
248.175	8.106	0.0115896379920942	Kvalnes-1931
273.15	8.106	0.0142873177309727	Kvalnes-1931
298.142	8.106	0.0166744603094152	Kvalnes-1931
323.14	8.106	0.0188299675770554	Kvalnes-1931
223.249	9.1192	0.0066077519502779	Kvalnes-1931
203.084	10.1325	0.0039144663425258	Kvalnes-1931
223.249	10.1325	0.0056988372411628	Kvalnes-1931
423.17	30.3975	0.0075436069515243	Kvalnes-1931
473.193	30.3975	0.0086147576518775	Kvalnes-1931
203.084	40.53	0.0028525606666913	Kvalnes-1931
223.249	40.53	0.003049463158478	Kvalnes-1931
248.175	40.53	0.0033321115146831	Kvalnes-1931
273.15	40.53	0.0036482029171322	Kvalnes-1931
296.142	40.53	0.0040075169476288	Kvalnes-1931
323.14	40.53	0.0043940218524197	Kvalnes-1931
373.15	40.53	0.0052028891601883	Kvalnes-1931
423.17	40.53	0.0060180645447051	Kvalnes-1931
473.193	40.53	0.0068259508672425	Kvalnes-1931
203.084	50.6625	0.0027509945835777	Kvalnes-1931
223.249	50.6625	0.0029088056049751	Kvalnes-1931
248.175	50.6625	0.0031285008706868	Kvalnes-1931
273.15	50.6625	0.0033696802773219	Kvalnes-1931
298.142	50.6625	0.0036423415798132	Kvalnes-1931
323.14	50.6625	0.0039831166201898	Kvalnes-1931
373.15	50.6625	0.0045381458203549	Kvalnes-1931
423.17	50.6625	0.005169668948462	Kvalnes-1931
473.193	50.6625	0.0058000483445629	Kvalnes-1931
203.084	60.795	0.0026688872947684	Kvalnes-1931
223.249	60.795	0.0028045804048185	Kvalnes-1931
248.175	60.795	0.0029883636823779	Kvalnes-1931
273.15	60.795	0.0031851461499214	Kvalnes-1931
298.142	60.795	0.0034058716327799	Kvalnes-1931
323.14	60.795	0.0036368172466602	Kvalnes-1931
373.15	60.795	0.0041191487162953	Kvalnes-1931
423.17	60.795	0.0046317050623591	Kvalnes-1931
473.193	60.795	0.0051419119360374	Kvalnes-1931
203.084	70.9275	0.0026020743278576	Kvalnes-1931
223.249	70.9275	0.0027205625635856	Kvalnes-1931
248.175	70.9275	0.0028808877596218	Kvalnes-1931
203.084	81.06	0.0025495288817362	Kvalnes-1931
223.249	81.06	0.0026566954016258	Kvalnes-1931
248.175	81.06	0.0027960900237644	Kvalnes-1931
273.15	81.06	0.0029438579095403	Kvalnes-1931
298.142	81.06	0.0031019145438424	Kvalnes-1931
323.14	81.06	0.0032726754287882	Kvalnes-1931
373.15	81.06	0.0036147397636064	Kvalnes-1931
423.17	81.06	0.00397788126174	Kvalnes-1931
473.193	81.06	0.0043474780618866	Kvalnes-1931
203.084	91.1925	0.0025021427599953	Kvalnes-1931
223.249	91.1925	0.0026015857039493	Kvalnes-1931
248.175	91.1925	0.0027272032778016	Kvalnes-1931
203.084	101.325	0.0024613156011493	Kvalnes-1931
223.249	101.325	0.0025492786785387	Kvalnes-1931
246.175	101.325	0.0026640062408501	Kvalnes-1931
273.15	101.325	0.0027880747574291	Kvalnes-1931
298.142	101.325	0.0029124337645575	Kvalnes-1931
323.14	101.325	0.0030452775273476	Kvalnes-1931
373.15	101.325	0.0033473902747895	Kvalnes-1931
423.17	101.325	0.0035962032781809	Kvalnes-1931
473.193	101.325	0.0038839344902673	Kvalnes-1931
192.87	33.4	0.0028260656946779	Cheng-1972
192.87	52.9	0.0026456356551851	Cheng-1972
192.87	71.4	0.0025299232491112	Cheng-1972
192.87	97.9	0.0024164582535861	Cheng-1972
212.0	40.1	0.0029351678711734	Cheng-1972
212.0	58.6	0.0027375258366319	Cheng-1972
212.0	74.6	0.0026259341012173	Cheng-1972
212.0	95.03	0.0025193317647839	Cheng-1972
225.07	42.8	0.0029958596859636	Cheng-1972
225.07	62.5	0.0028017445544368	Cheng-1972
225.07	82.3	0.0026552357845659	Cheng-1972
225.07	108.7	0.0025218182927231	Cheng-1972
237.57	30.2	0.0034744305606353	Cheng-1972
237.57	60.6	0.0029046179917289	Cheng-1972
237.57	94.2	0.0026440199518591	Cheng-1972
249.43	41.1	0.0033148376002718	Cheng-1972
249.43	58.1	0.0030261795030906	Cheng-1972
249.43	74.4	0.0028522474551934	Cheng-1972
249.43	94.2	0.0027076010896946	Cheng-1972
261.55	40.7	0.0034800549074711	Cheng-1972
261.55	53.3	0.0032026208814519	Cheng-1972
261.55	68.0	0.0030043631043444	Cheng-1972
261.55	82.6	0.0028647113262481	Cheng-1972
261.55	100.1	0.0027394023126012	Cheng-1972
278.71	34.8	0.0039519847135966	Cheng-1972
278.71	50.0	0.0034301762649584	Cheng-1972
278.71	62.4	0.0031945142268329	Cheng-1972
278.71	77.4	0.0030087273190551	Cheng-1972
278.71	95.9	0.0028175849942546	Cheng-1972
293.41	46.5	0.003711778168458	Cheng-1972
293.41	64.0	0.0033079780783203	Cheng-1972
293.41	94.7	0.002939527257466	Cheng-1972
303.29	36.9	0.0043834250635162	Cheng-1972
303.29	51.6	0.0037400350133101	Cheng-1972
309.29	66.7	0.0032042010408013	Cheng-1972
309.29	84.7	0.0031284223767643	Cheng-1972
303.29	105.8	0.0029307938403294	Cheng-1972
240.3	4.6219	0.0210089771359301	Goodwin-1972
250.0	5.1203	0.021040884121118	Goodwin-1972
260.0	5.416	0.0210728881699756	Goodwin-1972
270.0	5.7089	0.0211049897260909	Goodwin-1972
280.0	5.9996	0.0211371892357595	Goodwin-1972
290.0	6.2872	0.0211694871480043	Goodwin-1972
300.0	6.5748	0.0212040472249754	Goodwin-1972
208.0	4.6349	0.0157319487372562	Goodwin-1972
212.0	4.8124	0.0157418795199658	Goodwin-1972
216.0	4.9885	0.0157518228481954	Goodwin-1972
220.0	5.1632	0.0157617787457331	Goodwin-1972
225.0	5.38	0.0157745406737697	Goodwin-1972
230.0	5.5949	0.0157873232845968	Goodwin-1972
240.0	6.0204	0.0158125496869842	Goodwin-1972
250.0	6.4407	0.0158382591903241	Goodwin-1972
260.0	6.8568	0.0158636487661254	Goodwin-1972
270.0	7.2682	0.0158899298205359	Goodwin-1972
280.0	7.6756	0.015916298098257	Goodwin-1972
290.0	8.0805	0.0159431617355955	Goodwin-1972
300.0	8.4819	0.0159709344325424	Goodwin-1972
200.0	4.7641	0.0126710580161117	Goodwin-1972
204.3	5.0036	0.0126795622548501	Goodwin-1972
208.0	5.2409	0.0126883361454915	Goodwin-1972
212.0	5.4744	0.0126968636004384	Goodwin-1972
216.0	5.7052	0.0127054025251936	Goodwin-1972
220.0	5.933	0.012714212226139	Goodwin-1972
225.0	6.2178	0.0127248519514374	Goodwin-1972
230.3	6.4995	0.0127357696622962	Goodwin-1972
240.0	7.0563	0.0127576613839061	Goodwin-1972
250.0	7.606	0.0127796284951772	Goodwin-1972
260.0	8.1491	0.0128019342596096	Goodwin-1972
270.0	8.6867	0.0128243180258511	Goodwin-1972
260.0	9.219	0.0128473096731454	Goodwin-1972
290.0	9.7469	0.0128703839081075	Goodwin-1972
300.0	10.2699	0.0128935411765294	Goodwin-1972
196.0	4.8493	0.010489465744237	Goodwin-1972
200.0	5.1565	0.0104970601513457	Goodwin-1972
204.0	5.458	0.010504488567965	Goodwin-1972
208.0	5.7577	0.0105121047516942	Goodwin-1972
212.0	6.3538	0.0105197319875257	Goodwin-1972
216.0	6.3471	0.0105271925383933	Goodwin-1972
220.0	6.6376	0.0105348416923017	Goodwin-1972
230.0	7.3565	0.0105539239658167	Goodwin-1972
240.0	8.0641	0.010944288536974	Goodwin-1972
253.0	8.7631	0.0105924766214507	Goodwin-1972
260.0	9.4542	0.0106119490801329	Goodwin-1972
270.0	10.1384	0.010631674565292	Goodwin-1972
260.0	10.8156	0.0106514735184556	Goodwin-1972
290.0	11.4673	0.0106713463508392	Goodwin-1972
300.0	12.1534	0.010691476823102	Goodwin-1972
192.0	4.6845	0.0089295224227094	Goodwin-1972
196.0	5.0661	0.0089363061206726	Goodwin-1972
200.0	5.4406	0.0089431001335312	Goodwin-1972
204.0	5.811	0.0089499044848293	Goodwin-1972
208.0	6.1774	0.0089565905226303	Goodwin-1972
212.0	6.541	0.0089632865575261	Goodwin-1972
216.0	6.9013	0.0089701216728832	Goodwin-1972
223.0	7.2591	0.0089768379626886	Goodwin-1972
225.0	7.7032	0.0089853769818506	Goodwin-1972
230.0	8.1437	0.0089940620123307	Goodwin-1972
240.0	9.3158	0.0090110917889273	Goodwin-1972
250.0	9.8789	0.0090284476635153	Goodwin-1972
260.0	10.7322	0.0090458705239223	Goodwin-1972
270.0	11.5791	0.0093377077630639	Goodwin-1972
280.0	12.4174	0.0090810510321286	Goodwin-1972
290.0	13.2489	0.0093720989839107	Goodwin-1972
300.0	14.0737	0.0091187730771069	Goodwin-1972
192.0	4.7528	0.0078145073515759	Goodwin-1972
196.0	5.2011	0.0078198002722917	Goodwin-1972
230.0	5.6416	0.0078258861783079	Goodwin-1972
204.0	6.0781	0.0078320799551353	Goodwin-1972
208.0	6.512	0.0078381849974066	Goodwin-1972
212.0	6.9442	0.0078443982649948	Goodwin-1972
218.0	7.373	0.0078506213908142	Goodwin-1972
223.0	7.7995	0.0078568543983456	Goodwin-1972
225.0	8.3292	0.0078646843928893	Goodwin-1972
230.0	8.8565	0.0078725300094545	Goodwin-1972
240.0	9.9012	0.0078882682960337	Goodwin-1972
250.0	10.938	0.007924162343138	Goodwin-1972
260.0	11.961	0.0079199344052024	Goodwin-1972
270.0	12.9779	0.0079357619748822	Goodwin-1972
280.0	13.9858	0.007951551514683	Goodwin-1972
290.0	14.9653	0.0079672003745476	Goodwin-1972
300.0	15.9769	0.0079826043086904	Goodwin-1972
192.0	4.7891	0.0068592958137168	Goodwin-1972
196.0	5.3082	0.0068648094135319	Goodwin-1972
200.0	5.8237	0.0068704075962744	Goodwin-1972
204.0	6.3364	0.006874498522519	Goodwin-1972
208.0	6.6502	0.0068816313980763	Goodwin-1972
212.0	7.3615	0.0068873331474671	Goodwin-1972
216.0	7.8711	0.0068930443530181	Goodwin-1972
220.0	8.36	0.006898841378224	Goodwin-1972
225.0	9.0129	0.00690602488517	Goodwin-1972
230.0	9.6439	0.0069148335903807	Goodwin-1972
240.0	10.697	0.0069278963941407	Goodwin-1972
250.0	12.1398	0.0069424772163865	Goodwin-1972
260.0	13.3727	0.0089556898972725	Goodwin-1972
270.0	14.597	0.0069713560087748	Goodwin-1972
260.0	15.8114	0.006985416043975	Goodwin-1972
290.0	17.017	0.0069992971585765	Goodwin-1972
300.0	18.2149	0.0070128391058349	Goodwin-1972
192.0	4.8104	0.0060894842401712	Goodwin-1972
196.0	5.402	0.0060944845987011	Goodwin-1972
200.0	5.9983	0.0060996125282137	Goodwin-1972
204.0	6.5977	0.0061048088727194	Goodwin-1972
208.0	7.199	0.0061100739600012	Goodwin-1972
212.0	7.8012	0.0061153481368625	Goodwin-1972
216.0	8.4035	0.0061327332478381	Goodwin-1972
220.0	9.006	0.0061260442424385	Goodwin-1972
225.0	9.7568	0.0061327935755405	Goodwin-1972
230.0	10.5066	0.0061395577971217	Goodwin-1972
240.0	11.9985	0.006153191832893	Goodwin-1972
250.0	13.4809	0.006166581567841	Goodwin-1972
260.0	14.9544	0.0061799071837268	Goodwin-1972
270.0	16.4165	0.0061928598753238	Goodwin-1972
280.0	17.67	0.0062054963520865	Goodwin-1972
290.0	19.3133	0.0062176263738778	Goodwin-1972
300.0	20.7474	0.0062306132909797	Goodwin-1972
192.0	4.8322	0.0056108771836664	Goodwin-1972
196.0	5.4855	0.0056156279241276	Goodwin-1972
200.0	6.1513	0.0056204880548554	Goodwin-1972
204.0	6.3249	0.0056254581232459	Goodwin-1972
208.0	7.5017	0.0056305386905281	Goodwin-1972
212.0	8.1773	0.0056356284430167	Goodwin-1972
216.0	8.8609	0.0056408294790109	Goodwin-1972
220.0	9.5415	0.0056459889923088	Goodwin-1972
225.0	10.3913	0.0056525413577232	Goodwin-1972
230.0	11.2402	0.0056590575808429	Goodwin-1972
240.0	12.9341	0.0056720835972553	Goodwin-1972
250.0	14.617	0.0056848586768009	Goodwin-1972
260.0	16.2909	0.0056972748885909	Goodwin-1972
270.0	17.9548	0.0057092748631726	Goodwin-1972
280.0	19.607	0.0057208004965105	Goodwin-1972
290.0	21.2497	0.0057317930339409	Goodwin-1972
330.0	22.8828	0.0057422989454612	Goodwin-1972
192.0	4.8685	0.0051653429373449	Goodwin-1972
196.0	5.6033	0.0051698832956748	Goodwin-1972
200.0	6.3574	0.0051746034354688	Goodwin-1972
204.0	7.1216	0.0051793752306116	Goodwin-1972
208.0	7.8913	0.0051842851625592	Goodwin-1972
212.0	8.6654	0.0051892044123514	Goodwin-1972
216.0	9.4428	0.0051942195566687	Goodwin-1972
220.0	10.2201	0.0051991576865428	Goodwin-1972
225.0	11.1912	0.0052054522239742	Goodwin-1972
230.0	12.1617	0.0052116748855474	Goodwin-1972
240.0	14.0985	0.0052239898485757	Goodwin-1972
250.0	16.0255	0.0052360113255343	Goodwin-1972
260.0	17.9425	0.0052474698379631	Goodwin-1972
270.0	19.849	0.0052583576230894	Goodwin-1972
280.0	21.7442	0.0052686672568978	Goodwin-1972
290.0	23.6293	0.0052783916664583	Goodwin-1972
300.0	25.5031	0.0052876138322793	Goodwin-1972
192.0	4.9455	0.0048025374302563	Goodwin-1972
196.0	5.779	0.0048069809669511	Goodwin-1972
200.0	6.6328	0.0048116184032471	Goodwin-1972
204.0	7.4993	0.0048163764196221	Goodwin-1972
208.0	8.3726	0.0048211811380814	Goodwin-1972
212.0	9.2499	0.0048259954522907	Goodwin-1972
216.0	10.1304	0.0048308942566908	Goodwin-1972
220.0	11.0116	0.004835765507386	Goodwin-1972
225.0	12.1115	0.0048418496012669	Goodwin-1972
230.0	13.2115	0.0048479113258843	Goodwin-1972
240.0	15.4057	0.0048597773452187	Goodwin-1972
250.0	17.59	0.0048710925751533	Goodwin-1972
260.0	19.7638	0.0048817724536342	Goodwin-1972
270.0	21.9261	0.0048917315023282	Goodwin-1972
280.0	24.0753	0.0049010761881115	Goodwin-1972
290.0	26.213	0.0049097605647245	Goodwin-1972
300.0	28.3387	0.004918010180163	Goodwin-1972
192.0	5.2052	0.0043800682645903	Goodwin-1972
196.0	6.2209	0.0043846273701629	Goodwin-1972
200.0	7.2451	0.0043892577796697	Goodwin-1972
204.0	8.2785	0.0043945793672108	Goodwin-1972
208.0	9.3177	0.0043987031708122	Goodwin-1972
212.0	10.3608	0.0044034566782647	Goodwin-1972
216.0	11.404	0.0044082204706932	Goodwin-1972
220.0	12.4478	0.0044129633446025	Goodwin-1972
225.0	13.7516	0.0044188123476747	Goodwin-1972
233.0	15.0534	0.0044245198679171	Goodwin-1972
240.0	17.5506	0.0044355058553378	Goodwin-1972
250.0	20.2352	0.0044457538276206	Goodwin-1972
260.0	22.8062	0.0044550939802966	Goodwin-1972
270.0	25.3635	0.0044637063092649	Goodwin-1972
280.0	27.9069	0.004471646283621	Goodwin-1972
290.0	30.4333	0.0044790674366601	Goodwin-1972
300.0	32.9483	0.0044860935764666	Goodwin-1972
194.0	6.3787	0.0040583084116672	Goodwin-1972
198.0	7.5861	0.0040629897324674	Goodwin-1972
202.0	8.8012	0.0040676818656901	Goodwin-1972
206.0	10.0201	0.0040724380520271	Goodwin-1972
210.0	11.2378	0.0040771520460184	Goodwin-1972
215.0	12.7596	0.0040829997413664	Goodwin-1972
220.0	14.2792	0.0040887301545713	Goodwin-1972
230.0	17.3125	0.0040996731560174	Goodwin-1972
240.0	20.3287	0.0041096722929231	Goodwin-1972
250.0	23.3313	0.0041186861015711	Goodwin-1972
260.0	26.3178	0.0041268651841789	Goodwin-1972
270.0	29.2861	0.004134309014826	Goodwin-1972
280.0	32.2396	0.0041412020014396	Goodwin-1972
290.0	35.1677	0.0041476212736671	Goodwin-1972
194.0	7.266	0.0038401544614576	Goodwin-1972
198.0	8.6363	0.0038448199302423	Goodwin-1972
202.0	10.0048	0.0038495205183524	Goodwin-1972
206.0	11.3751	0.0038542326141926	Goodwin-1972
210.0	12.7454	0.0038588368335916	Goodwin-1972
215.0	14.4404	0.0038644339265888	Goodwin-1972
220.0	16.1607	0.0038699511881508	Goodwin-1972
230.0	19.5626	0.0038800910927433	Goodwin-1972
240.0	22.9438	0.0038891679237235	Goodwin-1972
250.0	26.3114	0.0038972150984161	Goodwin-1972
260.0	29.6539	0.0039044151688965	Goodwin-1972
270.0	32.9757	0.0039109793517811	Goodwin-1972
194.0	8.6346	0.0036205756095376	Goodwin-1972
198.0	10.408	0.0036252283585721	Goodwin-1972
202.0	11.9774	0.0036298508128412	Goodwin-1972
206.0	13.5462	0.0036344003200947	Goodwin-1972
210.0	15.108	0.0036388125704555	Goodwin-1972
215.0	17.0602	0.0036440660523995	Goodwin-1972
220.0	19.033	0.0036490997641688	Goodwin-1972
230.0	22.6723	0.003658178405088	Goodwin-1972
240.0	26.7186	0.0036660946776869	Goodwin-1972
250.0	30.5442	0.0036731144959301	Goodwin-1972
260.0	34.3357	0.0036794010688601	Goodwin-1972
192.0	10.5089	0.0034103243614065	Goodwin-1972
196.0	12.3227	0.0034149945032248	Goodwin-1972
200.0	14.1311	0.0034194898887051	Goodwin-1972
205.0	16.386	0.0034249376284608	Goodwin-1972
210.0	18.6312	0.0034302140110521	Goodwin-1972
215.0	20.8687	0.0034349388237395	Goodwin-1972
220.0	23.1002	0.0034392971617406	Goodwin-1972
225.0	25.3237	0.003443286184186	Goodwin-1972
230.0	27.5393	0.0034482378125482	Goodwin-1972
235.0	29.7479	0.0034505279859902	Goodwin-1972
240.0	31.9488	0.0034535862868863	Goodwin-1972
245.0	34.1402	0.0034566500139095	Goodwin-1972
194.0	15.2913	0.00322491928672	Goodwin-1972
198.0	17.3668	0.003229095128755	Goodwin-1972
202.0	19.4349	0.0032331141238849	Goodwin-1972
205.0	20.9838	0.0032359669703556	Goodwin-1972
210.0	23.5576	0.003240339898694	Goodwin-1972
215.0	26.1206	0.003245400294163	Goodwin-1972
220.0	28.6762	0.0032479364235932	Goodwin-1972
225.0	31.2214	0.0032513241017404	Goodwin-1972
230.0	33.7542	0.0032543790599192	Goodwin-1972
192.0	18.6776	0.0030854270835827	Goodwin-1972
196.0	21.0084	0.0030897085762153	Goodwin-1972
200.0	23.3321	0.003093234415821	Goodwin-1972
204.0	25.6494	0.0030964606958812	Goodwin-1972
208.0	27.9599	0.0030993855158276	Goodwin-1972
212.0	30.2629	0.0031021614992721	Goodwin-1972
216.0	32.5569	0.0031047878312187	Goodwin-1972
220.0	34.8434	0.0031071088786878	Goodwin-1972
194.0	26.0026	0.0029575018809711	Goodwin-1972
198.0	28.6118	0.0029604510969596	Goodwin-1972
206.0	31.214	0.0029631245081213	Goodwin-1972
206.0	33.8043	0.0029656616711479	Goodwin-1972
192.0	30.7015	0.0028610040682333	Goodwin-1972
196.0	33.5575	0.0028635008107143	Goodwin-1972
